2 1 
3 1 
4 1 
5 1 
6 1 
7 1 
8 1 
9 1 
10 1 
11 1 
12 1 
13 1 
14 1 
15 1 
20 1 
21 1 
23 1 
24 1 
27 1 
31 1 
34 1 
35 1 
38 1 
40 1 
77 1 
89 1 
93 1 
97 1 
101 1 
109 1 
112 1 
122 1 
127 1 
145 1 
154 1 
155 1 
156 1 
159 1 
168 1 
171 1 
178 1 
190 1 
197 1 
200 1 
202 1 
207 1 
217 1 
227 1 
234 1 
235 1 
236 1 
250 1 
256 1 
259 1 
279 1 
288 1 
304 1 
308 1 
324 1 
331 1 
349 1 
353 1 
363 1 
368 1 
377 1 
382 1 
385 1 
392 1 
400 1 
401 1 
402 1 
410 1 
424 1 
444 1 
468 1 
471 1 
476 1 
533 1 
538 1 
559 1 
579 1 
580 1 
605 1 
647 1 
670 1 
685 1 
711 1 
728 1 
731 1 
739 1 
754 1 
766 1 
1 2 
3 2 
4 2 
8 2 
9 2 
11 2 
23 2 
32 2 
51 2 
61 2 
92 2 
161 2 
187 2 
247 2 
310 2 
377 2 
444 2 
483 2 
563 2 
638 2 
710 2 
711 2 
763 2 
766 2 
1 3 
2 3 
4 3 
5 3 
7 3 
8 3 
10 3 
11 3 
13 3 
14 3 
15 3 
17 3 
18 3 
19 3 
20 3 
26 3 
27 3 
29 3 
30 3 
32 3 
40 3 
45 3 
54 3 
55 3 
62 3 
64 3 
68 3 
69 3 
76 3 
91 3 
100 3 
101 3 
126 3 
139 3 
147 3 
170 3 
174 3 
183 3 
184 3 
185 3 
186 3 
189 3 
202 3 
217 3 
221 3 
234 3 
247 3 
248 3 
271 3 
301 3 
304 3 
308 3 
313 3 
314 3 
328 3 
333 3 
355 3 
361 3 
373 3 
375 3 
393 3 
398 3 
400 3 
407 3 
419 3 
425 3 
427 3 
435 3 
445 3 
447 3 
451 3 
464 3 
470 3 
482 3 
486 3 
494 3 
518 3 
521 3 
526 3 
545 3 
559 3 
567 3 
601 3 
609 3 
631 3 
635 3 
643 3 
645 3 
670 3 
680 3 
717 3 
722 3 
733 3 
737 3 
742 3 
768 3 
1 4 
2 4 
3 4 
5 4 
6 4 
7 4 
8 4 
9 4 
11 4 
17 4 
18 4 
21 4 
22 4 
23 4 
24 4 
26 4 
27 4 
29 4 
30 4 
32 4 
35 4 
36 4 
44 4 
45 4 
47 4 
48 4 
49 4 
51 4 
52 4 
56 4 
57 4 
62 4 
69 4 
70 4 
72 4 
79 4 
81 4 
85 4 
93 4 
109 4 
115 4 
118 4 
119 4 
122 4 
134 4 
135 4 
143 4 
154 4 
155 4 
163 4 
168 4 
170 4 
174 4 
177 4 
182 4 
186 4 
187 4 
188 4 
193 4 
199 4 
200 4 
214 4 
218 4 
231 4 
233 4 
235 4 
246 4 
259 4 
278 4 
280 4 
308 4 
310 4 
319 4 
340 4 
349 4 
350 4 
354 4 
365 4 
379 4 
385 4 
389 4 
393 4 
401 4 
406 4 
411 4 
418 4 
427 4 
432 4 
439 4 
442 4 
456 4 
460 4 
466 4 
483 4 
490 4 
491 4 
492 4 
493 4 
505 4 
509 4 
510 4 
518 4 
529 4 
536 4 
537 4 
543 4 
556 4 
574 4 
578 4 
588 4 
610 4 
612 4 
661 4 
663 4 
680 4 
685 4 
686 4 
697 4 
709 4 
717 4 
720 4 
722 4 
734 4 
745 4 
751 4 
753 4 
763 4 
773 4 
775 4 
780 4 
788 4 
791 4 
1 5 
3 5 
4 5 
6 5 
7 5 
8 5 
10 5 
12 5 
13 5 
14 5 
16 5 
19 5 
21 5 
23 5 
24 5 
25 5 
26 5 
29 5 
37 5 
38 5 
42 5 
46 5 
47 5 
50 5 
55 5 
57 5 
58 5 
59 5 
60 5 
66 5 
68 5 
76 5 
86 5 
88 5 
91 5 
95 5 
105 5 
107 5 
109 5 
111 5 
119 5 
121 5 
130 5 
132 5 
136 5 
139 5 
146 5 
151 5 
155 5 
166 5 
167 5 
204 5 
209 5 
229 5 
239 5 
258 5 
262 5 
264 5 
267 5 
275 5 
279 5 
286 5 
289 5 
294 5 
301 5 
313 5 
344 5 
360 5 
361 5 
367 5 
394 5 
397 5 
413 5 
429 5 
434 5 
485 5 
492 5 
495 5 
496 5 
518 5 
537 5 
560 5 
574 5 
584 5 
587 5 
591 5 
607 5 
610 5 
612 5 
622 5 
634 5 
637 5 
667 5 
680 5 
701 5 
716 5 
750 5 
754 5 
792 5 
797 5 
1 6 
4 6 
5 6 
9 6 
10 6 
13 6 
14 6 
18 6 
20 6 
25 6 
28 6 
29 6 
30 6 
33 6 
35 6 
45 6 
47 6 
48 6 
49 6 
56 6 
57 6 
60 6 
63 6 
65 6 
77 6 
78 6 
87 6 
89 6 
103 6 
125 6 
129 6 
152 6 
164 6 
168 6 
172 6 
186 6 
206 6 
237 6 
250 6 
253 6 
265 6 
299 6 
307 6 
321 6 
443 6 
449 6 
460 6 
462 6 
464 6 
489 6 
509 6 
510 6 
517 6 
550 6 
555 6 
564 6 
616 6 
652 6 
688 6 
733 6 
747 6 
757 6 
761 6 
771 6 
1 7 
3 7 
4 7 
5 7 
10 7 
12 7 
14 7 
15 7 
16 7 
17 7 
19 7 
22 7 
24 7 
30 7 
33 7 
34 7 
36 7 
37 7 
38 7 
39 7 
43 7 
44 7 
46 7 
48 7 
49 7 
51 7 
52 7 
53 7 
57 7 
66 7 
70 7 
71 7 
72 7 
73 7 
75 7 
78 7 
79 7 
80 7 
83 7 
84 7 
85 7 
88 7 
99 7 
102 7 
106 7 
114 7 
115 7 
117 7 
118 7 
124 7 
128 7 
129 7 
154 7 
157 7 
159 7 
177 7 
181 7 
184 7 
186 7 
192 7 
194 7 
202 7 
207 7 
211 7 
224 7 
233 7 
251 7 
267 7 
276 7 
309 7 
315 7 
318 7 
322 7 
326 7 
332 7 
337 7 
357 7 
394 7 
420 7 
423 7 
426 7 
431 7 
438 7 
440 7 
453 7 
463 7 
482 7 
484 7 
528 7 
537 7 
542 7 
557 7 
565 7 
572 7 
573 7 
574 7 
575 7 
581 7 
599 7 
605 7 
606 7 
620 7 
645 7 
679 7 
693 7 
708 7 
722 7 
731 7 
752 7 
756 7 
800 7 
1 8 
2 8 
3 8 
4 8 
5 8 
11 8 
26 8 
44 8 
51 8 
62 8 
70 8 
75 8 
99 8 
101 8 
115 8 
127 8 
138 8 
161 8 
175 8 
187 8 
205 8 
210 8 
223 8 
227 8 
243 8 
259 8 
260 8 
263 8 
311 8 
344 8 
359 8 
368 8 
375 8 
396 8 
417 8 
418 8 
421 8 
445 8 
447 8 
490 8 
496 8 
516 8 
539 8 
573 8 
578 8 
631 8 
658 8 
670 8 
692 8 
754 8 
796 8 
1 9 
2 9 
4 9 
6 9 
10 9 
11 9 
15 9 
18 9 
21 9 
22 9 
33 9 
36 9 
40 9 
61 9 
63 9 
72 9 
77 9 
80 9 
92 9 
97 9 
98 9 
114 9 
135 9 
173 9 
178 9 
189 9 
190 9 
195 9 
208 9 
214 9 
219 9 
230 9 
252 9 
254 9 
302 9 
310 9 
324 9 
330 9 
343 9 
347 9 
350 9 
385 9 
412 9 
419 9 
431 9 
490 9 
497 9 
511 9 
514 9 
519 9 
530 9 
543 9 
547 9 
556 9 
562 9 
590 9 
593 9 
622 9 
659 9 
672 9 
674 9 
682 9 
707 9 
729 9 
733 9 
753 9 
759 9 
760 9 
769 9 
771 9 
773 9 
789 9 
800 9 
1 10 
3 10 
5 10 
6 10 
7 10 
9 10 
12 10 
13 10 
14 10 
15 10 
21 10 
27 10 
33 10 
35 10 
63 10 
99 10 
123 10 
144 10 
153 10 
157 10 
165 10 
189 10 
208 10 
233 10 
240 10 
300 10 
317 10 
344 10 
392 10 
394 10 
406 10 
413 10 
442 10 
454 10 
455 10 
464 10 
601 10 
606 10 
617 10 
618 10 
715 10 
755 10 
787 10 
798 10 
1 11 
2 11 
3 11 
4 11 
8 11 
9 11 
17 11 
26 11 
29 11 
61 11 
76 11 
81 11 
101 11 
106 11 
113 11 
138 11 
169 11 
190 11 
223 11 
243 11 
260 11 
306 11 
366 11 
369 11 
409 11 
417 11 
425 11 
441 11 
656 11 
672 11 
674 11 
683 11 
698 11 
711 11 
776 11 
1 12 
5 12 
7 12 
10 12 
16 12 
21 12 
23 12 
25 12 
31 12 
33 12 
34 12 
37 12 
38 12 
42 12 
43 12 
46 12 
57 12 
85 12 
109 12 
128 12 
129 12 
130 12 
139 12 
142 12 
144 12 
146 12 
151 12 
197 12 
200 12 
205 12 
207 12 
209 12 
251 12 
294 12 
320 12 
361 12 
363 12 
384 12 
416 12 
422 12 
424 12 
450 12 
453 12 
456 12 
463 12 
486 12 
530 12 
534 12 
560 12 
580 12 
599 12 
609 12 
622 12 
645 12 
703 12 
718 12 
729 12 
798 12 
1 13 
3 13 
5 13 
6 13 
10 13 
16 13 
18 13 
45 13 
59 13 
89 13 
100 13 
145 13 
156 13 
239 13 
241 13 
306 13 
344 13 
366 13 
384 13 
419 13 
427 13 
445 13 
457 13 
489 13 
511 13 
531 13 
571 13 
599 13 
601 13 
627 13 
671 13 
727 13 
1 14 
3 14 
5 14 
6 14 
7 14 
10 14 
15 14 
20 14 
24 14 
25 14 
27 14 
31 14 
32 14 
38 14 
39 14 
41 14 
43 14 
53 14 
54 14 
56 14 
60 14 
66 14 
71 14 
86 14 
87 14 
94 14 
99 14 
102 14 
112 14 
117 14 
119 14 
123 14 
126 14 
129 14 
131 14 
132 14 
143 14 
144 14 
150 14 
153 14 
183 14 
194 14 
202 14 
211 14 
222 14 
257 14 
264 14 
267 14 
268 14 
281 14 
287 14 
323 14 
329 14 
331 14 
356 14 
358 14 
376 14 
385 14 
405 14 
420 14 
430 14 
437 14 
467 14 
476 14 
477 14 
501 14 
528 14 
534 14 
565 14 
568 14 
601 14 
608 14 
645 14 
649 14 
664 14 
669 14 
709 14 
736 14 
764 14 
779 14 
1 15 
3 15 
7 15 
9 15 
10 15 
14 15 
17 15 
35 15 
39 15 
40 15 
53 15 
71 15 
75 15 
90 15 
104 15 
183 15 
248 15 
276 15 
282 15 
283 15 
308 15 
315 15 
363 15 
394 15 
412 15 
451 15 
454 15 
455 15 
484 15 
513 15 
522 15 
581 15 
5 16 
7 16 
12 16 
13 16 
18 16 
20 16 
26 16 
28 16 
41 16 
59 16 
60 16 
67 16 
68 16 
74 16 
81 16 
85 16 
89 16 
91 16 
105 16 
111 16 
116 16 
120 16 
141 16 
146 16 
160 16 
175 16 
180 16 
204 16 
231 16 
239 16 
241 16 
255 16 
263 16 
275 16 
301 16 
303 16 
306 16 
314 16 
325 16 
343 16 
356 16 
370 16 
373 16 
376 16 
392 16 
393 16 
409 16 
422 16 
429 16 
450 16 
467 16 
477 16 
488 16 
511 16 
519 16 
532 16 
533 16 
537 16 
548 16 
553 16 
582 16 
586 16 
611 16 
619 16 
643 16 
648 16 
663 16 
696 16 
704 16 
741 16 
758 16 
779 16 
793 16 
3 17 
4 17 
7 17 
11 17 
15 17 
29 17 
53 17 
64 17 
202 17 
224 17 
308 17 
355 17 
363 17 
393 17 
3 18 
4 18 
6 18 
9 18 
13 18 
16 18 
20 18 
30 18 
33 18 
40 18 
41 18 
45 18 
49 18 
59 18 
60 18 
63 18 
69 18 
83 18 
98 18 
130 18 
158 18 
176 18 
185 18 
239 18 
254 18 
265 18 
269 18 
271 18 
302 18 
346 18 
384 18 
395 18 
404 18 
409 18 
424 18 
441 18 
447 18 
475 18 
493 18 
497 18 
511 18 
526 18 
553 18 
566 18 
605 18 
644 18 
664 18 
694 18 
708 18 
719 18 
723 18 
746 18 
762 18 
765 18 
3 19 
5 19 
7 19 
22 19 
30 19 
34 19 
37 19 
42 19 
55 19 
58 19 
61 19 
62 19 
78 19 
82 19 
152 19 
174 19 
177 19 
186 19 
221 19 
256 19 
309 19 
337 19 
354 19 
373 19 
398 19 
415 19 
420 19 
425 19 
426 19 
437 19 
438 19 
469 19 
507 19 
552 19 
595 19 
598 19 
686 19 
693 19 
700 19 
709 19 
795 19 
1 20 
3 20 
6 20 
14 20 
16 20 
18 20 
25 20 
28 20 
32 20 
38 20 
40 20 
50 20 
53 20 
54 20 
63 20 
95 20 
100 20 
108 20 
130 20 
131 20 
150 20 
158 20 
169 20 
176 20 
180 20 
298 20 
304 20 
325 20 
373 20 
381 20 
400 20 
473 20 
479 20 
494 20 
497 20 
529 20 
554 20 
620 20 
669 20 
704 20 
713 20 
757 20 
768 20 
1 21 
4 21 
5 21 
9 21 
10 21 
12 21 
22 21 
23 21 
36 21 
50 21 
76 21 
97 21 
107 21 
142 21 
173 21 
214 21 
230 21 
231 21 
258 21 
294 21 
311 21 
349 21 
378 21 
380 21 
386 21 
416 21 
432 21 
538 21 
581 21 
622 21 
675 21 
798 21 
4 22 
7 22 
9 22 
19 22 
21 22 
36 22 
51 22 
58 22 
72 22 
78 22 
87 22 
103 22 
118 22 
152 22 
159 22 
172 22 
217 22 
231 22 
246 22 
249 22 
256 22 
341 22 
354 22 
378 22 
380 22 
451 22 
518 22 
543 22 
562 22 
570 22 
610 22 
673 22 
675 22 
730 22 
1 23 
2 23 
4 23 
5 23 
12 23 
21 23 
25 23 
27 23 
31 23 
37 23 
46 23 
50 23 
64 23 
65 23 
79 23 
142 23 
167 23 
171 23 
197 23 
209 23 
234 23 
256 23 
262 23 
288 23 
299 23 
311 23 
351 23 
377 23 
382 23 
422 23 
453 23 
478 23 
483 23 
530 23 
541 23 
568 23 
602 23 
714 23 
1 24 
4 24 
5 24 
7 24 
14 24 
31 24 
49 24 
66 24 
86 24 
155 24 
159 24 
166 24 
456 24 
542 24 
572 24 
579 24 
612 24 
681 24 
732 24 
779 24 
5 25 
6 25 
12 25 
14 25 
20 25 
23 25 
28 25 
31 25 
32 25 
39 25 
41 25 
43 25 
50 25 
52 25 
56 25 
84 25 
90 25 
93 25 
95 25 
96 25 
100 25 
103 25 
104 25 
108 25 
110 25 
116 25 
123 25 
127 25 
129 25 
134 25 
151 25 
152 25 
157 25 
160 25 
162 25 
164 25 
184 25 
205 25 
216 25 
237 25 
242 25 
268 25 
275 25 
281 25 
288 25 
305 25 
325 25 
333 25 
345 25 
374 25 
382 25 
440 25 
449 25 
469 25 
502 25 
524 25 
534 25 
546 25 
571 25 
607 25 
636 25 
652 25 
700 25 
745 25 
778 25 
786 25 
799 25 
3 26 
4 26 
5 26 
8 26 
11 26 
16 26 
44 26 
47 26 
74 26 
75 26 
81 26 
82 26 
107 26 
120 26 
146 26 
176 26 
187 26 
203 26 
220 26 
255 26 
274 26 
280 26 
296 26 
311 26 
314 26 
340 26 
341 26 
362 26 
370 26 
404 26 
439 26 
495 26 
506 26 
554 26 
558 26 
565 26 
573 26 
604 26 
611 26 
653 26 
768 26 
1 27 
3 27 
4 27 
10 27 
14 27 
23 27 
79 27 
122 27 
123 27 
171 27 
182 27 
192 27 
240 27 
283 27 
300 27 
322 27 
520 27 
606 27 
734 27 
780 27 
6 28 
16 28 
20 28 
25 28 
41 28 
50 28 
52 28 
63 28 
92 28 
103 28 
116 28 
132 28 
133 28 
141 28 
142 28 
169 28 
224 28 
228 28 
309 28 
319 28 
321 28 
333 28 
381 28 
421 28 
473 28 
480 28 
564 28 
589 28 
757 28 
783 28 
3 29 
4 29 
5 29 
6 29 
11 29 
17 29 
47 29 
56 29 
64 29 
76 29 
77 29 
95 29 
106 29 
109 29 
134 29 
162 29 
169 29 
253 29 
265 29 
274 29 
301 29 
321 29 
323 29 
332 29 
390 29 
406 29 
426 29 
435 29 
555 29 
561 29 
600 29 
641 29 
654 29 
790 29 
3 30 
4 30 
6 30 
7 30 
18 30 
19 30 
34 30 
45 30 
48 30 
49 30 
62 30 
65 30 
67 30 
69 30 
72 30 
78 30 
82 30 
83 30 
141 30 
184 30 
188 30 
221 30 
239 30 
271 30 
295 30 
352 30 
389 30 
457 30 
464 30 
472 30 
481 30 
489 30 
507 30 
526 30 
589 30 
596 30 
634 30 
643 30 
699 30 
735 30 
761 30 
1 31 
12 31 
14 31 
23 31 
24 31 
25 31 
37 31 
42 31 
64 31 
98 31 
112 31 
205 31 
219 31 
237 31 
275 31 
305 31 
382 31 
422 31 
453 31 
478 31 
541 31 
579 31 
726 31 
729 31 
779 31 
783 31 
2 32 
3 32 
4 32 
14 32 
20 32 
25 32 
39 32 
69 32 
71 32 
95 32 
96 32 
104 32 
123 32 
126 32 
140 32 
150 32 
161 32 
187 32 
278 32 
298 32 
312 32 
313 32 
338 32 
354 32 
502 32 
552 32 
563 32 
601 32 
602 32 
603 32 
615 32 
628 32 
717 32 
766 32 
6 33 
7 33 
9 33 
10 33 
12 33 
18 33 
43 33 
44 33 
55 33 
79 33 
98 33 
140 33 
144 33 
219 33 
395 33 
582 33 
606 33 
787 33 
1 34 
7 34 
12 34 
19 34 
30 34 
72 34 
124 34 
128 34 
136 34 
146 34 
181 34 
337 34 
363 34 
450 34 
507 34 
508 34 
598 34 
605 34 
647 34 
685 34 
718 34 
1 35 
4 35 
6 35 
10 35 
15 35 
93 35 
177 35 
186 35 
207 35 
250 35 
299 35 
392 35 
394 35 
406 35 
439 35 
484 35 
500 35 
627 35 
691 35 
739 35 
4 36 
7 36 
9 36 
21 36 
22 36 
48 36 
51 36 
58 36 
73 36 
80 36 
94 36 
97 36 
103 36 
110 36 
122 36 
170 36 
200 36 
212 36 
222 36 
225 36 
226 36 
229 36 
230 36 
245 36 
246 36 
249 36 
297 36 
332 36 
364 36 
380 36 
461 36 
503 36 
539 36 
562 36 
564 36 
624 36 
647 36 
660 36 
673 36 
752 36 
5 37 
7 37 
12 37 
19 37 
23 37 
31 37 
42 37 
46 37 
59 37 
61 37 
64 37 
65 37 
73 37 
98 37 
139 37 
177 37 
182 37 
196 37 
197 37 
204 37 
247 37 
272 37 
276 37 
289 37 
305 37 
318 37 
410 37 
436 37 
438 37 
446 37 
560 37 
655 37 
722 37 
736 37 
1 38 
5 38 
7 38 
12 38 
14 38 
20 38 
53 38 
54 38 
57 38 
102 38 
126 38 
202 38 
213 38 
222 38 
304 38 
353 38 
482 38 
500 38 
622 38 
768 38 
7 39 
14 39 
15 39 
25 39 
32 39 
41 39 
71 39 
75 39 
90 39 
96 39 
119 39 
147 39 
160 39 
162 39 
190 39 
192 39 
267 39 
291 39 
312 39 
358 39 
376 39 
385 39 
397 39 
423 39 
458 39 
472 39 
524 39 
535 39 
550 39 
602 39 
623 39 
686 39 
713 39 
735 39 
760 39 
784 39 
800 39 
1 40 
3 40 
9 40 
15 40 
18 40 
20 40 
54 40 
77 40 
80 40 
114 40 
117 40 
185 40 
189 40 
302 40 
412 40 
424 40 
428 40 
455 40 
461 40 
585 40 
678 40 
14 41 
16 41 
18 41 
25 41 
28 41 
39 41 
43 41 
90 41 
93 41 
116 41 
119 41 
132 41 
174 41 
190 41 
231 41 
257 41 
287 41 
392 41 
465 41 
501 41 
507 41 
524 41 
532 41 
553 41 
590 41 
636 41 
665 41 
5 42 
12 42 
19 42 
31 42 
37 42 
58 42 
61 42 
111 42 
139 42 
182 42 
213 42 
260 42 
318 42 
373 42 
402 42 
410 42 
446 42 
516 42 
607 42 
758 42 
784 42 
788 42 
7 43 
12 43 
14 43 
25 43 
33 43 
41 43 
44 43 
56 43 
66 43 
84 43 
90 43 
94 43 
131 43 
134 43 
148 43 
149 43 
153 43 
174 43 
178 43 
211 43 
257 43 
270 43 
285 43 
328 43 
462 43 
465 43 
467 43 
469 43 
527 43 
544 43 
590 43 
705 43 
4 44 
7 44 
8 44 
26 44 
33 44 
43 44 
47 44 
55 44 
62 44 
74 44 
75 44 
79 44 
83 44 
84 44 
106 44 
120 44 
121 44 
131 44 
140 44 
178 44 
203 44 
211 44 
215 44 
220 44 
242 44 
255 44 
259 44 
297 44 
334 44 
339 44 
340 44 
341 44 
370 44 
462 44 
470 44 
532 44 
557 44 
658 44 
776 44 
777 44 
793 44 
3 45 
4 45 
6 45 
13 45 
18 45 
30 45 
48 45 
100 45 
168 45 
389 45 
432 45 
609 45 
632 45 
660 45 
661 45 
663 45 
732 45 
767 45 
5 46 
7 46 
12 46 
23 46 
37 46 
59 46 
65 46 
73 46 
88 46 
121 46 
136 46 
185 46 
204 46 
212 46 
218 46 
225 46 
229 46 
232 46 
244 46 
253 46 
261 46 
284 46 
286 46 
289 46 
300 46 
434 46 
508 46 
528 46 
530 46 
540 46 
575 46 
637 46 
701 46 
714 46 
716 46 
748 46 
4 47 
5 47 
6 47 
26 47 
29 47 
44 47 
74 47 
77 47 
82 47 
95 47 
162 47 
176 47 
240 47 
265 47 
286 47 
339 47 
439 47 
443 47 
485 47 
513 47 
688 47 
4 48 
6 48 
7 48 
30 48 
36 48 
45 48 
70 48 
73 48 
78 48 
85 48 
102 48 
112 48 
125 48 
141 48 
143 48 
170 48 
193 48 
199 48 
203 48 
228 48 
229 48 
237 48 
257 48 
318 48 
360 48 
365 48 
377 48 
433 48 
483 48 
517 48 
564 48 
576 48 
4 49 
6 49 
7 49 
18 49 
24 49 
30 49 
52 49 
65 49 
67 49 
118 49 
155 49 
166 49 
194 49 
223 49 
265 49 
271 49 
418 49 
463 49 
472 49 
475 49 
481 49 
504 49 
550 49 
561 49 
569 49 
616 49 
617 49 
621 49 
636 49 
747 49 
762 49 
772 49 
5 50 
20 50 
21 50 
23 50 
25 50 
28 50 
52 50 
76 50 
84 50 
92 50 
100 50 
167 50 
264 50 
293 50 
311 50 
380 50 
381 50 
397 50 
479 50 
568 50 
597 50 
2 51 
4 51 
7 51 
8 51 
22 51 
36 51 
58 51 
70 51 
87 51 
88 51 
94 51 
96 51 
97 51 
99 51 
159 51 
161 51 
172 51 
175 51 
188 51 
191 51 
195 51 
198 51 
277 51 
291 51 
312 51 
336 51 
341 51 
359 51 
364 51 
381 51 
430 51 
438 51 
540 51 
551 51 
633 51 
668 51 
710 51 
730 51 
749 51 
752 51 
781 51 
785 51 
799 51 
4 52 
7 52 
25 52 
28 52 
49 52 
50 52 
84 52 
92 52 
118 52 
133 52 
137 52 
142 52 
163 52 
223 52 
224 52 
278 52 
293 52 
309 52 
333 52 
337 52 
350 52 
504 52 
588 52 
778 52 
7 53 
14 53 
15 53 
17 53 
20 53 
38 53 
54 53 
71 53 
104 53 
131 53 
143 53 
148 53 
180 53 
181 53 
283 53 
285 53 
407 53 
408 53 
480 53 
482 53 
768 53 
3 54 
14 54 
20 54 
38 54 
40 54 
53 54 
102 54 
400 54 
482 54 
3 55 
5 55 
19 55 
33 55 
44 55 
68 55 
140 55 
166 55 
167 55 
178 55 
334 55 
657 55 
689 55 
739 55 
4 56 
6 56 
14 56 
25 56 
29 56 
43 56 
66 56 
148 56 
194 56 
253 56 
274 56 
281 56 
328 56 
356 56 
364 56 
416 56 
469 56 
608 56 
613 56 
664 56 
700 56 
737 56 
4 57 
5 57 
6 57 
7 57 
12 57 
38 57 
129 57 
251 57 
329 57 
527 57 
619 57 
5 58 
19 58 
22 58 
36 58 
42 58 
51 58 
87 58 
88 58 
94 58 
96 58 
103 58 
110 58 
111 58 
113 58 
179 58 
191 58 
195 58 
210 58 
222 58 
238 58 
252 58 
284 58 
291 58 
342 58 
348 58 
373 58 
402 58 
408 58 
430 58 
518 58 
575 58 
597 58 
635 58 
661 58 
687 58 
698 58 
774 58 
788 58 
5 59 
13 59 
16 59 
18 59 
37 59 
46 59 
60 59 
67 59 
68 59 
73 59 
108 59 
128 59 
133 59 
136 59 
171 59 
196 59 
218 59 
226 59 
241 59 
243 59 
261 59 
266 59 
270 59 
272 59 
273 59 
313 59 
330 59 
331 59 
335 59 
343 59 
366 59 
384 59 
388 59 
389 59 
396 59 
436 59 
441 59 
450 59 
476 59 
571 59 
711 59 
712 59 
727 59 
750 59 
5 60 
6 60 
14 60 
16 60 
18 60 
59 60 
67 60 
87 60 
108 60 
128 60 
132 60 
133 60 
145 60 
270 60 
273 60 
330 60 
336 60 
349 60 
409 60 
437 60 
441 60 
535 60 
560 60 
591 60 
595 60 
605 60 
637 60 
677 60 
738 60 
750 60 
797 60 
2 61 
9 61 
11 61 
19 61 
37 61 
42 61 
92 61 
318 61 
607 61 
659 61 
674 61 
775 61 
3 62 
4 62 
8 62 
19 62 
30 62 
44 62 
82 62 
115 62 
205 62 
210 62 
314 62 
344 62 
411 62 
415 62 
584 62 
6 63 
9 63 
10 63 
18 63 
20 63 
28 63 
130 63 
169 63 
189 63 
254 63 
319 63 
404 63 
421 63 
431 63 
442 63 
448 63 
464 63 
566 63 
664 63 
682 63 
690 63 
733 63 
771 63 
3 64 
17 64 
23 64 
29 64 
31 64 
37 64 
98 64 
219 64 
301 64 
453 64 
736 64 
6 65 
23 65 
30 65 
37 65 
46 65 
49 65 
67 65 
197 65 
352 65 
489 65 
617 65 
747 65 
5 66 
7 66 
14 66 
24 66 
43 66 
56 66 
94 66 
148 66 
149 66 
153 66 
194 66 
245 66 
264 66 
270 66 
277 66 
290 66 
329 66 
371 66 
394 66 
466 66 
477 66 
503 66 
531 66 
542 66 
544 66 
681 66 
725 66 
16 67 
30 67 
49 67 
59 67 
60 67 
65 67 
68 67 
74 67 
89 67 
91 67 
108 67 
160 67 
171 67 
175 67 
180 67 
243 67 
266 67 
279 67 
316 67 
335 67 
352 67 
378 67 
383 67 
414 67 
472 67 
596 67 
617 67 
643 67 
692 67 
770 67 
779 67 
798 67 
3 68 
5 68 
16 68 
55 68 
59 68 
67 68 
74 68 
81 68 
86 68 
91 68 
105 68 
111 68 
164 68 
166 68 
171 68 
221 68 
261 68 
272 68 
279 68 
320 68 
343 68 
370 68 
393 68 
396 68 
446 68 
460 68 
580 68 
582 68 
613 68 
623 68 
626 68 
689 68 
692 68 
720 68 
725 68 
759 68 
3 69 
4 69 
18 69 
30 69 
32 69 
83 69 
126 69 
161 69 
188 69 
247 69 
295 69 
304 69 
427 69 
457 69 
470 69 
493 69 
515 69 
545 69 
563 69 
589 69 
4 70 
7 70 
8 70 
48 70 
51 70 
85 70 
99 70 
112 70 
198 70 
199 70 
318 70 
359 70 
368 70 
447 70 
452 70 
509 70 
559 70 
752 70 
785 70 
7 71 
14 71 
15 71 
32 71 
39 71 
53 71 
104 71 
148 71 
276 71 
282 71 
312 71 
376 71 
4 72 
7 72 
9 72 
22 72 
30 72 
34 72 
118 72 
124 72 
135 72 
136 72 
217 72 
233 72 
248 72 
252 72 
266 72 
759 72 
7 73 
36 73 
37 73 
46 73 
48 73 
59 73 
80 73 
102 73 
114 73 
115 73 
122 73 
125 73 
135 73 
150 73 
196 73 
203 73 
204 73 
206 73 
229 73 
245 73 
247 73 
253 73 
257 73 
261 73 
280 73 
315 73 
362 73 
391 73 
484 73 
521 73 
650 73 
724 73 
754 73 
16 74 
26 74 
44 74 
47 74 
67 74 
68 74 
81 74 
82 74 
86 74 
89 74 
105 74 
107 74 
120 74 
138 74 
191 74 
238 74 
274 74 
297 74 
303 74 
339 74 
383 74 
399 74 
470 74 
520 74 
548 74 
557 74 
577 74 
583 74 
629 74 
688 74 
728 74 
772 74 
7 75 
8 75 
15 75 
26 75 
39 75 
44 75 
90 75 
147 75 
187 75 
192 75 
203 75 
227 75 
259 75 
282 75 
472 75 
653 75 
3 76 
5 76 
11 76 
21 76 
29 76 
50 76 
106 76 
107 76 
113 76 
173 76 
397 76 
488 76 
567 76 
655 76 
656 76 
1 77 
6 77 
9 77 
29 77 
40 77 
47 77 
80 77 
117 77 
162 77 
165 77 
178 77 
208 77 
419 77 
443 77 
461 77 
555 77 
729 77 
6 78 
7 78 
19 78 
22 78 
30 78 
48 78 
125 78 
141 78 
152 78 
206 78 
228 78 
236 78 
309 78 
326 78 
365 78 
423 78 
433 78 
437 78 
479 78 
524 78 
552 78 
572 78 
592 78 
625 78 
642 78 
717 78 
735 78 
787 78 
4 79 
7 79 
23 79 
27 79 
33 79 
44 79 
83 79 
182 79 
192 79 
242 79 
283 79 
529 79 
7 80 
9 80 
36 80 
40 80 
73 80 
77 80 
114 80 
117 80 
122 80 
125 80 
150 80 
165 80 
173 80 
183 80 
195 80 
206 80 
208 80 
212 80 
215 80 
330 80 
332 80 
362 80 
414 80 
428 80 
465 80 
514 80 
521 80 
539 80 
594 80 
794 80 
4 81 
11 81 
16 81 
26 81 
68 81 
74 81 
86 81 
105 81 
111 81 
138 81 
164 81 
287 81 
320 81 
395 81 
604 81 
626 81 
19 82 
26 82 
30 82 
47 82 
62 82 
74 82 
107 82 
176 82 
191 82 
221 82 
238 82 
240 82 
303 82 
399 82 
415 82 
425 82 
491 82 
553 82 
556 82 
584 82 
634 82 
731 82 
7 83 
18 83 
30 83 
44 83 
69 83 
79 83 
239 83 
242 83 
295 83 
7 84 
25 84 
43 84 
44 84 
50 84 
52 84 
106 84 
121 84 
131 84 
154 84 
156 84 
220 84 
431 84 
569 84 
778 84 
4 85 
7 85 
12 85 
16 85 
48 85 
70 85 
112 85 
143 85 
207 85 
509 85 
745 85 
5 86 
14 86 
24 86 
68 86 
74 86 
81 86 
138 86 
267 86 
287 86 
320 86 
395 86 
6 87 
14 87 
22 87 
51 87 
58 87 
60 87 
88 87 
113 87 
172 87 
196 87 
551 87 
633 87 
703 87 
730 87 
749 87 
774 87 
799 87 
5 88 
7 88 
46 88 
51 88 
58 88 
87 88 
96 88 
113 88 
121 88 
179 88 
185 88 
196 88 
198 88 
210 88 
232 88 
244 88 
300 88 
412 88 
551 88 
634 88 
669 88 
701 88 
703 88 
1 89 
6 89 
13 89 
16 89 
67 89 
74 89 
91 89 
120 89 
137 89 
145 89 
235 89 
255 89 
263 89 
376 89 
383 89 
671 89 
696 89 
15 90 
25 90 
39 90 
41 90 
43 90 
75 90 
93 90 
134 90 
147 90 
174 90 
242 90 
507 90 
3 91 
5 91 
16 91 
67 91 
68 91 
89 91 
105 91 
120 91 
137 91 
139 91 
147 91 
160 91 
170 91 
201 91 
241 91 
335 91 
360 91 
460 91 
642 91 
712 91 
2 92 
9 92 
28 92 
50 92 
52 92 
61 92 
133 92 
137 92 
293 92 
659 92 
775 92 
1 93 
4 93 
25 93 
35 93 
41 93 
90 93 
177 93 
207 93 
218 93 
242 93 
259 93 
401 93 
500 93 
507 93 
14 94 
36 94 
43 94 
51 94 
58 94 
66 94 
97 94 
149 94 
188 94 
195 94 
211 94 
222 94 
225 94 
238 94 
264 94 
277 94 
284 94 
285 94 
290 94 
293 94 
296 94 
347 94 
358 94 
371 94 
372 94 
375 94 
381 94 
403 94 
405 94 
411 94 
428 94 
435 94 
452 94 
473 94 
475 94 
493 94 
531 94 
592 94 
668 94 
691 94 
706 94 
749 94 
781 94 
5 95 
20 95 
25 95 
29 95 
32 95 
47 95 
108 95 
116 95 
124 95 
151 95 
184 95 
286 95 
502 95 
541 95 
542 95 
25 96 
32 96 
39 96 
51 96 
58 96 
88 96 
104 96 
110 96 
160 96 
191 96 
193 96 
198 96 
244 96 
252 96 
292 96 
345 96 
374 96 
415 96 
522 96 
558 96 
652 96 
653 96 
1 97 
9 97 
21 97 
36 97 
51 97 
94 97 
188 97 
214 97 
226 97 
290 97 
293 97 
312 97 
347 97 
364 97 
458 97 
461 97 
538 97 
581 97 
702 97 
765 97 
789 97 
9 98 
18 98 
31 98 
33 98 
37 98 
64 98 
219 98 
305 98 
395 98 
497 98 
582 98 
593 98 
693 98 
726 98 
736 98 
800 98 
7 99 
8 99 
10 99 
14 99 
51 99 
70 99 
117 99 
157 99 
175 99 
198 99 
336 99 
359 99 
657 99 
679 99 
752 99 
3 100 
13 100 
20 100 
25 100 
45 100 
50 100 
419 100 
531 100 
609 100 
632 100 
1 101 
3 101 
8 101 
11 101 
127 101 
138 101 
168 101 
217 101 
227 101 
234 101 
263 101 
271 101 
366 101 
425 101 
468 101 
486 101 
521 101 
670 101 
728 101 
742 101 
769 101 
795 101 
7 102 
14 102 
38 102 
48 102 
54 102 
73 102 
126 102 
144 102 
203 102 
213 102 
258 102 
323 102 
360 102 
387 102 
549 102 
614 102 
668 102 
6 103 
22 103 
25 103 
28 103 
36 103 
58 103 
110 103 
172 103 
249 103 
297 103 
449 103 
518 103 
658 103 
687 103 
745 103 
783 103 
15 104 
25 104 
32 104 
53 104 
71 104 
96 104 
110 104 
123 104 
127 104 
140 104 
148 104 
179 104 
193 104 
282 104 
283 104 
285 104 
327 104 
338 104 
374 104 
487 104 
548 104 
552 104 
571 104 
612 104 
5 105 
16 105 
68 105 
74 105 
81 105 
91 105 
303 105 
360 105 
460 105 
712 105 
7 106 
11 106 
29 106 
44 106 
76 106 
84 106 
113 106 
121 106 
154 106 
156 106 
169 106 
211 106 
215 106 
220 106 
326 106 
332 106 
409 106 
488 106 
567 106 
683 106 
698 106 
715 106 
776 106 
777 106 
5 107 
21 107 
26 107 
74 107 
76 107 
82 107 
173 107 
191 107 
258 107 
274 107 
294 107 
339 107 
471 107 
520 107 
553 107 
611 107 
629 107 
702 107 
20 108 
25 108 
59 108 
60 108 
67 108 
95 108 
116 108 
124 108 
128 108 
145 108 
243 108 
325 108 
388 108 
389 108 
535 108 
1 109 
4 109 
5 109 
12 109 
29 109 
119 109 
130 109 
134 109 
197 109 
235 109 
251 109 
426 109 
456 109 
486 109 
525 109 
654 109 
684 109 
701 109 
25 110 
36 110 
58 110 
96 110 
103 110 
104 110 
193 110 
249 110 
327 110 
345 110 
374 110 
415 110 
440 110 
548 110 
566 110 
687 110 
5 111 
16 111 
42 111 
58 111 
68 111 
81 111 
164 111 
261 111 
370 111 
446 111 
477 111 
488 111 
759 111 
788 111 
1 112 
14 112 
31 112 
48 112 
70 112 
85 112 
199 112 
331 112 
649 112 
674 112 
11 113 
58 113 
76 113 
87 113 
88 113 
106 113 
179 113 
196 113 
408 113 
488 113 
597 113 
655 113 
656 113 
669 113 
698 113 
774 113 
7 114 
9 114 
40 114 
73 114 
80 114 
115 114 
125 114 
135 114 
149 114 
173 114 
183 114 
201 114 
215 114 
250 114 
273 114 
280 114 
387 114 
428 114 
618 114 
678 114 
4 115 
7 115 
8 115 
62 115 
73 115 
114 115 
135 115 
149 115 
205 115 
216 115 
298 115 
314 115 
353 115 
367 115 
391 115 
411 115 
445 115 
449 115 
484 115 
573 115 
578 115 
583 115 
594 115 
618 115 
650 115 
775 115 
16 116 
25 116 
28 116 
41 116 
95 116 
108 116 
124 116 
132 116 
141 116 
151 116 
228 116 
231 116 
305 116 
448 116 
467 116 
480 116 
498 116 
541 116 
542 116 
586 116 
675 116 
755 116 
7 117 
14 117 
40 117 
77 117 
80 117 
99 117 
165 117 
414 117 
461 117 
4 118 
7 118 
22 118 
49 118 
52 118 
72 118 
194 118 
217 118 
223 118 
248 118 
390 118 
561 118 
570 118 
740 118 
782 118 
4 119 
5 119 
14 119 
39 119 
41 119 
109 119 
163 119 
190 119 
287 119 
358 119 
397 119 
684 119 
701 119 
792 119 
16 120 
26 120 
44 120 
74 120 
89 120 
91 120 
137 120 
201 120 
220 120 
255 120 
297 120 
558 120 
577 120 
642 120 
663 120 
699 120 
5 121 
44 121 
46 121 
84 121 
88 121 
106 121 
156 121 
185 121 
212 121 
232 121 
244 121 
346 121 
512 121 
634 121 
666 121 
672 121 
676 121 
777 121 
1 122 
4 122 
27 122 
36 122 
73 122 
80 122 
150 122 
154 122 
199 122 
212 122 
245 122 
372 122 
391 122 
465 122 
734 122 
10 123 
14 123 
25 123 
27 123 
32 123 
104 123 
127 123 
140 123 
153 123 
165 123 
179 123 
208 123 
230 123 
240 123 
268 123 
579 123 
761 123 
7 124 
34 124 
72 124 
95 124 
108 124 
116 124 
136 124 
181 124 
508 124 
542 124 
6 125 
48 125 
73 125 
78 125 
80 125 
114 125 
206 125 
237 125 
280 125 
521 125 
572 125 
576 125 
3 126 
14 126 
32 126 
38 126 
69 126 
102 126 
144 126 
161 126 
213 126 
258 126 
313 126 
333 126 
387 126 
405 126 
470 126 
515 126 
549 126 
562 126 
614 126 
615 126 
640 126 
659 126 
1 127 
8 127 
25 127 
101 127 
104 127 
123 127 
168 127 
402 127 
571 127 
612 127 
799 127 
7 128 
12 128 
34 128 
59 128 
60 128 
108 128 
133 128 
145 128 
146 128 
320 128 
331 128 
388 128 
399 128 
6 129 
7 129 
12 129 
14 129 
25 129 
57 129 
152 129 
157 129 
158 129 
251 129 
268 129 
307 129 
322 129 
329 129 
506 129 
527 129 
546 129 
549 129 
603 129 
619 129 
633 129 
678 129 
687 129 
5 130 
12 130 
18 130 
20 130 
63 130 
109 130 
158 130 
251 130 
254 130 
497 130 
746 130 
14 131 
20 131 
43 131 
44 131 
53 131 
84 131 
143 131 
180 131 
181 131 
420 131 
430 131 
480 131 
494 131 
555 131 
774 131 
5 132 
14 132 
28 132 
41 132 
60 132 
116 132 
228 132 
437 132 
448 132 
498 132 
525 132 
560 132 
593 132 
595 132 
675 132 
28 133 
52 133 
59 133 
60 133 
92 133 
128 133 
137 133 
142 133 
163 133 
270 133 
278 133 
321 133 
331 133 
399 133 
476 133 
499 133 
676 133 
794 133 
4 134 
25 134 
29 134 
43 134 
90 134 
109 134 
235 134 
340 134 
406 134 
426 134 
442 134 
491 134 
656 134 
4 135 
9 135 
72 135 
73 135 
114 135 
115 135 
149 135 
216 135 
233 135 
252 135 
298 135 
319 135 
387 135 
391 135 
5 136 
34 136 
46 136 
59 136 
72 136 
124 136 
218 136 
226 136 
229 136 
284 136 
313 136 
367 136 
403 136 
654 136 
786 136 
52 137 
89 137 
91 137 
92 137 
120 137 
133 137 
163 137 
201 137 
588 137 
699 137 
8 138 
11 138 
74 138 
81 138 
86 138 
101 138 
223 138 
263 138 
287 138 
306 138 
334 138 
366 138 
3 139 
5 139 
12 139 
37 139 
42 139 
91 139 
147 139 
182 139 
213 139 
260 139 
516 139 
523 139 
560 139 
32 140 
33 140 
44 140 
55 140 
104 140 
123 140 
179 140 
334 140 
354 140 
552 140 
16 141 
28 141 
30 141 
48 141 
78 141 
116 141 
228 141 
236 141 
326 141 
433 141 
467 141 
625 141 
735 141 
12 142 
21 142 
23 142 
28 142 
52 142 
133 142 
224 142 
278 142 
321 142 
337 142 
350 142 
416 142 
499 142 
4 143 
14 143 
48 143 
53 143 
85 143 
131 143 
181 143 
365 143 
379 143 
407 143 
420 143 
596 143 
751 143 
774 143 
10 144 
12 144 
14 144 
33 144 
102 144 
126 144 
258 144 
323 144 
405 144 
659 144 
668 144 
681 144 
714 144 
1 145 
13 145 
60 145 
89 145 
108 145 
128 145 
156 145 
235 145 
535 145 
671 145 
677 145 
682 145 
766 145 
5 146 
12 146 
16 146 
26 146 
34 146 
128 146 
204 146 
289 146 
320 146 
356 146 
386 146 
519 146 
689 146 
3 147 
39 147 
75 147 
90 147 
91 147 
139 147 
170 147 
241 147 
523 147 
635 147 
43 148 
53 148 
56 148 
66 148 
71 148 
104 148 
285 148 
328 148 
364 148 
504 148 
43 149 
66 149 
94 149 
114 149 
115 149 
135 149 
153 149 
216 149 
245 149 
285 149 
375 149 
387 149 
449 149 
481 149 
546 149 
618 149 
14 150 
20 150 
32 150 
73 150 
80 150 
122 150 
206 150 
298 150 
601 150 
669 150 
713 150 
5 151 
12 151 
25 151 
95 151 
116 151 
184 151 
305 151 
534 151 
541 151 
607 151 
6 152 
19 152 
22 152 
25 152 
78 152 
129 152 
157 152 
158 152 
164 152 
216 152 
256 152 
262 152 
307 152 
437 152 
496 152 
509 152 
524 152 
646 152 
687 152 
10 153 
14 153 
43 153 
66 153 
123 153 
149 153 
245 153 
270 153 
277 153 
290 153 
317 153 
503 153 
665 153 
725 153 
761 153 
1 154 
4 154 
7 154 
84 154 
106 154 
122 154 
199 154 
308 154 
326 154 
372 154 
391 154 
431 154 
440 154 
614 154 
791 154 
1 155 
4 155 
5 155 
24 155 
49 155 
159 155 
166 155 
279 155 
400 155 
418 155 
456 155 
471 155 
478 155 
732 155 
788 155 
1 156 
13 156 
84 156 
106 156 
121 156 
145 156 
220 156 
569 156 
705 156 
715 156 
7 157 
10 157 
25 157 
99 157 
129 157 
152 157 
158 157 
233 157 
262 157 
357 157 
379 157 
398 157 
517 157 
633 157 
657 157 
684 157 
18 158 
20 158 
129 158 
130 158 
152 158 
157 158 
176 158 
262 158 
269 158 
281 158 
295 158 
357 158 
398 158 
496 158 
497 158 
505 158 
529 158 
538 158 
554 158 
576 158 
633 158 
638 158 
646 158 
673 158 
695 158 
721 158 
762 158 
1 159 
7 159 
22 159 
24 159 
51 159 
155 159 
341 159 
400 159 
438 159 
478 159 
710 159 
743 159 
16 160 
25 160 
39 160 
67 160 
91 160 
96 160 
162 160 
175 160 
291 160 
316 160 
325 160 
335 160 
378 160 
414 160 
535 160 
652 160 
2 161 
8 161 
32 161 
51 161 
69 161 
126 161 
710 161 
25 162 
29 162 
39 162 
47 162 
77 162 
160 162 
265 162 
291 162 
458 162 
513 162 
623 162 
4 163 
52 163 
119 163 
133 163 
137 163 
588 163 
684 163 
6 164 
25 164 
68 164 
81 164 
111 164 
152 164 
216 164 
261 164 
272 164 
369 164 
725 164 
10 165 
77 165 
80 165 
117 165 
123 165 
208 165 
230 165 
317 165 
345 165 
414 165 
459 165 
617 165 
761 165 
5 166 
24 166 
49 166 
55 166 
68 166 
155 166 
167 166 
429 166 
584 166 
657 166 
689 166 
732 166 
739 166 
5 167 
23 167 
50 167 
55 167 
166 167 
209 167 
264 167 
380 167 
429 167 
568 167 
657 167 
1 168 
4 168 
6 168 
45 168 
101 168 
127 168 
227 168 
236 168 
368 168 
402 168 
510 168 
11 169 
20 169 
28 169 
29 169 
63 169 
106 169 
319 169 
332 169 
409 169 
3 170 
4 170 
36 170 
48 170 
91 170 
147 170 
193 170 
200 170 
214 170 
241 170 
246 170 
324 170 
377 170 
523 170 
536 170 
635 170 
647 170 
650 170 
660 170 
683 170 
697 170 
1 171 
23 171 
27 171 
59 171 
67 171 
68 171 
234 171 
279 171 
382 171 
533 171 
613 171 
623 171 
6 172 
22 172 
51 172 
87 172 
103 172 
462 172 
730 172 
783 172 
9 173 
21 173 
76 173 
80 173 
107 173 
114 173 
183 173 
195 173 
201 173 
3 174 
4 174 
19 174 
41 174 
43 174 
90 174 
398 174 
407 174 
465 174 
527 174 
686 174 
722 174 
8 175 
16 175 
51 175 
67 175 
99 175 
160 175 
180 175 
316 175 
325 175 
18 176 
20 176 
26 176 
47 176 
82 176 
158 176 
240 176 
269 176 
281 176 
346 176 
529 176 
576 176 
625 176 
644 176 
694 176 
4 177 
7 177 
19 177 
35 177 
37 177 
93 177 
218 177 
426 177 
438 177 
439 177 
466 177 
722 177 
1 178 
9 178 
43 178 
44 178 
55 178 
77 178 
324 178 
343 178 
410 178 
462 178 
468 178 
519 178 
586 178 
628 178 
670 178 
729 178 
58 179 
88 179 
104 179 
113 179 
123 179 
140 179 
210 179 
232 179 
408 179 
575 179 
669 179 
16 180 
20 180 
53 180 
67 180 
131 180 
175 180 
494 180 
555 180 
7 181 
34 181 
53 181 
124 181 
131 181 
143 181 
407 181 
408 181 
480 181 
508 181 
718 181 
774 181 
4 182 
27 182 
37 182 
42 182 
79 182 
139 182 
192 182 
213 182 
410 182 
529 182 
606 182 
655 182 
758 182 
780 182 
790 182 
3 183 
14 183 
15 183 
80 183 
114 183 
173 183 
201 183 
215 183 
248 183 
250 183 
273 183 
328 183 
645 183 
791 183 
794 183 
3 184 
7 184 
25 184 
30 184 
95 184 
151 184 
464 184 
3 185 
18 185 
40 185 
46 185 
88 185 
121 185 
189 185 
212 185 
300 185 
302 185 
346 185 
447 185 
585 185 
708 185 
3 186 
4 186 
6 186 
7 186 
19 186 
35 186 
299 186 
460 186 
652 186 
2 187 
4 187 
8 187 
26 187 
32 187 
75 187 
227 187 
278 187 
282 187 
292 187 
311 187 
316 187 
338 187 
355 187 
396 187 
418 187 
485 187 
487 187 
545 187 
628 187 
648 187 
653 187 
763 187 
4 188 
30 188 
51 188 
69 188 
94 188 
97 188 
277 188 
290 188 
312 188 
358 188 
359 188 
411 188 
427 188 
457 188 
474 188 
570 188 
690 188 
748 188 
3 189 
9 189 
10 189 
40 189 
63 189 
185 189 
431 189 
442 189 
448 189 
585 189 
715 189 
755 189 
1 190 
9 190 
11 190 
39 190 
41 190 
119 190 
672 190 
51 191 
58 191 
74 191 
82 191 
96 191 
107 191 
238 191 
303 191 
310 191 
342 191 
430 191 
520 191 
540 191 
553 191 
557 191 
688 191 
702 191 
721 191 
781 191 
7 192 
27 192 
39 192 
75 192 
79 192 
182 192 
267 192 
283 192 
322 192 
472 192 
550 192 
606 192 
713 192 
735 192 
790 192 
4 193 
48 193 
96 193 
104 193 
110 193 
170 193 
327 193 
338 193 
377 193 
433 193 
483 193 
501 193 
536 193 
537 193 
588 193 
7 194 
14 194 
49 194 
56 194 
66 194 
118 194 
329 194 
416 194 
463 194 
466 194 
474 194 
636 194 
651 194 
772 194 
9 195 
51 195 
58 195 
80 195 
94 195 
173 195 
238 195 
291 195 
342 195 
381 195 
452 195 
473 195 
475 195 
493 195 
502 195 
629 195 
698 195 
747 195 
37 196 
59 196 
73 196 
87 196 
88 196 
113 196 
272 196 
276 196 
1 197 
12 197 
23 197 
37 197 
65 197 
109 197 
200 197 
209 197 
269 197 
384 197 
456 197 
459 197 
525 197 
718 197 
51 198 
70 198 
88 198 
96 198 
99 198 
244 198 
252 198 
292 198 
336 198 
374 198 
412 198 
558 198 
635 198 
651 198 
752 198 
757 198 
785 198 
4 199 
48 199 
70 199 
112 199 
122 199 
154 199 
372 199 
1 200 
4 200 
12 200 
36 200 
170 200 
197 200 
209 200 
214 200 
246 200 
269 200 
324 200 
348 200 
503 200 
580 200 
609 200 
91 201 
114 201 
120 201 
137 201 
173 201 
183 201 
250 201 
642 201 
699 201 
1 202 
3 202 
7 202 
14 202 
17 202 
38 202 
222 202 
224 202 
353 202 
476 202 
482 202 
500 202 
620 202 
764 202 
26 203 
44 203 
48 203 
73 203 
75 203 
102 203 
340 203 
360 203 
404 203 
532 203 
773 203 
792 203 
5 204 
16 204 
37 204 
46 204 
73 204 
146 204 
225 204 
247 204 
253 204 
289 204 
301 204 
315 204 
356 204 
386 204 
495 204 
528 204 
630 204 
689 204 
793 204 
8 205 
12 205 
25 205 
31 205 
62 205 
115 205 
210 205 
237 205 
314 205 
445 205 
516 205 
729 205 
786 205 
6 206 
73 206 
78 206 
80 206 
125 206 
150 206 
362 206 
572 206 
642 206 
717 206 
1 207 
7 207 
12 207 
35 207 
85 207 
93 207 
453 207 
500 207 
9 208 
10 208 
77 208 
80 208 
123 208 
165 208 
230 208 
268 208 
317 208 
330 208 
345 208 
417 208 
419 208 
459 208 
512 208 
579 208 
796 208 
5 209 
12 209 
23 209 
167 209 
197 209 
200 209 
262 209 
269 209 
348 209 
384 209 
434 209 
459 209 
492 209 
609 209 
662 209 
697 209 
703 209 
8 210 
58 210 
62 210 
88 210 
179 210 
205 210 
232 210 
344 210 
516 210 
539 210 
7 211 
14 211 
43 211 
44 211 
94 211 
106 211 
215 211 
557 211 
574 211 
776 211 
36 212 
46 212 
80 212 
121 212 
122 212 
185 212 
232 212 
346 212 
465 212 
508 212 
512 212 
666 212 
676 212 
38 213 
42 213 
102 213 
126 213 
139 213 
182 213 
260 213 
387 213 
523 213 
630 213 
758 213 
784 213 
4 214 
9 214 
21 214 
97 214 
170 214 
200 214 
254 214 
302 214 
324 214 
347 214 
683 214 
697 214 
789 214 
44 215 
80 215 
106 215 
114 215 
183 215 
211 215 
273 215 
794 215 
25 216 
115 216 
135 216 
149 216 
152 216 
164 216 
298 216 
353 216 
449 216 
481 216 
546 216 
594 216 
1 217 
3 217 
22 217 
72 217 
101 217 
118 217 
234 217 
248 217 
266 217 
390 217 
468 217 
559 217 
567 217 
570 217 
608 217 
740 217 
4 218 
46 218 
59 218 
93 218 
136 218 
177 218 
226 218 
284 218 
335 218 
403 218 
615 218 
654 218 
786 218 
9 219 
31 219 
33 219 
64 219 
98 219 
582 219 
693 219 
26 220 
44 220 
84 220 
106 220 
120 220 
156 220 
255 220 
296 220 
388 220 
558 220 
569 220 
705 220 
715 220 
3 221 
19 221 
30 221 
68 221 
82 221 
634 221 
14 222 
36 222 
38 222 
58 222 
94 222 
202 222 
225 222 
284 222 
296 222 
307 222 
347 222 
348 222 
352 222 
371 222 
403 222 
405 222 
547 222 
592 222 
780 222 
8 223 
11 223 
49 223 
52 223 
118 223 
138 223 
243 223 
306 223 
334 223 
504 223 
561 223 
616 223 
621 223 
7 224 
17 224 
28 224 
52 224 
142 224 
202 224 
309 224 
337 224 
620 224 
36 225 
46 225 
94 225 
204 225 
222 225 
289 225 
296 225 
307 225 
372 225 
662 225 
36 226 
59 226 
97 226 
136 226 
218 226 
335 226 
403 226 
615 226 
1 227 
8 227 
75 227 
101 227 
168 227 
187 227 
236 227 
282 227 
292 227 
316 227 
355 227 
396 227 
443 227 
485 227 
692 227 
796 227 
28 228 
48 228 
78 228 
116 228 
132 228 
141 228 
236 228 
448 228 
592 228 
593 228 
755 228 
5 229 
36 229 
46 229 
48 229 
73 229 
136 229 
257 229 
286 229 
367 229 
564 229 
604 229 
9 230 
21 230 
36 230 
123 230 
165 230 
208 230 
268 230 
459 230 
622 230 
707 230 
769 230 
4 231 
16 231 
21 231 
22 231 
41 231 
116 231 
246 231 
249 231 
378 231 
383 231 
386 231 
392 231 
451 231 
492 231 
536 231 
543 231 
551 231 
598 231 
639 231 
46 232 
88 232 
121 232 
179 232 
210 232 
212 232 
244 232 
508 232 
540 232 
585 232 
4 233 
7 233 
10 233 
72 233 
135 233 
157 233 
319 233 
357 233 
505 233 
517 233 
1 234 
3 234 
23 234 
101 234 
171 234 
217 234 
256 234 
271 234 
382 234 
401 234 
1 235 
4 235 
89 235 
109 235 
134 235 
145 235 
340 235 
766 235 
1 236 
78 236 
141 236 
168 236 
227 236 
228 236 
326 236 
365 236 
368 236 
592 236 
6 237 
25 237 
31 237 
48 237 
125 237 
205 237 
275 237 
288 237 
327 237 
517 237 
576 237 
786 237 
58 238 
74 238 
82 238 
94 238 
191 238 
195 238 
303 238 
310 238 
399 238 
413 238 
475 238 
491 238 
498 238 
629 238 
698 238 
772 238 
5 239 
13 239 
16 239 
18 239 
30 239 
83 239 
306 239 
10 240 
27 240 
47 240 
82 240 
123 240 
176 240 
300 240 
520 240 
13 241 
16 241 
59 241 
91 241 
147 241 
170 241 
366 241 
523 241 
650 241 
750 241 
25 242 
44 242 
79 242 
83 242 
90 242 
93 242 
8 243 
11 243 
59 243 
67 243 
108 243 
223 243 
260 243 
266 243 
369 243 
46 244 
88 244 
96 244 
121 244 
198 244 
232 244 
412 244 
651 244 
36 245 
66 245 
73 245 
122 245 
149 245 
153 245 
290 245 
4 246 
22 246 
36 246 
170 246 
200 246 
231 246 
249 246 
383 246 
492 246 
503 246 
536 246 
610 246 
647 246 
720 246 
2 247 
3 247 
37 247 
69 247 
73 247 
204 247 
304 247 
315 247 
754 247 
3 248 
15 248 
72 248 
118 248 
183 248 
217 248 
266 248 
328 248 
390 248 
727 248 
791 248 
22 249 
36 249 
103 249 
110 249 
231 249 
246 249 
297 249 
383 249 
451 249 
551 249 
598 249 
624 249 
639 249 
658 249 
1 250 
6 250 
35 250 
114 250 
183 250 
201 250 
739 250 
7 251 
12 251 
57 251 
109 251 
129 251 
130 251 
322 251 
329 251 
486 251 
506 251 
549 251 
603 251 
678 251 
740 251 
9 252 
58 252 
72 252 
96 252 
135 252 
198 252 
292 252 
522 252 
578 252 
635 252 
759 252 
770 252 
6 253 
29 253 
46 253 
56 253 
73 253 
204 253 
274 253 
321 253 
323 253 
499 253 
528 253 
630 253 
790 253 
9 254 
18 254 
63 254 
130 254 
214 254 
302 254 
404 254 
530 254 
719 254 
723 254 
746 254 
16 255 
26 255 
44 255 
89 255 
120 255 
220 255 
263 255 
296 255 
341 255 
362 255 
388 255 
495 255 
533 255 
663 255 
723 255 
793 255 
1 256 
19 256 
22 256 
23 256 
152 256 
234 256 
288 256 
299 256 
724 256 
14 257 
41 257 
43 257 
48 257 
73 257 
229 257 
467 257 
534 257 
604 257 
705 257 
724 257 
5 258 
21 258 
102 258 
107 258 
126 258 
144 258 
294 258 
339 258 
432 258 
614 258 
1 259 
4 259 
8 259 
44 259 
75 259 
93 259 
401 259 
658 259 
680 259 
8 260 
11 260 
42 260 
139 260 
213 260 
243 260 
369 260 
417 260 
441 260 
516 260 
523 260 
630 260 
696 260 
46 261 
59 261 
68 261 
73 261 
111 261 
164 261 
272 261 
369 261 
580 261 
5 262 
23 262 
152 262 
157 262 
158 262 
209 262 
379 262 
434 262 
496 262 
8 263 
16 263 
89 263 
101 263 
138 263 
255 263 
376 263 
533 263 
5 264 
14 264 
50 264 
66 264 
94 264 
167 264 
371 264 
380 264 
749 264 
6 265 
18 265 
29 265 
47 265 
49 265 
162 265 
513 265 
550 265 
762 265 
765 265 
59 266 
67 266 
72 266 
217 266 
243 266 
248 266 
5 267 
7 267 
14 267 
39 267 
86 267 
192 267 
550 267 
14 268 
25 268 
123 268 
129 268 
208 268 
230 268 
546 268 
579 268 
18 269 
158 269 
176 269 
197 269 
200 269 
209 269 
281 269 
295 269 
346 269 
348 269 
436 269 
444 269 
454 269 
505 269 
538 269 
625 269 
671 269 
697 269 
43 270 
59 270 
60 270 
66 270 
133 270 
153 270 
273 270 
277 270 
317 270 
349 270 
351 270 
515 270 
544 270 
738 270 
3 271 
18 271 
30 271 
49 271 
101 271 
234 271 
475 271 
481 271 
486 271 
526 271 
569 271 
640 271 
694 271 
733 271 
37 272 
59 272 
68 272 
164 272 
196 272 
261 272 
276 272 
369 272 
436 272 
580 272 
626 272 
711 272 
725 272 
746 272 
59 273 
60 273 
114 273 
183 273 
215 273 
270 273 
330 273 
336 273 
349 273 
351 273 
743 273 
26 274 
29 274 
56 274 
74 274 
107 274 
253 274 
611 274 
629 274 
790 274 
5 275 
16 275 
25 275 
31 275 
237 275 
288 275 
294 275 
327 275 
422 275 
619 275 
667 275 
7 276 
15 276 
37 276 
71 276 
196 276 
272 276 
315 276 
51 277 
66 277 
94 277 
153 277 
188 277 
270 277 
317 277 
411 277 
515 277 
665 277 
668 277 
706 277 
748 277 
763 277 
4 278 
32 278 
52 278 
133 278 
142 278 
187 278 
338 278 
350 278 
487 278 
499 278 
1 279 
5 279 
67 279 
68 279 
155 279 
171 279 
471 279 
613 279 
692 279 
4 280 
26 280 
73 280 
114 280 
125 280 
604 280 
626 280 
14 281 
25 281 
56 281 
158 281 
176 281 
269 281 
295 281 
444 281 
608 281 
625 281 
671 281 
673 281 
694 281 
15 282 
71 282 
75 282 
104 282 
187 282 
227 282 
292 282 
545 282 
15 283 
27 283 
53 283 
79 283 
104 283 
192 283 
322 283 
46 284 
58 284 
94 284 
136 284 
218 284 
222 284 
348 284 
352 284 
661 284 
43 285 
53 285 
94 285 
104 285 
148 285 
149 285 
375 285 
5 286 
46 286 
47 286 
95 286 
229 286 
434 286 
485 286 
667 286 
679 286 
748 286 
14 287 
41 287 
81 287 
86 287 
119 287 
138 287 
395 287 
501 287 
1 288 
23 288 
25 288 
237 288 
256 288 
275 288 
299 288 
327 288 
351 288 
724 288 
5 289 
37 289 
46 289 
146 289 
204 289 
225 289 
386 289 
495 289 
610 289 
66 290 
94 290 
97 290 
153 290 
188 290 
245 290 
293 290 
358 290 
435 290 
458 290 
474 290 
503 290 
649 290 
691 290 
702 290 
39 291 
51 291 
58 291 
160 291 
162 291 
195 291 
342 291 
458 291 
535 291 
96 292 
187 292 
198 292 
227 292 
252 292 
282 292 
316 292 
374 292 
443 292 
522 292 
545 292 
578 292 
653 292 
770 292 
50 293 
52 293 
92 293 
94 293 
97 293 
290 293 
435 293 
458 293 
649 293 
5 294 
12 294 
21 294 
107 294 
258 294 
275 294 
339 294 
361 294 
432 294 
471 294 
30 295 
69 295 
83 295 
158 295 
269 295 
281 295 
436 295 
444 295 
454 295 
589 295 
673 295 
699 295 
716 295 
26 296 
94 296 
220 296 
222 296 
225 296 
255 296 
307 296 
347 296 
362 296 
371 296 
372 296 
388 296 
506 296 
547 296 
565 296 
600 296 
662 296 
723 296 
36 297 
44 297 
74 297 
103 297 
120 297 
249 297 
470 297 
577 297 
624 297 
658 297 
728 297 
20 298 
32 298 
115 298 
135 298 
150 298 
216 298 
353 298 
367 298 
544 298 
583 298 
713 298 
744 298 
6 299 
23 299 
35 299 
186 299 
256 299 
288 299 
351 299 
724 299 
10 300 
27 300 
46 300 
88 300 
185 300 
240 300 
520 300 
701 300 
3 301 
5 301 
16 301 
29 301 
64 301 
204 301 
435 301 
641 301 
9 302 
18 302 
40 302 
185 302 
214 302 
254 302 
424 302 
455 302 
530 302 
789 302 
16 303 
74 303 
82 303 
105 303 
191 303 
238 303 
310 303 
342 303 
413 303 
491 303 
498 303 
548 303 
556 303 
563 303 
738 303 
751 303 
1 304 
3 304 
20 304 
38 304 
69 304 
247 304 
545 304 
25 305 
31 305 
37 305 
98 305 
116 305 
151 305 
11 306 
13 306 
16 306 
138 306 
223 306 
239 306 
334 306 
511 306 
627 306 
707 306 
6 307 
129 307 
152 307 
222 307 
225 307 
296 307 
509 307 
616 307 
687 307 
1 308 
3 308 
4 308 
15 308 
17 308 
154 308 
355 308 
361 308 
363 308 
451 308 
631 308 
791 308 
7 309 
19 309 
28 309 
52 309 
78 309 
224 309 
420 309 
423 309 
479 309 
595 309 
2 310 
4 310 
9 310 
191 310 
238 310 
303 310 
342 310 
350 310 
413 310 
685 310 
738 310 
753 310 
8 311 
21 311 
23 311 
26 311 
50 311 
187 311 
573 311 
32 312 
39 312 
51 312 
71 312 
97 312 
188 312 
359 312 
602 312 
690 312 
784 312 
3 313 
5 313 
32 313 
59 313 
126 313 
136 313 
333 313 
615 313 
3 314 
16 314 
26 314 
62 314 
115 314 
205 314 
643 314 
768 314 
7 315 
15 315 
73 315 
204 315 
247 315 
276 315 
581 315 
754 315 
67 316 
160 316 
175 316 
187 316 
227 316 
292 316 
355 316 
378 316 
443 316 
10 317 
153 317 
165 317 
208 317 
270 317 
277 317 
345 317 
417 317 
515 317 
617 317 
665 317 
763 317 
7 318 
37 318 
42 318 
48 318 
61 318 
70 318 
446 318 
607 318 
4 319 
28 319 
63 319 
135 319 
169 319 
233 319 
421 319 
505 319 
589 319 
12 320 
68 320 
81 320 
86 320 
128 320 
146 320 
6 321 
28 321 
29 321 
133 321 
142 321 
253 321 
323 321 
390 321 
499 321 
510 321 
639 321 
7 322 
27 322 
129 322 
192 322 
251 322 
283 322 
549 322 
740 322 
14 323 
29 323 
102 323 
144 323 
253 323 
321 323 
390 323 
499 323 
510 323 
639 323 
646 323 
668 323 
681 323 
695 323 
1 324 
9 324 
170 324 
178 324 
200 324 
214 324 
343 324 
410 324 
468 324 
586 324 
683 324 
706 324 
16 325 
20 325 
25 325 
108 325 
160 325 
175 325 
7 326 
78 326 
106 326 
141 326 
154 326 
236 326 
365 326 
433 326 
104 327 
110 327 
193 327 
237 327 
275 327 
288 327 
338 327 
487 327 
548 327 
667 327 
3 328 
43 328 
56 328 
148 328 
183 328 
248 328 
364 328 
504 328 
644 328 
791 328 
14 329 
57 329 
66 329 
129 329 
194 329 
251 329 
466 329 
477 329 
506 329 
527 329 
9 330 
59 330 
60 330 
80 330 
208 330 
273 330 
336 330 
514 330 
547 330 
594 330 
621 330 
677 330 
743 330 
1 331 
14 331 
59 331 
112 331 
128 331 
133 331 
399 331 
476 331 
649 331 
674 331 
676 331 
777 331 
794 331 
7 332 
29 332 
36 332 
80 332 
106 332 
169 332 
539 332 
561 332 
600 332 
3 333 
25 333 
28 333 
52 333 
126 333 
313 333 
44 334 
55 334 
138 334 
140 334 
223 334 
306 334 
59 335 
67 335 
91 335 
160 335 
218 335 
226 335 
51 336 
60 336 
99 336 
198 336 
273 336 
330 336 
743 336 
7 337 
19 337 
34 337 
52 337 
142 337 
224 337 
32 338 
104 338 
187 338 
193 338 
278 338 
327 338 
487 338 
628 338 
44 339 
47 339 
74 339 
107 339 
258 339 
294 339 
471 339 
4 340 
26 340 
44 340 
134 340 
203 340 
235 340 
370 340 
404 340 
442 340 
532 340 
773 340 
22 341 
26 341 
44 341 
51 341 
159 341 
255 341 
793 341 
58 342 
191 342 
195 342 
291 342 
303 342 
310 342 
738 342 
9 343 
16 343 
59 343 
68 343 
178 343 
324 343 
393 343 
396 343 
450 343 
519 343 
586 343 
706 343 
712 343 
5 344 
8 344 
10 344 
13 344 
62 344 
210 344 
413 344 
25 345 
96 345 
110 345 
165 345 
208 345 
317 345 
415 345 
417 345 
512 345 
566 345 
719 345 
782 345 
796 345 
18 346 
121 346 
176 346 
185 346 
212 346 
269 346 
512 346 
644 346 
9 347 
94 347 
97 347 
214 347 
222 347 
296 347 
371 347 
403 347 
58 348 
200 348 
209 348 
222 348 
269 348 
284 348 
352 348 
661 348 
697 348 
780 348 
1 349 
4 349 
21 349 
60 349 
270 349 
273 349 
351 349 
738 349 
4 350 
9 350 
52 350 
142 350 
278 350 
310 350 
543 350 
590 350 
685 350 
23 351 
270 351 
273 351 
288 351 
299 351 
349 351 
30 352 
65 352 
67 352 
222 352 
284 352 
348 352 
643 352 
770 352 
780 352 
1 353 
38 353 
115 353 
202 353 
216 353 
298 353 
367 353 
500 353 
544 353 
594 353 
4 354 
19 354 
22 354 
32 354 
140 354 
709 354 
795 354 
3 355 
17 355 
187 355 
227 355 
308 355 
316 355 
361 355 
14 356 
16 356 
56 356 
146 356 
204 356 
416 356 
474 356 
519 356 
651 356 
689 356 
737 356 
793 356 
7 357 
157 357 
158 357 
233 357 
379 357 
398 357 
517 357 
684 357 
14 358 
39 358 
94 358 
119 358 
188 358 
290 358 
385 358 
397 358 
423 358 
474 358 
568 358 
570 358 
577 358 
624 358 
686 358 
8 359 
51 359 
70 359 
99 359 
188 359 
312 359 
368 359 
421 359 
452 359 
490 359 
559 359 
690 359 
5 360 
48 360 
91 360 
102 360 
105 360 
203 360 
3 361 
5 361 
12 361 
294 361 
308 361 
355 361 
631 361 
26 362 
73 362 
80 362 
206 362 
255 362 
296 362 
495 362 
506 362 
554 362 
1 363 
12 363 
15 363 
17 363 
34 363 
308 363 
424 363 
450 363 
463 363 
632 363 
647 363 
36 364 
51 364 
56 364 
97 364 
148 364 
328 364 
461 364 
504 364 
613 364 
644 364 
765 364 
4 365 
48 365 
78 365 
143 365 
236 365 
326 365 
379 365 
596 365 
741 365 
11 366 
13 366 
59 366 
101 366 
138 366 
241 366 
571 366 
599 366 
750 366 
5 367 
115 367 
136 367 
229 367 
298 367 
353 367 
544 367 
583 367 
744 367 
1 368 
8 368 
70 368 
168 368 
236 368 
359 368 
421 368 
447 368 
452 368 
631 368 
11 369 
164 369 
243 369 
260 369 
261 369 
272 369 
441 369 
696 369 
16 370 
26 370 
44 370 
68 370 
111 370 
340 370 
477 370 
582 370 
66 371 
94 371 
222 371 
264 371 
296 371 
347 371 
531 371 
547 371 
600 371 
641 371 
749 371 
797 371 
94 372 
122 372 
154 372 
199 372 
225 372 
296 372 
662 372 
3 373 
16 373 
19 373 
20 373 
42 373 
58 373 
402 373 
25 374 
96 374 
104 374 
110 374 
198 374 
292 374 
440 374 
558 374 
653 374 
757 374 
3 375 
8 375 
94 375 
149 375 
285 375 
496 375 
14 376 
16 376 
39 376 
71 376 
89 376 
263 376 
696 376 
1 377 
2 377 
23 377 
48 377 
170 377 
193 377 
433 377 
444 377 
501 377 
638 377 
21 378 
22 378 
67 378 
160 378 
231 378 
316 378 
386 378 
414 378 
543 378 
675 378 
4 379 
143 379 
157 379 
262 379 
357 379 
365 379 
596 379 
741 379 
751 379 
21 380 
22 380 
36 380 
50 380 
167 380 
264 380 
673 380 
730 380 
20 381 
28 381 
50 381 
51 381 
94 381 
195 381 
452 381 
473 381 
479 381 
597 381 
620 381 
747 381 
756 381 
767 381 
1 382 
23 382 
25 382 
31 382 
171 382 
234 382 
401 382 
422 382 
533 382 
67 383 
74 383 
89 383 
231 383 
246 383 
249 383 
551 383 
12 384 
13 384 
18 384 
59 384 
197 384 
209 384 
459 384 
662 384 
703 384 
718 384 
727 384 
742 384 
1 385 
4 385 
9 385 
14 385 
39 385 
358 385 
490 385 
568 385 
686 385 
709 385 
21 386 
146 386 
204 386 
231 386 
289 386 
378 386 
102 387 
114 387 
126 387 
135 387 
149 387 
213 387 
549 387 
59 388 
108 388 
128 388 
220 388 
255 388 
296 388 
389 388 
723 388 
4 389 
30 389 
45 389 
59 389 
108 389 
388 389 
432 389 
660 389 
732 389 
29 390 
118 390 
217 390 
248 390 
321 390 
323 390 
639 390 
646 390 
727 390 
740 390 
782 390 
73 391 
115 391 
122 391 
135 391 
154 391 
650 391 
1 392 
10 392 
16 392 
35 392 
41 392 
231 392 
406 392 
532 392 
611 392 
618 392 
627 392 
665 392 
691 392 
3 393 
4 393 
16 393 
17 393 
68 393 
343 393 
429 393 
5 394 
7 394 
10 394 
15 394 
35 394 
66 394 
454 394 
484 394 
513 394 
18 395 
33 395 
81 395 
86 395 
98 395 
287 395 
8 396 
59 396 
68 396 
187 396 
227 396 
343 396 
418 396 
485 396 
648 396 
692 396 
5 397 
39 397 
50 397 
76 397 
119 397 
358 397 
423 397 
624 397 
760 397 
3 398 
19 398 
157 398 
158 398 
174 398 
357 398 
407 398 
684 398 
737 398 
74 399 
82 399 
128 399 
133 399 
238 399 
331 399 
772 399 
794 399 
1 400 
3 400 
20 400 
54 400 
155 400 
159 400 
478 400 
743 400 
1 401 
4 401 
93 401 
234 401 
259 401 
382 401 
680 401 
1 402 
42 402 
58 402 
127 402 
168 402 
373 402 
94 403 
136 403 
218 403 
222 403 
226 403 
347 403 
405 403 
428 403 
615 403 
654 403 
18 404 
26 404 
63 404 
203 404 
254 404 
340 404 
566 404 
719 404 
14 405 
94 405 
126 405 
144 405 
222 405 
403 405 
428 405 
592 405 
659 405 
714 405 
4 406 
10 406 
29 406 
35 406 
134 406 
392 406 
618 406 
627 406 
3 407 
53 407 
143 407 
174 407 
181 407 
398 407 
408 407 
53 408 
58 408 
113 408 
179 408 
181 408 
407 408 
575 408 
597 408 
11 409 
16 409 
18 409 
60 409 
106 409 
169 409 
683 409 
1 410 
37 410 
42 410 
178 410 
182 410 
324 410 
468 410 
628 410 
655 410 
670 410 
4 411 
62 411 
94 411 
115 411 
188 411 
277 411 
706 411 
748 411 
775 411 
9 412 
15 412 
40 412 
88 412 
198 412 
244 412 
651 412 
5 413 
10 413 
238 413 
303 413 
310 413 
344 413 
67 414 
80 414 
117 414 
160 414 
165 414 
378 414 
19 415 
62 415 
82 415 
96 415 
110 415 
345 415 
425 415 
469 415 
566 415 
584 415 
719 415 
731 415 
12 416 
21 416 
56 416 
142 416 
194 416 
356 416 
474 416 
737 416 
8 417 
11 417 
208 417 
260 417 
317 417 
345 417 
512 417 
782 417 
4 418 
8 418 
49 418 
155 418 
187 418 
396 418 
788 418 
3 419 
9 419 
13 419 
77 419 
100 419 
208 419 
427 419 
489 419 
531 419 
7 420 
14 420 
19 420 
131 420 
143 420 
309 420 
430 420 
595 420 
693 420 
700 420 
756 420 
8 421 
28 421 
63 421 
319 421 
359 421 
368 421 
490 421 
589 421 
12 422 
16 422 
23 422 
31 422 
275 422 
382 422 
478 422 
602 422 
619 422 
666 422 
726 422 
741 422 
758 422 
7 423 
39 423 
78 423 
309 423 
358 423 
397 423 
479 423 
624 423 
760 423 
1 424 
12 424 
18 424 
40 424 
302 424 
363 424 
455 424 
3 425 
11 425 
19 425 
82 425 
101 425 
415 425 
469 425 
521 425 
731 425 
795 425 
7 426 
19 426 
29 426 
109 426 
134 426 
177 426 
654 426 
3 427 
4 427 
13 427 
69 427 
188 427 
419 427 
445 427 
457 427 
489 427 
494 427 
514 427 
40 428 
80 428 
94 428 
114 428 
403 428 
405 428 
5 429 
16 429 
166 429 
167 429 
393 429 
584 429 
14 430 
51 430 
58 430 
131 430 
191 430 
420 430 
540 430 
778 430 
7 431 
9 431 
63 431 
84 431 
154 431 
189 431 
440 431 
614 431 
682 431 
4 432 
21 432 
45 432 
258 432 
294 432 
389 432 
660 432 
661 432 
48 433 
78 433 
141 433 
193 433 
326 433 
377 433 
483 433 
501 433 
625 433 
5 434 
46 434 
209 434 
262 434 
286 434 
492 434 
637 434 
667 434 
679 434 
748 434 
3 435 
29 435 
94 435 
290 435 
293 435 
301 435 
641 435 
691 435 
37 436 
59 436 
269 436 
272 436 
295 436 
454 436 
505 436 
711 436 
716 436 
746 436 
14 437 
19 437 
60 437 
78 437 
132 437 
152 437 
524 437 
7 438 
19 438 
37 438 
51 438 
159 438 
177 438 
710 438 
4 439 
26 439 
35 439 
47 439 
177 439 
466 439 
7 440 
25 440 
110 440 
154 440 
374 440 
431 440 
614 440 
11 441 
18 441 
59 441 
60 441 
260 441 
369 441 
605 441 
637 441 
696 441 
4 442 
10 442 
63 442 
134 442 
189 442 
340 442 
448 442 
491 442 
656 442 
715 442 
6 443 
47 443 
77 443 
227 443 
292 443 
316 443 
688 443 
1 444 
2 444 
269 444 
281 444 
295 444 
377 444 
638 444 
671 444 
3 445 
8 445 
13 445 
115 445 
205 445 
427 445 
457 445 
494 445 
514 445 
587 445 
591 445 
785 445 
37 446 
42 446 
68 446 
111 446 
318 446 
759 446 
3 447 
8 447 
18 447 
70 447 
185 447 
368 447 
631 447 
708 447 
63 448 
116 448 
132 448 
189 448 
228 448 
442 448 
498 448 
525 448 
593 448 
6 449 
25 449 
103 449 
115 449 
149 449 
216 449 
481 449 
745 449 
12 450 
16 450 
34 450 
59 450 
343 450 
363 450 
463 450 
632 450 
712 450 
3 451 
15 451 
22 451 
231 451 
249 451 
308 451 
70 452 
94 452 
195 452 
359 452 
368 452 
381 452 
473 452 
559 452 
747 452 
767 452 
7 453 
12 453 
23 453 
31 453 
64 453 
207 453 
599 453 
10 454 
15 454 
269 454 
295 454 
394 454 
436 454 
455 454 
513 454 
522 454 
716 454 
10 455 
15 455 
40 455 
302 455 
424 455 
454 455 
4 456 
12 456 
24 456 
109 456 
155 456 
197 456 
525 456 
13 457 
30 457 
69 457 
188 457 
427 457 
445 457 
39 458 
97 458 
162 458 
290 458 
291 458 
293 458 
623 458 
649 458 
702 458 
789 458 
165 459 
197 459 
208 459 
209 459 
230 459 
384 459 
662 459 
742 459 
4 460 
6 460 
68 460 
91 460 
105 460 
186 460 
652 460 
712 460 
36 461 
40 461 
77 461 
97 461 
117 461 
364 461 
765 461 
6 462 
43 462 
44 462 
172 462 
178 462 
564 462 
7 463 
12 463 
49 463 
194 463 
363 463 
450 463 
632 463 
636 463 
3 464 
6 464 
10 464 
30 464 
63 464 
184 464 
526 464 
771 464 
41 465 
43 465 
80 465 
122 465 
174 465 
212 465 
527 465 
590 465 
4 466 
66 466 
177 466 
194 466 
329 466 
439 466 
14 467 
16 467 
43 467 
116 467 
141 467 
257 467 
534 467 
586 467 
705 467 
1 468 
101 468 
178 468 
217 468 
324 468 
410 468 
628 468 
728 468 
769 468 
19 469 
25 469 
43 469 
56 469 
415 469 
425 469 
700 469 
3 470 
44 470 
69 470 
74 470 
126 470 
297 470 
515 470 
562 470 
1 471 
107 471 
155 471 
279 471 
294 471 
339 471 
30 472 
39 472 
49 472 
67 472 
75 472 
192 472 
596 472 
713 472 
798 472 
20 473 
28 473 
94 473 
195 473 
381 473 
452 473 
493 473 
502 473 
188 474 
194 474 
290 474 
356 474 
358 474 
416 474 
570 474 
577 474 
651 474 
18 475 
49 475 
94 475 
195 475 
238 475 
271 475 
526 475 
629 475 
640 475 
1 476 
14 476 
59 476 
133 476 
202 476 
331 476 
676 476 
764 476 
14 477 
16 477 
66 477 
111 477 
329 477 
370 477 
488 477 
648 477 
23 478 
31 478 
155 478 
159 478 
400 478 
422 478 
541 478 
602 478 
666 478 
726 478 
743 478 
783 478 
20 479 
50 479 
78 479 
309 479 
381 479 
423 479 
597 479 
620 479 
704 479 
756 479 
28 480 
53 480 
116 480 
131 480 
181 480 
755 480 
30 481 
49 481 
149 481 
216 481 
271 481 
449 481 
546 481 
569 481 
3 482 
7 482 
38 482 
53 482 
54 482 
202 482 
2 483 
4 483 
23 483 
48 483 
193 483 
433 483 
7 484 
15 484 
35 484 
73 484 
115 484 
394 484 
573 484 
5 485 
47 485 
187 485 
227 485 
286 485 
396 485 
648 485 
3 486 
12 486 
101 486 
109 486 
251 486 
271 486 
733 486 
104 487 
187 487 
278 487 
327 487 
338 487 
16 488 
76 488 
106 488 
111 488 
113 488 
477 488 
567 488 
648 488 
655 488 
6 489 
13 489 
30 489 
65 489 
419 489 
427 489 
761 489 
4 490 
8 490 
9 490 
359 490 
385 490 
421 490 
4 491 
82 491 
134 491 
238 491 
303 491 
442 491 
498 491 
556 491 
563 491 
656 491 
751 491 
4 492 
5 492 
209 492 
231 492 
246 492 
434 492 
536 492 
4 493 
18 493 
69 493 
94 493 
195 493 
473 493 
502 493 
3 494 
20 494 
131 494 
180 494 
427 494 
445 494 
514 494 
555 494 
587 494 
5 495 
26 495 
204 495 
255 495 
289 495 
362 495 
610 495 
5 496 
8 496 
152 496 
158 496 
262 496 
375 496 
646 496 
9 497 
18 497 
20 497 
98 497 
130 497 
158 497 
511 497 
554 497 
593 497 
638 497 
762 497 
116 498 
132 498 
238 498 
303 498 
448 498 
491 498 
525 498 
675 498 
751 498 
133 499 
142 499 
253 499 
278 499 
321 499 
323 499 
510 499 
35 500 
38 500 
93 500 
202 500 
207 500 
353 500 
14 501 
41 501 
193 501 
287 501 
377 501 
433 501 
25 502 
32 502 
95 502 
195 502 
473 502 
493 502 
603 502 
36 503 
66 503 
153 503 
200 503 
246 503 
290 503 
725 503 
49 504 
52 504 
148 504 
223 504 
328 504 
364 504 
621 504 
644 504 
4 505 
158 505 
233 505 
269 505 
319 505 
436 505 
538 505 
695 505 
26 506 
129 506 
251 506 
296 506 
329 506 
362 506 
554 506 
565 506 
19 507 
30 507 
34 507 
41 507 
90 507 
93 507 
598 507 
34 508 
46 508 
124 508 
181 508 
212 508 
232 508 
540 508 
585 508 
718 508 
4 509 
6 509 
70 509 
85 509 
152 509 
307 509 
745 509 
4 510 
6 510 
168 510 
321 510 
323 510 
499 510 
9 511 
13 511 
16 511 
18 511 
306 511 
497 511 
627 511 
707 511 
121 512 
208 512 
212 512 
345 512 
346 512 
417 512 
666 512 
672 512 
782 512 
796 512 
15 513 
47 513 
162 513 
265 513 
394 513 
454 513 
522 513 
9 514 
80 514 
330 514 
427 514 
445 514 
494 514 
547 514 
587 514 
591 514 
621 514 
753 514 
69 515 
126 515 
270 515 
277 515 
317 515 
470 515 
562 515 
640 515 
763 515 
8 516 
42 516 
139 516 
205 516 
210 516 
260 516 
539 516 
6 517 
48 517 
157 517 
233 517 
237 517 
357 517 
3 518 
4 518 
5 518 
22 518 
58 518 
103 518 
574 518 
587 518 
680 518 
9 519 
16 519 
146 519 
178 519 
343 519 
356 519 
27 520 
74 520 
107 520 
191 520 
240 520 
300 520 
557 520 
583 520 
3 521 
73 521 
80 521 
101 521 
125 521 
425 521 
795 521 
15 522 
96 522 
252 522 
292 522 
454 522 
513 522 
770 522 
139 523 
147 523 
170 523 
213 523 
241 523 
260 523 
630 523 
650 523 
25 524 
39 524 
41 524 
78 524 
152 524 
437 524 
636 524 
109 525 
132 525 
197 525 
448 525 
456 525 
498 525 
3 526 
18 526 
30 526 
271 526 
464 526 
475 526 
640 526 
694 526 
43 527 
57 527 
129 527 
174 527 
329 527 
465 527 
619 527 
7 528 
14 528 
46 528 
204 528 
253 528 
565 528 
630 528 
800 528 
4 529 
20 529 
79 529 
158 529 
176 529 
182 529 
576 529 
9 530 
12 530 
23 530 
46 530 
254 530 
302 530 
714 530 
13 531 
66 531 
94 531 
100 531 
371 531 
419 531 
16 532 
41 532 
44 532 
203 532 
340 532 
392 532 
611 532 
665 532 
704 532 
773 532 
792 532 
1 533 
16 533 
171 533 
255 533 
263 533 
382 533 
12 534 
14 534 
25 534 
151 534 
257 534 
467 534 
39 535 
60 535 
108 535 
145 535 
160 535 
291 535 
677 535 
682 535 
4 536 
170 536 
193 536 
231 536 
246 536 
492 536 
537 536 
4 537 
5 537 
7 537 
16 537 
193 537 
536 537 
588 537 
1 538 
21 538 
97 538 
158 538 
269 538 
505 538 
581 538 
695 538 
721 538 
764 538 
8 539 
36 539 
80 539 
210 539 
332 539 
516 539 
46 540 
51 540 
191 540 
232 540 
430 540 
508 540 
585 540 
778 540 
23 541 
31 541 
95 541 
116 541 
151 541 
478 541 
7 542 
24 542 
66 542 
95 542 
116 542 
124 542 
572 542 
681 542 
4 543 
9 543 
22 543 
231 543 
350 543 
378 543 
556 543 
590 543 
760 543 
771 543 
43 544 
66 544 
270 544 
298 544 
353 544 
367 544 
744 544 
3 545 
69 545 
187 545 
282 545 
292 545 
304 545 
25 546 
129 546 
149 546 
216 546 
268 546 
481 546 
9 547 
222 547 
296 547 
330 547 
371 547 
514 547 
600 547 
641 547 
753 547 
16 548 
74 548 
104 548 
110 548 
303 548 
327 548 
102 549 
126 549 
129 549 
251 549 
322 549 
387 549 
603 549 
740 549 
6 550 
39 550 
49 550 
192 550 
265 550 
267 550 
51 551 
87 551 
88 551 
231 551 
249 551 
383 551 
598 551 
633 551 
703 551 
19 552 
32 552 
78 552 
104 552 
140 552 
16 553 
18 553 
41 553 
82 553 
107 553 
191 553 
702 553 
721 553 
781 553 
20 554 
26 554 
158 554 
362 554 
497 554 
506 554 
638 554 
6 555 
29 555 
77 555 
131 555 
180 555 
494 555 
4 556 
9 556 
82 556 
303 556 
491 556 
543 556 
563 556 
760 556 
773 556 
7 557 
44 557 
74 557 
191 557 
211 557 
520 557 
574 557 
583 557 
688 557 
776 557 
26 558 
96 558 
120 558 
198 558 
220 558 
374 558 
757 558 
1 559 
3 559 
70 559 
217 559 
359 559 
452 559 
567 559 
608 559 
5 560 
12 560 
37 560 
60 560 
132 560 
139 560 
591 560 
595 560 
29 561 
49 561 
118 561 
223 561 
332 561 
600 561 
616 561 
9 562 
22 562 
36 562 
126 562 
470 562 
515 562 
640 562 
2 563 
32 563 
69 563 
303 563 
491 563 
556 563 
766 563 
6 564 
28 564 
36 564 
48 564 
229 564 
462 564 
7 565 
14 565 
26 565 
296 565 
506 565 
528 565 
18 566 
63 566 
110 566 
345 566 
404 566 
415 566 
664 566 
719 566 
3 567 
76 567 
106 567 
217 567 
488 567 
559 567 
608 567 
14 568 
23 568 
50 568 
167 568 
358 568 
385 568 
709 568 
49 569 
84 569 
156 569 
220 569 
271 569 
481 569 
705 569 
22 570 
118 570 
188 570 
217 570 
358 570 
474 570 
577 570 
13 571 
25 571 
59 571 
104 571 
127 571 
366 571 
599 571 
612 571 
799 571 
7 572 
24 572 
78 572 
125 572 
206 572 
542 572 
642 572 
787 572 
7 573 
8 573 
26 573 
115 573 
311 573 
484 573 
4 574 
5 574 
7 574 
211 574 
518 574 
557 574 
587 574 
7 575 
46 575 
58 575 
179 575 
408 575 
48 576 
125 576 
158 576 
176 576 
237 576 
529 576 
74 577 
120 577 
297 577 
358 577 
474 577 
570 577 
728 577 
4 578 
8 578 
115 578 
252 578 
292 578 
1 579 
24 579 
31 579 
123 579 
208 579 
268 579 
1 580 
12 580 
68 580 
200 580 
261 580 
272 580 
626 580 
720 580 
734 580 
7 581 
15 581 
21 581 
97 581 
315 581 
538 581 
16 582 
33 582 
68 582 
98 582 
219 582 
370 582 
693 582 
726 582 
74 583 
115 583 
298 583 
367 583 
520 583 
557 583 
5 584 
62 584 
82 584 
166 584 
415 584 
429 584 
40 585 
185 585 
189 585 
232 585 
508 585 
540 585 
16 586 
116 586 
178 586 
324 586 
343 586 
467 586 
706 586 
5 587 
445 587 
494 587 
514 587 
518 587 
574 587 
591 587 
785 587 
4 588 
52 588 
137 588 
163 588 
193 588 
537 588 
28 589 
30 589 
69 589 
295 589 
319 589 
421 589 
699 589 
9 590 
41 590 
43 590 
350 590 
465 590 
543 590 
5 591 
60 591 
445 591 
514 591 
560 591 
587 591 
750 591 
785 591 
78 592 
94 592 
222 592 
228 592 
236 592 
405 592 
9 593 
98 593 
132 593 
228 593 
448 593 
497 593 
800 593 
80 594 
115 594 
216 594 
330 594 
353 594 
621 594 
19 595 
60 595 
132 595 
309 595 
420 595 
560 595 
30 596 
67 596 
143 596 
365 596 
379 596 
472 596 
741 596 
798 596 
50 597 
58 597 
113 597 
381 597 
408 597 
479 597 
19 598 
34 598 
231 598 
249 598 
507 598 
551 598 
639 598 
7 599 
12 599 
13 599 
366 599 
453 599 
571 599 
645 599 
708 599 
29 600 
296 600 
332 600 
371 600 
547 600 
561 600 
641 600 
797 600 
3 601 
10 601 
13 601 
14 601 
32 601 
150 601 
23 602 
32 602 
39 602 
312 602 
422 602 
478 602 
666 602 
784 602 
32 603 
129 603 
251 603 
502 603 
549 603 
678 603 
26 604 
81 604 
229 604 
257 604 
280 604 
626 604 
724 604 
1 605 
7 605 
18 605 
34 605 
60 605 
441 605 
637 605 
731 605 
7 606 
10 606 
27 606 
33 606 
182 606 
192 606 
787 606 
790 606 
5 607 
25 607 
42 607 
61 607 
151 607 
318 607 
14 608 
56 608 
217 608 
281 608 
559 608 
567 608 
664 608 
736 608 
744 608 
3 609 
12 609 
45 609 
100 609 
200 609 
209 609 
632 609 
4 610 
5 610 
22 610 
246 610 
289 610 
495 610 
720 610 
16 611 
26 611 
107 611 
274 611 
392 611 
532 611 
704 611 
4 612 
5 612 
24 612 
104 612 
127 612 
571 612 
56 613 
68 613 
171 613 
279 613 
364 613 
623 613 
102 614 
126 614 
154 614 
258 614 
431 614 
440 614 
32 615 
126 615 
218 615 
226 615 
313 615 
403 615 
6 616 
49 616 
223 616 
307 616 
561 616 
10 617 
49 617 
65 617 
67 617 
165 617 
317 617 
10 618 
114 618 
115 618 
149 618 
392 618 
406 618 
16 619 
57 619 
129 619 
275 619 
422 619 
527 619 
741 619 
7 620 
20 620 
202 620 
224 620 
381 620 
479 620 
704 620 
756 620 
49 621 
223 621 
330 621 
504 621 
514 621 
594 621 
677 621 
5 622 
9 622 
12 622 
21 622 
38 622 
230 622 
707 622 
39 623 
68 623 
162 623 
171 623 
458 623 
613 623 
36 624 
249 624 
297 624 
358 624 
397 624 
423 624 
78 625 
141 625 
176 625 
269 625 
281 625 
433 625 
694 625 
68 626 
81 626 
272 626 
280 626 
580 626 
604 626 
720 626 
734 626 
13 627 
35 627 
306 627 
392 627 
406 627 
511 627 
691 627 
707 627 
32 628 
178 628 
187 628 
338 628 
410 628 
468 628 
74 629 
107 629 
195 629 
238 629 
274 629 
475 629 
204 630 
213 630 
253 630 
260 630 
523 630 
528 630 
3 631 
8 631 
308 631 
361 631 
368 631 
447 631 
45 632 
100 632 
363 632 
450 632 
463 632 
609 632 
51 633 
87 633 
129 633 
157 633 
158 633 
551 633 
799 633 
5 634 
30 634 
82 634 
88 634 
121 634 
221 634 
3 635 
58 635 
147 635 
170 635 
198 635 
252 635 
25 636 
41 636 
49 636 
194 636 
463 636 
524 636 
772 636 
5 637 
46 637 
60 637 
434 637 
441 637 
605 637 
716 637 
2 638 
158 638 
377 638 
444 638 
497 638 
554 638 
762 638 
231 639 
249 639 
321 639 
323 639 
390 639 
598 639 
646 639 
126 640 
271 640 
475 640 
515 640 
526 640 
562 640 
29 641 
301 641 
371 641 
435 641 
547 641 
600 641 
797 641 
78 642 
91 642 
120 642 
201 642 
206 642 
572 642 
717 642 
787 642 
3 643 
16 643 
30 643 
67 643 
314 643 
352 643 
770 643 
18 644 
176 644 
328 644 
346 644 
364 644 
504 644 
3 645 
7 645 
12 645 
14 645 
183 645 
599 645 
708 645 
152 646 
158 646 
323 646 
390 646 
496 646 
639 646 
1 647 
34 647 
36 647 
170 647 
246 647 
363 647 
660 647 
685 647 
16 648 
187 648 
396 648 
477 648 
485 648 
488 648 
14 649 
112 649 
290 649 
293 649 
331 649 
458 649 
674 649 
777 649 
73 650 
115 650 
170 650 
241 650 
391 650 
523 650 
194 651 
198 651 
244 651 
356 651 
412 651 
474 651 
6 652 
25 652 
96 652 
160 652 
186 652 
460 652 
26 653 
75 653 
96 653 
187 653 
292 653 
374 653 
29 654 
109 654 
136 654 
218 654 
403 654 
426 654 
786 654 
37 655 
76 655 
113 655 
182 655 
410 655 
488 655 
11 656 
76 656 
113 656 
134 656 
442 656 
491 656 
55 657 
99 657 
157 657 
166 657 
167 657 
679 657 
739 657 
8 658 
44 658 
103 658 
249 658 
259 658 
297 658 
9 659 
61 659 
92 659 
126 659 
144 659 
405 659 
714 659 
775 659 
36 660 
45 660 
170 660 
389 660 
432 660 
647 660 
732 660 
4 661 
45 661 
58 661 
284 661 
348 661 
432 661 
767 661 
209 662 
225 662 
296 662 
372 662 
384 662 
459 662 
742 662 
4 663 
16 663 
45 663 
120 663 
255 663 
767 663 
14 664 
18 664 
56 664 
63 664 
566 664 
608 664 
736 664 
744 664 
41 665 
153 665 
277 665 
317 665 
392 665 
532 665 
121 666 
212 666 
422 666 
478 666 
512 666 
602 666 
672 666 
676 666 
5 667 
275 667 
286 667 
327 667 
434 667 
679 667 
51 668 
94 668 
102 668 
144 668 
277 668 
323 668 
681 668 
695 668 
781 668 
14 669 
20 669 
88 669 
113 669 
150 669 
179 669 
1 670 
3 670 
8 670 
101 670 
178 670 
410 670 
742 670 
13 671 
89 671 
145 671 
269 671 
281 671 
444 671 
9 672 
11 672 
121 672 
190 672 
512 672 
666 672 
22 673 
36 673 
158 673 
281 673 
295 673 
380 673 
730 673 
9 674 
11 674 
61 674 
112 674 
331 674 
649 674 
777 674 
21 675 
22 675 
116 675 
132 675 
378 675 
498 675 
121 676 
133 676 
212 676 
331 676 
476 676 
666 676 
60 677 
145 677 
330 677 
535 677 
621 677 
682 677 
40 678 
114 678 
129 678 
251 678 
603 678 
7 679 
99 679 
286 679 
434 679 
657 679 
667 679 
3 680 
4 680 
5 680 
259 680 
401 680 
518 680 
24 681 
66 681 
144 681 
323 681 
542 681 
668 681 
695 681 
9 682 
63 682 
145 682 
431 682 
535 682 
677 682 
690 682 
11 683 
106 683 
170 683 
214 683 
324 683 
409 683 
109 684 
119 684 
157 684 
163 684 
357 684 
398 684 
1 685 
4 685 
34 685 
310 685 
350 685 
647 685 
753 685 
4 686 
19 686 
39 686 
174 686 
358 686 
385 686 
58 687 
103 687 
110 687 
129 687 
152 687 
307 687 
6 688 
47 688 
74 688 
191 688 
443 688 
557 688 
55 689 
68 689 
146 689 
166 689 
204 689 
356 689 
63 690 
188 690 
312 690 
359 690 
682 690 
35 691 
94 691 
290 691 
392 691 
435 691 
627 691 
8 692 
67 692 
68 692 
227 692 
279 692 
396 692 
796 692 
7 693 
19 693 
98 693 
219 693 
420 693 
582 693 
700 693 
726 693 
756 693 
18 694 
176 694 
271 694 
281 694 
526 694 
625 694 
158 695 
323 695 
505 695 
538 695 
668 695 
681 695 
721 695 
764 695 
16 696 
89 696 
260 696 
369 696 
376 696 
441 696 
4 697 
170 697 
209 697 
214 697 
269 697 
348 697 
11 698 
58 698 
106 698 
113 698 
195 698 
238 698 
776 698 
30 699 
120 699 
137 699 
201 699 
295 699 
589 699 
19 700 
25 700 
56 700 
420 700 
469 700 
693 700 
5 701 
46 701 
88 701 
109 701 
119 701 
300 701 
792 701 
97 702 
107 702 
191 702 
290 702 
458 702 
553 702 
721 702 
12 703 
87 703 
88 703 
209 703 
384 703 
551 703 
16 704 
20 704 
479 704 
532 704 
611 704 
620 704 
43 705 
156 705 
220 705 
257 705 
467 705 
569 705 
94 706 
277 706 
324 706 
343 706 
411 706 
586 706 
9 707 
230 707 
306 707 
511 707 
622 707 
627 707 
769 707 
7 708 
18 708 
185 708 
447 708 
599 708 
645 708 
4 709 
14 709 
19 709 
354 709 
385 709 
568 709 
795 709 
2 710 
51 710 
159 710 
161 710 
438 710 
1 711 
2 711 
11 711 
59 711 
272 711 
436 711 
746 711 
59 712 
91 712 
105 712 
343 712 
450 712 
460 712 
20 713 
39 713 
150 713 
192 713 
298 713 
472 713 
735 713 
23 714 
46 714 
144 714 
405 714 
530 714 
659 714 
10 715 
106 715 
156 715 
189 715 
220 715 
442 715 
755 715 
5 716 
46 716 
295 716 
436 716 
454 716 
637 716 
3 717 
4 717 
32 717 
78 717 
206 717 
642 717 
12 718 
34 718 
181 718 
197 718 
384 718 
508 718 
18 719 
254 719 
345 719 
404 719 
415 719 
566 719 
723 719 
4 720 
68 720 
246 720 
580 720 
610 720 
626 720 
734 720 
158 721 
191 721 
538 721 
553 721 
695 721 
702 721 
764 721 
781 721 
3 722 
4 722 
7 722 
37 722 
174 722 
177 722 
18 723 
254 723 
255 723 
296 723 
388 723 
719 723 
73 724 
256 724 
257 724 
288 724 
299 724 
604 724 
66 725 
68 725 
153 725 
164 725 
272 725 
503 725 
31 726 
98 726 
422 726 
478 726 
582 726 
693 726 
783 726 
13 727 
59 727 
248 727 
384 727 
390 727 
782 727 
1 728 
74 728 
101 728 
297 728 
468 728 
577 728 
769 728 
9 729 
12 729 
31 729 
77 729 
178 729 
205 729 
22 730 
51 730 
87 730 
172 730 
380 730 
673 730 
749 730 
1 731 
7 731 
82 731 
415 731 
425 731 
605 731 
24 732 
45 732 
155 732 
166 732 
389 732 
660 732 
3 733 
6 733 
9 733 
63 733 
271 733 
486 733 
4 734 
27 734 
122 734 
580 734 
626 734 
720 734 
30 735 
39 735 
78 735 
141 735 
192 735 
713 735 
14 736 
37 736 
64 736 
98 736 
608 736 
664 736 
744 736 
3 737 
56 737 
356 737 
398 737 
416 737 
60 738 
270 738 
303 738 
310 738 
342 738 
349 738 
1 739 
35 739 
55 739 
166 739 
250 739 
657 739 
118 740 
217 740 
251 740 
322 740 
390 740 
549 740 
16 741 
365 741 
379 741 
422 741 
596 741 
619 741 
758 741 
3 742 
101 742 
384 742 
459 742 
662 742 
670 742 
159 743 
273 743 
330 743 
336 743 
400 743 
478 743 
298 744 
367 744 
544 744 
608 744 
664 744 
736 744 
4 745 
25 745 
85 745 
103 745 
449 745 
509 745 
18 746 
130 746 
254 746 
272 746 
436 746 
711 746 
6 747 
49 747 
65 747 
195 747 
381 747 
452 747 
767 747 
46 748 
188 748 
277 748 
286 748 
411 748 
434 748 
51 749 
87 749 
94 749 
264 749 
371 749 
730 749 
5 750 
59 750 
60 750 
241 750 
366 750 
591 750 
797 750 
4 751 
143 751 
303 751 
379 751 
491 751 
498 751 
7 752 
36 752 
51 752 
70 752 
99 752 
198 752 
4 753 
9 753 
310 753 
514 753 
547 753 
685 753 
1 754 
5 754 
8 754 
73 754 
247 754 
315 754 
10 755 
116 755 
189 755 
228 755 
480 755 
715 755 
7 756 
381 756 
420 756 
479 756 
620 756 
693 756 
6 757 
20 757 
28 757 
198 757 
374 757 
558 757 
16 758 
42 758 
182 758 
213 758 
422 758 
741 758 
784 758 
9 759 
68 759 
72 759 
111 759 
252 759 
446 759 
9 760 
39 760 
397 760 
423 760 
543 760 
556 760 
771 760 
6 761 
30 761 
123 761 
153 761 
165 761 
489 761 
18 762 
49 762 
158 762 
265 762 
497 762 
638 762 
765 762 
2 763 
4 763 
187 763 
277 763 
317 763 
515 763 
14 764 
202 764 
476 764 
538 764 
695 764 
721 764 
18 765 
97 765 
265 765 
364 765 
461 765 
762 765 
1 766 
2 766 
32 766 
145 766 
235 766 
563 766 
45 767 
381 767 
452 767 
661 767 
663 767 
747 767 
3 768 
20 768 
26 768 
38 768 
53 768 
314 768 
9 769 
101 769 
230 769 
468 769 
707 769 
728 769 
67 770 
252 770 
292 770 
352 770 
522 770 
643 770 
6 771 
9 771 
63 771 
464 771 
543 771 
760 771 
49 772 
74 772 
194 772 
238 772 
399 772 
636 772 
4 773 
9 773 
203 773 
340 773 
532 773 
556 773 
792 773 
58 774 
87 774 
113 774 
131 774 
143 774 
181 774 
4 775 
61 775 
92 775 
115 775 
411 775 
659 775 
11 776 
44 776 
106 776 
211 776 
557 776 
698 776 
44 777 
106 777 
121 777 
331 777 
649 777 
674 777 
25 778 
52 778 
84 778 
430 778 
540 778 
14 779 
16 779 
24 779 
31 779 
67 779 
4 780 
27 780 
182 780 
222 780 
348 780 
352 780 
51 781 
94 781 
191 781 
553 781 
668 781 
721 781 
118 782 
345 782 
390 782 
417 782 
512 782 
727 782 
28 783 
31 783 
103 783 
172 783 
478 783 
726 783 
39 784 
42 784 
213 784 
312 784 
602 784 
758 784 
51 785 
70 785 
198 785 
445 785 
587 785 
591 785 
25 786 
136 786 
205 786 
218 786 
237 786 
654 786 
10 787 
33 787 
78 787 
572 787 
606 787 
642 787 
4 788 
42 788 
58 788 
111 788 
155 788 
418 788 
9 789 
97 789 
214 789 
302 789 
458 789 
29 790 
182 790 
192 790 
253 790 
274 790 
606 790 
4 791 
154 791 
183 791 
248 791 
308 791 
328 791 
5 792 
119 792 
203 792 
532 792 
701 792 
773 792 
16 793 
44 793 
204 793 
255 793 
341 793 
356 793 
80 794 
133 794 
183 794 
215 794 
331 794 
399 794 
19 795 
101 795 
354 795 
425 795 
521 795 
709 795 
8 796 
208 796 
227 796 
345 796 
512 796 
692 796 
5 797 
60 797 
371 797 
600 797 
641 797 
750 797 
10 798 
12 798 
21 798 
67 798 
472 798 
596 798 
25 799 
51 799 
87 799 
127 799 
571 799 
633 799 
7 800 
9 800 
39 800 
98 800 
528 800 
593 800 
