2 1 
3 1 
4 1 
5 1 
7 1 
13 1 
15 1 
19 1 
22 1 
25 1 
26 1 
32 1 
33 1 
34 1 
45 1 
47 1 
49 1 
51 1 
53 1 
57 1 
65 1 
72 1 
73 1 
78 1 
91 1 
97 1 
105 1 
106 1 
115 1 
119 1 
133 1 
147 1 
166 1 
168 1 
179 1 
184 1 
188 1 
194 1 
205 1 
219 1 
234 1 
237 1 
289 1 
295 1 
314 1 
318 1 
322 1 
334 1 
344 1 
345 1 
353 1 
370 1 
374 1 
400 1 
413 1 
440 1 
463 1 
477 1 
487 1 
488 1 
508 1 
518 1 
543 1 
548 1 
554 1 
558 1 
576 1 
642 1 
673 1 
688 1 
708 1 
715 1 
723 1 
735 1 
742 1 
770 1 
783 1 
799 1 
1 2 
3 2 
4 2 
5 2 
6 2 
7 2 
8 2 
11 2 
14 2 
16 2 
23 2 
24 2 
26 2 
28 2 
32 2 
35 2 
36 2 
38 2 
40 2 
47 2 
48 2 
58 2 
63 2 
64 2 
67 2 
74 2 
76 2 
83 2 
86 2 
94 2 
101 2 
114 2 
125 2 
128 2 
148 2 
152 2 
165 2 
174 2 
196 2 
203 2 
219 2 
220 2 
223 2 
239 2 
244 2 
290 2 
298 2 
305 2 
306 2 
314 2 
326 2 
350 2 
356 2 
368 2 
369 2 
384 2 
403 2 
417 2 
427 2 
433 2 
454 2 
481 2 
493 2 
525 2 
548 2 
550 2 
555 2 
576 2 
584 2 
588 2 
591 2 
600 2 
611 2 
636 2 
690 2 
709 2 
721 2 
726 2 
729 2 
733 2 
736 2 
757 2 
768 2 
783 2 
793 2 
796 2 
1 3 
2 3 
4 3 
5 3 
6 3 
9 3 
10 3 
14 3 
17 3 
19 3 
20 3 
23 3 
24 3 
26 3 
32 3 
33 3 
38 3 
41 3 
43 3 
45 3 
49 3 
50 3 
55 3 
60 3 
62 3 
63 3 
65 3 
80 3 
86 3 
92 3 
95 3 
101 3 
109 3 
111 3 
126 3 
141 3 
147 3 
149 3 
158 3 
165 3 
167 3 
168 3 
171 3 
172 3 
185 3 
194 3 
198 3 
206 3 
210 3 
226 3 
227 3 
259 3 
261 3 
266 3 
277 3 
298 3 
301 3 
325 3 
349 3 
371 3 
391 3 
395 3 
406 3 
413 3 
432 3 
433 3 
440 3 
462 3 
479 3 
517 3 
527 3 
529 3 
555 3 
561 3 
608 3 
610 3 
633 3 
641 3 
656 3 
668 3 
669 3 
674 3 
686 3 
687 3 
700 3 
703 3 
721 3 
732 3 
742 3 
1 4 
2 4 
3 4 
5 4 
6 4 
7 4 
8 4 
9 4 
10 4 
12 4 
15 4 
17 4 
18 4 
21 4 
22 4 
23 4 
24 4 
27 4 
28 4 
29 4 
32 4 
33 4 
38 4 
47 4 
48 4 
51 4 
54 4 
85 4 
86 4 
92 4 
99 4 
100 4 
106 4 
119 4 
123 4 
125 4 
127 4 
139 4 
140 4 
146 4 
147 4 
149 4 
152 4 
156 4 
163 4 
170 4 
174 4 
175 4 
176 4 
177 4 
179 4 
189 4 
191 4 
196 4 
199 4 
212 4 
214 4 
237 4 
241 4 
247 4 
260 4 
261 4 
268 4 
275 4 
281 4 
284 4 
288 4 
314 4 
326 4 
356 4 
360 4 
362 4 
373 4 
375 4 
377 4 
378 4 
389 4 
399 4 
402 4 
403 4 
407 4 
408 4 
409 4 
412 4 
434 4 
442 4 
446 4 
449 4 
455 4 
463 4 
477 4 
497 4 
505 4 
507 4 
511 4 
512 4 
525 4 
541 4 
552 4 
557 4 
564 4 
577 4 
582 4 
595 4 
608 4 
616 4 
621 4 
637 4 
643 4 
669 4 
674 4 
676 4 
680 4 
681 4 
700 4 
728 4 
729 4 
734 4 
764 4 
774 4 
797 4 
1 5 
2 5 
3 5 
4 5 
6 5 
7 5 
8 5 
9 5 
11 5 
13 5 
14 5 
15 5 
16 5 
17 5 
19 5 
20 5 
21 5 
22 5 
25 5 
27 5 
31 5 
35 5 
37 5 
40 5 
42 5 
43 5 
44 5 
45 5 
47 5 
48 5 
50 5 
52 5 
55 5 
58 5 
61 5 
69 5 
72 5 
73 5 
76 5 
77 5 
83 5 
85 5 
91 5 
92 5 
98 5 
104 5 
107 5 
112 5 
115 5 
127 5 
152 5 
155 5 
160 5 
162 5 
170 5 
172 5 
184 5 
187 5 
200 5 
210 5 
213 5 
215 5 
228 5 
243 5 
251 5 
264 5 
267 5 
270 5 
278 5 
291 5 
293 5 
309 5 
342 5 
349 5 
353 5 
355 5 
356 5 
366 5 
367 5 
370 5 
383 5 
404 5 
422 5 
430 5 
435 5 
440 5 
452 5 
453 5 
462 5 
463 5 
465 5 
478 5 
482 5 
484 5 
494 5 
496 5 
514 5 
526 5 
531 5 
533 5 
583 5 
592 5 
622 5 
626 5 
627 5 
640 5 
648 5 
649 5 
659 5 
674 5 
680 5 
696 5 
702 5 
706 5 
712 5 
739 5 
746 5 
762 5 
765 5 
775 5 
2 6 
3 6 
4 6 
5 6 
7 6 
8 6 
9 6 
10 6 
11 6 
14 6 
16 6 
17 6 
18 6 
20 6 
23 6 
24 6 
27 6 
28 6 
29 6 
30 6 
35 6 
36 6 
39 6 
42 6 
44 6 
46 6 
50 6 
51 6 
54 6 
57 6 
58 6 
59 6 
62 6 
63 6 
64 6 
69 6 
70 6 
71 6 
84 6 
88 6 
89 6 
90 6 
92 6 
93 6 
99 6 
103 6 
106 6 
107 6 
108 6 
110 6 
111 6 
113 6 
121 6 
122 6 
127 6 
128 6 
129 6 
130 6 
131 6 
138 6 
140 6 
150 6 
153 6 
178 6 
187 6 
188 6 
190 6 
193 6 
195 6 
207 6 
214 6 
216 6 
220 6 
222 6 
223 6 
224 6 
229 6 
231 6 
240 6 
243 6 
244 6 
247 6 
249 6 
252 6 
257 6 
267 6 
268 6 
273 6 
275 6 
277 6 
281 6 
287 6 
289 6 
301 6 
326 6 
334 6 
340 6 
341 6 
343 6 
351 6 
352 6 
357 6 
360 6 
369 6 
373 6 
382 6 
392 6 
396 6 
408 6 
415 6 
422 6 
427 6 
429 6 
432 6 
437 6 
472 6 
492 6 
499 6 
516 6 
522 6 
546 6 
550 6 
552 6 
559 6 
567 6 
581 6 
584 6 
587 6 
591 6 
597 6 
606 6 
608 6 
613 6 
615 6 
629 6 
637 6 
644 6 
645 6 
652 6 
654 6 
662 6 
672 6 
693 6 
695 6 
703 6 
713 6 
717 6 
728 6 
733 6 
739 6 
759 6 
769 6 
794 6 
1 7 
2 7 
4 7 
5 7 
6 7 
8 7 
11 7 
12 7 
13 7 
18 7 
20 7 
21 7 
25 7 
30 7 
37 7 
44 7 
50 7 
64 7 
98 7 
99 7 
121 7 
130 7 
133 7 
148 7 
154 7 
219 7 
220 7 
230 7 
234 7 
333 7 
338 7 
355 7 
430 7 
442 7 
504 7 
527 7 
530 7 
575 7 
631 7 
670 7 
695 7 
733 7 
765 7 
2 8 
4 8 
5 8 
6 8 
7 8 
11 8 
12 8 
14 8 
16 8 
18 8 
25 8 
28 8 
31 8 
36 8 
37 8 
38 8 
41 8 
55 8 
68 8 
70 8 
71 8 
72 8 
80 8 
97 8 
108 8 
117 8 
131 8 
135 8 
138 8 
142 8 
145 8 
153 8 
159 8 
174 8 
177 8 
200 8 
206 8 
218 8 
222 8 
226 8 
244 8 
246 8 
252 8 
264 8 
269 8 
280 8 
284 8 
300 8 
304 8 
310 8 
372 8 
387 8 
392 8 
403 8 
405 8 
423 8 
448 8 
486 8 
490 8 
494 8 
496 8 
503 8 
504 8 
507 8 
575 8 
600 8 
603 8 
634 8 
635 8 
637 8 
659 8 
665 8 
709 8 
715 8 
716 8 
737 8 
740 8 
751 8 
752 8 
754 8 
779 8 
786 8 
796 8 
3 9 
4 9 
5 9 
6 9 
10 9 
15 9 
16 9 
17 9 
21 9 
35 9 
41 9 
52 9 
64 9 
66 9 
69 9 
71 9 
76 9 
78 9 
83 9 
87 9 
95 9 
99 9 
102 9 
118 9 
123 9 
137 9 
154 9 
161 9 
199 9 
213 9 
215 9 
221 9 
257 9 
258 9 
264 9 
287 9 
293 9 
294 9 
309 9 
326 9 
336 9 
354 9 
369 9 
397 9 
435 9 
482 9 
513 9 
526 9 
568 9 
571 9 
586 9 
588 9 
621 9 
627 9 
700 9 
726 9 
748 9 
3 10 
4 10 
6 10 
9 10 
14 10 
17 10 
46 10 
52 10 
54 10 
57 10 
71 10 
79 10 
82 10 
86 10 
87 10 
95 10 
99 10 
126 10 
134 10 
136 10 
161 10 
176 10 
181 10 
190 10 
193 10 
212 10 
223 10 
228 10 
254 10 
257 10 
270 10 
292 10 
306 10 
333 10 
337 10 
340 10 
351 10 
411 10 
497 10 
540 10 
574 10 
578 10 
588 10 
595 10 
696 10 
714 10 
719 10 
722 10 
737 10 
745 10 
790 10 
2 11 
5 11 
6 11 
7 11 
8 11 
12 11 
36 11 
37 11 
38 11 
61 11 
64 11 
70 11 
93 11 
99 11 
121 11 
135 11 
171 11 
203 11 
220 11 
230 11 
242 11 
247 11 
253 11 
291 11 
299 11 
306 11 
333 11 
338 11 
347 11 
348 11 
356 11 
421 11 
441 11 
509 11 
537 11 
544 11 
553 11 
614 11 
631 11 
666 11 
755 11 
765 11 
782 11 
783 11 
4 12 
7 12 
8 12 
11 12 
13 12 
68 12 
93 12 
121 12 
153 12 
280 12 
325 12 
504 12 
575 12 
614 12 
666 12 
1 13 
5 13 
7 13 
12 13 
19 13 
20 13 
53 13 
77 13 
133 13 
156 13 
205 13 
285 13 
420 13 
442 13 
488 13 
531 13 
622 13 
642 13 
2 14 
3 14 
5 14 
6 14 
8 14 
10 14 
16 14 
20 14 
23 14 
26 14 
27 14 
34 14 
39 14 
40 14 
46 14 
48 14 
58 14 
70 14 
100 14 
101 14 
103 14 
107 14 
110 14 
112 14 
120 14 
131 14 
145 14 
147 14 
157 14 
165 14 
169 14 
197 14 
200 14 
213 14 
221 14 
224 14 
246 14 
268 14 
286 14 
293 14 
304 14 
305 14 
313 14 
340 14 
343 14 
352 14 
355 14 
364 14 
378 14 
384 14 
398 14 
436 14 
442 14 
450 14 
452 14 
453 14 
467 14 
480 14 
522 14 
532 14 
549 14 
611 14 
634 14 
667 14 
675 14 
701 14 
725 14 
727 14 
747 14 
753 14 
766 14 
778 14 
792 14 
1 15 
4 15 
5 15 
9 15 
21 15 
22 15 
25 15 
31 15 
34 15 
43 15 
49 15 
66 15 
79 15 
81 15 
91 15 
114 15 
123 15 
160 15 
170 15 
172 15 
175 15 
183 15 
200 15 
232 15 
241 15 
253 15 
261 15 
262 15 
288 15 
309 15 
318 15 
322 15 
329 15 
357 15 
375 15 
385 15 
390 15 
400 15 
408 15 
415 15 
424 15 
447 15 
451 15 
463 15 
468 15 
496 15 
497 15 
515 15 
521 15 
539 15 
569 15 
574 15 
580 15 
583 15 
593 15 
619 15 
653 15 
746 15 
795 15 
2 16 
5 16 
6 16 
8 16 
9 16 
14 16 
26 16 
34 16 
35 16 
44 16 
58 16 
59 16 
66 16 
69 16 
87 16 
93 16 
94 16 
96 16 
100 16 
102 16 
131 16 
150 16 
154 16 
160 16 
176 16 
195 16 
215 16 
271 16 
290 16 
294 16 
297 16 
303 16 
310 16 
323 16 
324 16 
328 16 
377 16 
389 16 
392 16 
413 16 
428 16 
456 16 
465 16 
550 16 
562 16 
607 16 
614 16 
636 16 
650 16 
660 16 
661 16 
709 16 
725 16 
730 16 
770 16 
3 17 
4 17 
5 17 
6 17 
9 17 
10 17 
18 17 
30 17 
41 17 
43 17 
45 17 
46 17 
52 17 
69 17 
75 17 
84 17 
86 17 
104 17 
108 17 
109 17 
123 17 
134 17 
136 17 
140 17 
141 17 
146 17 
162 17 
206 17 
216 17 
221 17 
222 17 
229 17 
288 17 
301 17 
319 17 
320 17 
327 17 
328 17 
352 17 
401 17 
404 17 
431 17 
435 17 
448 17 
540 17 
556 17 
571 17 
578 17 
594 17 
667 17 
737 17 
739 17 
771 17 
786 17 
790 17 
798 17 
4 18 
6 18 
7 18 
8 18 
17 18 
28 18 
29 18 
30 18 
51 18 
56 18 
59 18 
60 18 
74 18 
75 18 
84 18 
96 18 
106 18 
111 18 
113 18 
119 18 
120 18 
129 18 
140 18 
145 18 
162 18 
163 18 
173 18 
177 18 
190 18 
194 18 
250 18 
265 18 
307 18 
315 18 
317 18 
364 18 
388 18 
416 18 
417 18 
425 18 
433 18 
446 18 
459 18 
460 18 
466 18 
499 18 
500 18 
502 18 
542 18 
577 18 
606 18 
620 18 
663 18 
673 18 
710 18 
717 18 
751 18 
764 18 
789 18 
791 18 
800 18 
1 19 
3 19 
5 19 
13 19 
26 19 
32 19 
45 19 
53 19 
65 19 
68 19 
72 19 
77 19 
78 19 
85 19 
92 19 
104 19 
105 19 
106 19 
132 19 
136 19 
143 19 
156 19 
158 19 
161 19 
187 19 
188 19 
240 19 
251 19 
263 19 
278 19 
285 19 
310 19 
327 19 
335 19 
354 19 
382 19 
400 19 
405 19 
414 19 
420 19 
440 19 
445 19 
472 19 
475 19 
491 19 
512 19 
554 19 
560 19 
569 19 
594 19 
631 19 
652 19 
670 19 
688 19 
703 19 
711 19 
744 19 
748 19 
773 19 
784 19 
3 20 
5 20 
6 20 
7 20 
13 20 
14 20 
23 20 
24 20 
27 20 
88 20 
110 20 
111 20 
112 20 
227 20 
296 20 
346 20 
355 20 
598 20 
610 20 
675 20 
4 21 
5 21 
7 21 
9 21 
15 21 
43 21 
48 21 
79 21 
98 21 
125 21 
183 21 
215 21 
234 21 
248 21 
260 21 
298 21 
339 21 
357 21 
470 21 
477 21 
509 21 
527 21 
627 21 
743 21 
791 21 
1 22 
4 22 
5 22 
15 22 
25 22 
27 22 
31 22 
33 22 
57 22 
73 22 
85 22 
114 22 
116 22 
119 22 
128 22 
151 22 
155 22 
172 22 
175 22 
178 22 
193 22 
200 22 
209 22 
232 22 
241 22 
249 22 
256 22 
290 22 
304 22 
309 22 
313 22 
323 22 
361 22 
363 22 
389 22 
400 22 
407 22 
409 22 
420 22 
422 22 
425 22 
453 22 
473 22 
493 22 
506 22 
539 22 
582 22 
630 22 
679 22 
685 22 
689 22 
709 22 
749 22 
2 23 
3 23 
4 23 
6 23 
14 23 
20 23 
24 23 
29 23 
39 23 
63 23 
88 23 
110 23 
111 23 
114 23 
116 23 
128 23 
165 23 
177 23 
188 23 
191 23 
195 23 
196 23 
227 23 
238 23 
277 23 
330 23 
346 23 
360 23 
369 23 
376 23 
390 23 
398 23 
446 23 
476 23 
559 23 
598 23 
629 23 
651 23 
668 23 
686 23 
706 23 
718 23 
781 23 
782 23 
2 24 
3 24 
4 24 
6 24 
20 24 
23 24 
28 24 
50 24 
54 24 
62 24 
88 24 
107 24 
114 24 
116 24 
125 24 
144 24 
177 24 
180 24 
199 24 
209 24 
210 24 
214 24 
233 24 
250 24 
260 24 
276 24 
474 24 
476 24 
479 24 
505 24 
601 24 
610 24 
682 24 
684 24 
705 24 
1 25 
5 25 
7 25 
8 25 
15 25 
22 25 
31 25 
33 25 
34 25 
37 25 
44 25 
71 25 
72 25 
95 25 
114 25 
116 25 
128 25 
142 25 
206 25 
210 25 
237 25 
249 25 
252 25 
282 25 
288 25 
334 25 
385 25 
410 25 
420 25 
460 25 
548 25 
573 25 
585 25 
665 25 
681 25 
745 25 
776 25 
799 25 
1 26 
2 26 
3 26 
14 26 
16 26 
19 26 
32 26 
34 26 
48 26 
65 26 
68 26 
103 26 
117 26 
126 26 
132 26 
136 26 
143 26 
186 26 
221 26 
225 26 
235 26 
273 26 
290 26 
292 26 
303 26 
324 26 
405 26 
413 26 
414 26 
543 26 
664 26 
741 26 
4 27 
5 27 
6 27 
14 27 
20 27 
22 27 
39 27 
40 27 
56 27 
146 27 
182 27 
268 27 
286 27 
389 27 
461 27 
560 27 
567 27 
643 27 
689 27 
2 28 
4 28 
6 28 
8 28 
18 28 
24 28 
29 28 
36 28 
42 28 
54 28 
75 28 
103 28 
122 28 
125 28 
144 28 
177 28 
209 28 
218 28 
223 28 
314 28 
464 28 
502 28 
546 28 
734 28 
737 28 
4 29 
6 29 
18 29 
23 29 
28 29 
39 29 
42 29 
75 29 
84 29 
140 29 
148 29 
194 29 
217 29 
251 29 
307 29 
373 29 
464 29 
468 29 
683 29 
6 30 
7 30 
17 30 
18 30 
51 30 
56 30 
60 30 
69 30 
75 30 
84 30 
98 30 
110 30 
120 30 
137 30 
201 30 
334 30 
401 30 
498 30 
589 30 
733 30 
5 31 
8 31 
15 31 
22 31 
25 31 
71 31 
81 31 
132 31 
155 31 
160 31 
210 31 
237 31 
241 31 
256 31 
290 31 
331 31 
383 31 
403 31 
424 31 
483 31 
517 31 
1 32 
2 32 
3 32 
4 32 
19 32 
26 32 
33 32 
49 32 
67 32 
68 32 
106 32 
117 32 
161 32 
163 32 
168 32 
232 32 
236 32 
247 32 
248 32 
273 32 
282 32 
298 32 
300 32 
383 32 
402 32 
479 32 
492 32 
518 32 
694 32 
768 32 
1 33 
3 33 
4 33 
22 33 
25 33 
32 33 
49 33 
57 33 
67 33 
82 33 
90 33 
143 33 
149 33 
155 33 
192 33 
202 33 
209 33 
247 33 
294 33 
334 33 
359 33 
475 33 
492 33 
530 33 
535 33 
556 33 
628 33 
641 33 
656 33 
674 33 
681 33 
700 33 
738 33 
1 34 
14 34 
15 34 
16 34 
25 34 
26 34 
49 34 
81 34 
100 34 
103 34 
288 34 
543 34 
548 34 
558 34 
574 34 
648 34 
792 34 
2 35 
5 35 
6 35 
9 35 
16 35 
40 35 
42 35 
44 35 
47 35 
59 35 
64 35 
66 35 
78 35 
109 35 
121 35 
133 35 
137 35 
153 35 
154 35 
157 35 
164 35 
165 35 
191 35 
201 35 
244 35 
269 35 
278 35 
332 35 
367 35 
503 35 
513 35 
526 35 
558 35 
566 35 
579 35 
623 35 
665 35 
718 35 
743 35 
787 35 
2 36 
6 36 
8 36 
11 36 
28 36 
38 36 
41 36 
55 36 
61 36 
97 36 
108 36 
113 36 
122 36 
207 36 
220 36 
246 36 
255 36 
348 36 
360 36 
398 36 
421 36 
430 36 
520 36 
532 36 
542 36 
580 36 
603 36 
613 36 
621 36 
639 36 
650 36 
686 36 
737 36 
5 37 
7 37 
8 37 
11 37 
25 37 
142 37 
226 37 
291 37 
333 37 
347 37 
410 37 
553 37 
694 37 
715 37 
2 38 
3 38 
4 38 
8 38 
11 38 
36 38 
41 38 
61 38 
63 38 
67 38 
70 38 
74 38 
77 38 
80 38 
100 38 
117 38 
118 38 
138 38 
149 38 
239 38 
275 38 
277 38 
350 38 
368 38 
439 38 
449 38 
470 38 
481 38 
509 38 
545 38 
612 38 
666 38 
699 38 
717 38 
758 38 
780 38 
6 39 
14 39 
23 39 
27 39 
29 39 
40 39 
56 39 
63 39 
70 39 
120 39 
159 39 
181 39 
182 39 
211 39 
212 39 
214 39 
255 39 
343 39 
374 39 
437 39 
458 39 
499 39 
538 39 
540 39 
541 39 
560 39 
639 39 
735 39 
2 40 
5 40 
14 40 
27 40 
35 40 
39 40 
47 40 
56 40 
76 40 
109 40 
146 40 
165 40 
181 40 
189 40 
217 40 
236 40 
268 40 
355 40 
452 40 
458 40 
504 40 
558 40 
564 40 
702 40 
760 40 
3 41 
8 41 
9 41 
17 41 
36 41 
38 41 
45 41 
55 41 
80 41 
113 41 
171 41 
255 41 
269 41 
300 41 
387 41 
435 41 
444 41 
507 41 
528 41 
594 41 
700 41 
710 41 
5 42 
6 42 
28 42 
29 42 
35 42 
75 42 
103 42 
140 42 
148 42 
278 42 
683 42 
739 42 
750 42 
794 42 
3 43 
5 43 
15 43 
17 43 
21 43 
55 43 
60 43 
61 43 
79 43 
91 43 
104 43 
141 43 
274 43 
328 43 
362 43 
448 43 
521 43 
556 43 
596 43 
604 43 
657 43 
743 43 
752 43 
772 43 
5 44 
6 44 
7 44 
16 44 
25 44 
35 44 
50 44 
59 44 
94 44 
112 44 
135 44 
150 44 
153 44 
154 44 
164 44 
242 44 
297 44 
349 44 
368 44 
381 44 
516 44 
546 44 
557 44 
562 44 
587 44 
638 44 
648 44 
650 44 
670 44 
731 44 
759 44 
763 44 
1 45 
3 45 
5 45 
17 45 
19 45 
41 45 
78 45 
104 45 
109 45 
123 45 
130 45 
171 45 
184 45 
225 45 
230 45 
251 45 
344 45 
399 45 
406 45 
444 45 
589 45 
592 45 
594 45 
635 45 
671 45 
6 46 
10 46 
14 46 
17 46 
52 46 
54 46 
57 46 
62 46 
79 46 
82 46 
87 46 
89 46 
90 46 
105 46 
124 46 
131 46 
147 46 
150 46 
173 46 
219 46 
229 46 
246 46 
281 46 
287 46 
292 46 
331 46 
333 46 
337 46 
382 46 
415 46 
450 46 
465 46 
467 46 
501 46 
574 46 
577 46 
638 46 
662 46 
701 46 
725 46 
769 46 
788 46 
800 46 
1 47 
2 47 
4 47 
5 47 
35 47 
40 47 
51 47 
53 47 
91 47 
109 47 
156 47 
164 47 
168 47 
174 47 
189 47 
202 47 
204 47 
208 47 
258 47 
314 47 
337 47 
359 47 
443 47 
452 47 
677 47 
753 47 
778 47 
779 47 
783 47 
2 48 
4 48 
5 48 
14 48 
21 48 
26 48 
58 48 
83 48 
94 48 
124 48 
125 48 
158 48 
182 48 
224 48 
238 48 
254 48 
265 48 
318 48 
356 48 
457 48 
471 48 
507 48 
510 48 
522 48 
555 48 
595 48 
604 48 
643 48 
693 48 
696 48 
750 48 
1 49 
3 49 
15 49 
32 49 
33 49 
34 49 
67 49 
81 49 
82 49 
90 49 
149 49 
155 49 
168 49 
170 49 
185 49 
202 49 
227 49 
245 49 
262 49 
282 49 
286 49 
302 49 
312 49 
318 49 
338 49 
479 49 
489 49 
558 49 
617 49 
620 49 
628 49 
633 49 
707 49 
715 49 
3 50 
5 50 
6 50 
7 50 
24 50 
44 50 
62 50 
112 50 
152 50 
154 50 
270 50 
368 50 
430 50 
517 50 
546 50 
562 50 
669 50 
1 51 
4 51 
6 51 
18 51 
30 51 
47 51 
53 51 
56 51 
59 51 
74 51 
110 51 
115 51 
156 51 
162 51 
166 51 
201 51 
237 51 
250 51 
359 51 
402 51 
466 51 
485 51 
498 51 
572 51 
613 51 
779 51 
5 52 
9 52 
10 52 
17 52 
46 52 
76 52 
134 52 
162 52 
221 52 
258 52 
287 52 
312 52 
327 52 
337 52 
380 52 
568 52 
696 52 
747 52 
786 52 
1 53 
13 53 
19 53 
47 53 
51 53 
65 53 
73 53 
91 53 
97 53 
166 53 
202 53 
205 53 
285 53 
319 53 
386 53 
456 53 
508 53 
531 53 
554 53 
677 53 
779 53 
4 54 
6 54 
10 54 
24 54 
28 54 
46 54 
79 54 
90 54 
124 54 
139 54 
144 54 
179 54 
260 54 
306 54 
498 54 
682 54 
3 55 
5 55 
8 55 
36 55 
41 55 
43 55 
60 55 
61 55 
97 55 
113 55 
167 55 
172 55 
228 55 
269 55 
274 55 
362 55 
419 55 
503 55 
626 55 
639 55 
18 56 
27 56 
30 56 
39 56 
40 56 
51 56 
60 56 
96 56 
98 56 
102 56 
146 56 
162 56 
167 56 
181 56 
211 56 
283 56 
381 56 
396 56 
461 56 
498 56 
564 56 
610 56 
663 56 
721 56 
730 56 
763 56 
780 56 
1 57 
6 57 
10 57 
22 57 
33 57 
46 57 
62 57 
87 57 
105 57 
126 57 
173 57 
190 57 
209 57 
233 57 
249 57 
332 57 
422 57 
535 57 
652 57 
657 57 
703 57 
2 58 
5 58 
6 58 
14 58 
16 58 
48 58 
83 58 
93 58 
96 58 
101 58 
124 58 
127 58 
134 58 
138 58 
157 58 
158 58 
185 58 
192 58 
224 58 
231 58 
254 58 
315 58 
340 58 
353 58 
408 58 
457 58 
522 58 
567 58 
576 58 
579 58 
584 58 
600 58 
614 58 
727 58 
750 58 
6 59 
16 59 
18 59 
35 59 
44 59 
51 59 
66 59 
74 59 
94 59 
111 59 
115 59 
133 59 
135 59 
164 59 
176 59 
201 59 
274 59 
296 59 
302 59 
307 59 
321 59 
332 59 
361 59 
375 59 
401 59 
418 59 
441 59 
476 59 
503 59 
544 59 
557 59 
572 59 
609 59 
616 59 
624 59 
644 59 
645 59 
684 59 
738 59 
740 59 
774 59 
789 59 
3 60 
18 60 
30 60 
43 60 
55 60 
56 60 
96 60 
98 60 
102 60 
120 60 
129 60 
137 60 
167 60 
226 60 
266 60 
271 60 
299 60 
311 60 
351 60 
388 60 
391 60 
396 60 
500 60 
589 60 
612 60 
647 60 
687 60 
730 60 
5 61 
11 61 
36 61 
38 61 
43 61 
55 61 
274 61 
421 61 
509 61 
699 61 
755 61 
783 61 
3 62 
6 62 
24 62 
46 62 
50 62 
57 62 
173 62 
180 62 
233 62 
249 62 
250 62 
281 62 
287 62 
450 62 
517 62 
2 63 
3 63 
6 63 
23 63 
38 63 
39 63 
67 63 
80 63 
86 63 
88 63 
89 63 
349 63 
350 63 
373 63 
500 63 
611 63 
691 63 
2 64 
6 64 
7 64 
9 64 
11 64 
35 64 
78 64 
118 64 
121 64 
144 64 
148 64 
183 64 
191 64 
203 64 
230 64 
239 64 
326 64 
336 64 
342 64 
354 64 
429 64 
436 64 
544 64 
565 64 
592 64 
623 64 
698 64 
722 64 
736 64 
743 64 
754 64 
762 64 
787 64 
1 65 
3 65 
19 65 
26 65 
53 65 
73 65 
126 65 
136 65 
158 65 
325 65 
374 65 
386 65 
395 65 
491 65 
534 65 
640 65 
664 65 
9 66 
15 66 
16 66 
35 66 
59 66 
133 66 
302 66 
321 66 
357 66 
515 66 
2 67 
32 67 
33 67 
38 67 
49 67 
63 67 
74 67 
82 67 
143 67 
170 67 
282 67 
449 67 
489 67 
492 67 
545 67 
556 67 
611 67 
612 67 
677 67 
707 67 
758 67 
8 68 
12 68 
19 68 
26 68 
32 68 
93 68 
117 68 
132 68 
135 68 
153 68 
161 68 
163 68 
171 68 
242 68 
325 68 
365 68 
383 68 
441 68 
448 68 
514 68 
752 68 
784 68 
5 69 
6 69 
9 69 
16 69 
17 69 
30 69 
83 69 
84 69 
87 69 
108 69 
141 69 
186 69 
235 69 
240 69 
264 69 
272 69 
279 69 
341 69 
352 69 
414 69 
432 69 
458 69 
465 69 
469 69 
501 69 
526 69 
573 69 
790 69 
6 70 
8 70 
11 70 
14 70 
38 70 
39 70 
120 70 
159 70 
197 70 
212 70 
329 70 
343 70 
352 70 
639 70 
663 70 
735 70 
6 71 
8 71 
9 71 
10 71 
25 71 
31 71 
72 71 
81 71 
95 71 
122 71 
132 71 
151 71 
159 71 
180 71 
193 71 
291 71 
297 71 
308 71 
336 71 
379 71 
403 71 
405 71 
483 71 
486 71 
538 71 
570 71 
584 71 
585 71 
716 71 
745 71 
761 71 
776 71 
1 72 
5 72 
8 72 
19 72 
25 72 
71 72 
85 72 
105 72 
159 72 
184 72 
206 72 
240 72 
276 72 
310 72 
365 72 
370 72 
379 72 
393 72 
475 72 
478 72 
489 72 
495 72 
524 72 
536 72 
585 72 
602 72 
773 72 
775 72 
1 73 
5 73 
22 73 
53 73 
65 73 
115 73 
119 73 
151 73 
280 73 
316 73 
366 73 
374 73 
386 73 
422 73 
491 73 
533 73 
581 73 
582 73 
708 73 
709 73 
2 74 
18 74 
38 74 
51 74 
59 74 
67 74 
77 74 
115 74 
239 74 
250 74 
274 74 
296 74 
368 74 
370 74 
485 74 
613 74 
780 74 
789 74 
17 75 
18 75 
28 75 
29 75 
30 75 
42 75 
464 75 
2 76 
5 76 
9 76 
40 76 
52 76 
258 76 
397 76 
702 76 
747 76 
775 76 
5 77 
13 77 
19 77 
38 77 
74 77 
92 77 
156 77 
239 77 
382 77 
435 77 
473 77 
531 77 
545 77 
568 77 
712 77 
1 78 
9 78 
19 78 
35 78 
45 78 
64 78 
104 78 
118 78 
130 78 
137 78 
144 78 
157 78 
184 78 
207 78 
213 78 
245 78 
289 78 
295 78 
309 78 
339 78 
400 78 
436 78 
440 78 
445 78 
454 78 
524 78 
537 78 
547 78 
631 78 
692 78 
722 78 
748 78 
755 78 
10 79 
15 79 
21 79 
43 79 
46 79 
54 79 
82 79 
89 79 
183 79 
219 79 
248 79 
254 79 
262 79 
270 79 
306 79 
344 79 
411 79 
415 79 
455 79 
498 79 
501 79 
521 79 
539 79 
577 79 
597 79 
743 79 
789 79 
3 80 
8 80 
38 80 
41 80 
63 80 
117 80 
118 80 
174 80 
277 80 
300 80 
349 80 
350 80 
373 80 
439 80 
494 80 
500 80 
529 80 
658 80 
710 80 
15 81 
31 81 
34 81 
49 81 
71 81 
95 81 
122 81 
132 81 
218 81 
237 81 
262 81 
297 81 
331 81 
390 81 
463 81 
618 81 
10 82 
33 82 
46 82 
49 82 
67 82 
79 82 
89 82 
90 82 
143 82 
170 82 
254 82 
302 82 
344 82 
348 82 
359 82 
449 82 
523 82 
620 82 
662 82 
677 82 
2 83 
5 83 
9 83 
48 83 
58 83 
69 83 
94 83 
124 83 
182 83 
208 83 
238 83 
264 83 
366 83 
427 83 
461 83 
513 83 
516 83 
584 83 
627 83 
727 83 
6 84 
17 84 
18 84 
29 84 
30 84 
69 84 
113 84 
145 84 
173 84 
187 84 
217 84 
265 84 
283 84 
371 84 
401 84 
425 84 
433 84 
472 84 
486 84 
570 84 
620 84 
622 84 
685 84 
710 84 
714 84 
797 84 
4 85 
5 85 
19 85 
22 85 
72 85 
172 85 
178 85 
184 85 
261 85 
310 85 
329 85 
361 85 
365 85 
409 85 
425 85 
455 85 
575 85 
580 85 
583 85 
609 85 
659 85 
685 85 
688 85 
765 85 
787 85 
2 86 
3 86 
4 86 
10 86 
17 86 
63 86 
136 86 
146 86 
222 86 
412 86 
497 86 
557 86 
571 86 
649 86 
651 86 
721 86 
9 87 
10 87 
16 87 
46 87 
57 87 
69 87 
102 87 
105 87 
126 87 
150 87 
166 87 
195 87 
228 87 
292 87 
316 87 
358 87 
426 87 
465 87 
467 87 
526 87 
529 87 
533 87 
654 87 
657 87 
697 87 
777 87 
6 88 
20 88 
23 88 
24 88 
63 88 
89 88 
107 88 
178 88 
188 88 
199 88 
231 88 
308 88 
317 88 
330 88 
376 88 
390 88 
391 88 
393 88 
412 88 
511 88 
590 88 
705 88 
707 88 
732 88 
760 88 
772 88 
6 89 
46 89 
63 89 
79 89 
82 89 
88 89 
219 89 
344 89 
348 89 
662 89 
789 89 
6 90 
33 90 
46 90 
49 90 
54 90 
82 90 
124 90 
139 90 
155 90 
192 90 
229 90 
279 90 
359 90 
379 90 
523 90 
620 90 
641 90 
1 91 
5 91 
15 91 
43 91 
47 91 
53 91 
97 91 
168 91 
202 91 
204 91 
337 91 
443 91 
457 91 
531 91 
599 91 
746 91 
3 92 
4 92 
5 92 
6 92 
19 92 
77 92 
101 92 
187 92 
243 92 
259 92 
263 92 
281 92 
354 92 
382 92 
435 92 
445 92 
472 92 
473 92 
512 92 
668 92 
6 93 
11 93 
12 93 
16 93 
58 93 
68 93 
96 93 
134 93 
142 93 
271 93 
305 93 
325 93 
365 93 
550 93 
576 93 
636 93 
660 93 
2 94 
16 94 
44 94 
48 94 
59 94 
83 94 
135 94 
176 94 
182 94 
208 94 
211 94 
215 94 
242 94 
335 94 
361 94 
375 94 
381 94 
409 94 
427 94 
447 94 
513 94 
544 94 
555 94 
562 94 
587 94 
617 94 
661 94 
678 94 
719 94 
730 94 
734 94 
3 95 
9 95 
10 95 
25 95 
71 95 
81 95 
122 95 
180 95 
197 95 
291 95 
380 95 
385 95 
406 95 
438 95 
464 95 
588 95 
599 95 
748 95 
16 96 
18 96 
56 96 
58 96 
60 96 
93 96 
102 96 
134 96 
142 96 
167 96 
185 96 
192 96 
271 96 
283 96 
305 96 
323 96 
345 96 
388 96 
416 96 
607 96 
614 96 
636 96 
663 96 
780 96 
1 97 
8 97 
36 97 
53 97 
55 97 
91 97 
205 97 
246 97 
319 97 
384 97 
398 97 
456 97 
503 97 
520 97 
542 97 
559 97 
639 97 
751 97 
5 98 
7 98 
21 98 
30 98 
56 98 
60 98 
234 98 
260 98 
509 98 
589 98 
4 99 
6 99 
7 99 
9 99 
10 99 
11 99 
130 99 
161 99 
176 99 
181 99 
199 99 
247 99 
253 99 
289 99 
338 99 
341 99 
421 99 
438 99 
444 99 
487 99 
541 99 
549 99 
646 99 
713 99 
764 99 
4 100 
14 100 
16 100 
34 100 
38 100 
152 100 
160 100 
175 100 
189 100 
203 100 
275 100 
295 100 
343 100 
434 100 
470 100 
481 100 
505 100 
521 100 
547 100 
655 100 
666 100 
785 100 
793 100 
2 101 
3 101 
14 101 
58 101 
92 101 
157 101 
259 101 
305 101 
432 101 
442 101 
567 101 
600 101 
641 101 
9 102 
16 102 
56 102 
60 102 
87 102 
96 102 
167 102 
195 102 
294 102 
377 102 
389 102 
396 102 
6 103 
14 103 
26 103 
28 103 
34 103 
42 103 
221 103 
225 103 
313 103 
484 103 
543 103 
792 103 
5 104 
17 104 
19 104 
43 104 
45 104 
78 104 
130 104 
207 104 
328 104 
404 104 
482 104 
631 104 
712 104 
1 105 
19 105 
46 105 
57 105 
72 105 
87 105 
150 105 
166 105 
240 105 
276 105 
316 105 
332 105 
467 105 
777 105 
1 106 
4 106 
6 106 
18 106 
19 106 
32 106 
119 106 
127 106 
169 106 
188 106 
204 106 
268 106 
346 106 
364 106 
397 106 
399 106 
434 106 
499 106 
518 106 
625 106 
713 106 
5 107 
6 107 
14 107 
24 107 
88 107 
178 107 
199 107 
213 107 
257 107 
267 107 
342 107 
654 107 
672 107 
761 107 
6 108 
8 108 
17 108 
36 108 
69 108 
141 108 
186 108 
216 108 
240 108 
284 108 
459 108 
573 108 
581 108 
600 108 
603 108 
3 109 
17 109 
35 109 
40 109 
45 109 
47 109 
123 109 
164 109 
189 109 
217 109 
225 109 
230 109 
301 109 
363 109 
406 109 
431 109 
515 109 
585 109 
589 109 
6 110 
14 110 
20 110 
23 110 
30 110 
51 110 
112 110 
201 110 
334 110 
3 111 
6 111 
18 111 
20 111 
23 111 
59 111 
227 111 
238 111 
296 111 
307 111 
618 111 
668 111 
732 111 
5 112 
14 112 
20 112 
44 112 
50 112 
110 112 
152 112 
349 112 
546 112 
562 112 
638 112 
731 112 
6 113 
18 113 
36 113 
41 113 
55 113 
84 113 
129 113 
145 113 
187 113 
190 113 
255 113 
283 113 
315 113 
357 113 
371 113 
446 113 
486 113 
622 113 
685 113 
2 114 
15 114 
22 114 
23 114 
24 114 
25 114 
116 114 
200 114 
369 114 
473 114 
630 114 
1 115 
5 115 
51 115 
59 115 
73 115 
74 115 
274 115 
366 115 
572 115 
674 115 
708 115 
22 116 
23 116 
24 116 
25 116 
114 116 
128 116 
573 116 
630 116 
8 117 
26 117 
32 117 
38 117 
68 117 
80 117 
118 117 
138 117 
163 117 
174 117 
232 117 
248 117 
273 117 
292 117 
490 117 
545 117 
741 117 
9 118 
38 118 
64 118 
78 118 
80 118 
117 118 
144 118 
183 118 
213 118 
245 118 
311 118 
354 118 
416 118 
454 118 
545 118 
658 118 
690 118 
1 119 
4 119 
18 119 
22 119 
73 119 
106 119 
127 119 
139 119 
151 119 
163 119 
169 119 
241 119 
259 119 
280 119 
364 119 
460 119 
506 119 
601 119 
679 119 
689 119 
699 119 
708 119 
749 119 
767 119 
791 119 
800 119 
14 120 
18 120 
30 120 
39 120 
60 120 
70 120 
129 120 
137 120 
159 120 
197 120 
255 120 
271 120 
317 120 
320 120 
351 120 
374 120 
586 120 
727 120 
753 120 
778 120 
785 120 
6 121 
7 121 
11 121 
12 121 
35 121 
64 121 
191 121 
269 121 
342 121 
358 121 
614 121 
6 122 
28 122 
36 122 
71 122 
81 122 
95 122 
151 122 
197 122 
207 122 
297 122 
508 122 
546 122 
580 122 
642 122 
4 123 
9 123 
15 123 
17 123 
45 123 
109 123 
225 123 
408 123 
585 123 
635 123 
46 124 
48 124 
54 124 
58 124 
83 124 
90 124 
139 124 
158 124 
179 124 
231 124 
265 124 
279 124 
318 124 
322 124 
407 124 
502 124 
535 124 
590 124 
727 124 
728 124 
2 125 
4 125 
21 125 
24 125 
28 125 
48 125 
223 125 
595 125 
643 125 
3 126 
10 126 
26 126 
57 126 
65 126 
87 126 
228 126 
358 126 
395 126 
640 126 
722 126 
4 127 
5 127 
6 127 
58 127 
106 127 
119 127 
138 127 
139 127 
169 127 
204 127 
284 127 
346 127 
353 127 
397 127 
399 127 
506 127 
518 127 
519 127 
679 127 
680 127 
687 127 
731 127 
788 127 
2 128 
6 128 
22 128 
23 128 
25 128 
116 128 
195 128 
249 128 
273 128 
282 128 
304 128 
469 128 
506 128 
550 128 
573 128 
615 128 
6 129 
18 129 
60 129 
113 129 
120 129 
190 129 
317 129 
351 129 
647 129 
6 130 
7 130 
45 130 
78 130 
99 130 
104 130 
207 130 
220 130 
289 130 
421 130 
530 130 
6 131 
8 131 
14 131 
16 131 
46 131 
145 131 
147 131 
169 131 
198 131 
224 131 
310 131 
364 131 
415 131 
450 131 
452 131 
606 131 
800 131 
19 132 
26 132 
31 132 
68 132 
71 132 
81 132 
218 132 
405 132 
784 132 
1 133 
7 133 
13 133 
35 133 
59 133 
66 133 
302 133 
401 133 
488 133 
503 133 
566 133 
616 133 
624 133 
644 133 
702 133 
718 133 
10 134 
17 134 
52 134 
58 134 
93 134 
96 134 
142 134 
185 134 
540 134 
576 134 
696 134 
714 134 
719 134 
8 135 
11 135 
44 135 
59 135 
68 135 
94 135 
171 135 
242 135 
361 135 
448 135 
551 135 
609 135 
625 135 
719 135 
10 136 
17 136 
19 136 
26 136 
65 136 
86 136 
143 136 
186 136 
278 136 
335 136 
388 136 
664 136 
737 136 
768 136 
9 137 
30 137 
35 137 
60 137 
78 137 
120 137 
157 137 
271 137 
311 137 
320 137 
347 137 
623 137 
6 138 
8 138 
38 138 
58 138 
117 138 
127 138 
408 138 
490 138 
4 139 
54 139 
90 139 
119 139 
124 139 
127 139 
179 139 
241 139 
259 139 
279 139 
284 139 
362 139 
377 139 
379 139 
394 139 
407 139 
424 139 
431 139 
437 139 
519 139 
679 139 
687 139 
756 139 
4 140 
6 140 
17 140 
18 140 
29 140 
42 140 
148 140 
288 140 
307 140 
319 140 
468 140 
561 140 
577 140 
655 140 
750 140 
794 140 
3 141 
17 141 
43 141 
69 141 
108 141 
186 141 
206 141 
216 141 
235 141 
272 141 
320 141 
324 141 
352 141 
387 141 
414 141 
459 141 
501 141 
556 141 
596 141 
657 141 
660 141 
8 142 
25 142 
37 142 
93 142 
96 142 
134 142 
226 142 
305 142 
410 142 
716 142 
786 142 
19 143 
26 143 
33 143 
67 143 
82 143 
136 143 
186 143 
235 143 
278 143 
388 143 
556 143 
652 143 
677 143 
768 143 
24 144 
28 144 
54 144 
64 144 
78 144 
118 144 
183 144 
209 144 
245 144 
276 144 
311 144 
339 144 
372 144 
416 144 
436 144 
466 144 
690 144 
798 144 
8 145 
14 145 
18 145 
84 145 
113 145 
131 145 
173 145 
283 145 
304 145 
315 145 
372 145 
436 145 
459 145 
523 145 
528 145 
549 145 
697 145 
4 146 
17 146 
27 146 
40 146 
56 146 
86 146 
222 146 
229 146 
412 146 
461 146 
582 146 
649 146 
651 146 
773 146 
1 147 
3 147 
4 147 
14 147 
46 147 
131 147 
169 147 
179 147 
194 147 
198 147 
234 147 
246 147 
331 147 
608 147 
688 147 
723 147 
800 147 
2 148 
7 148 
29 148 
42 148 
64 148 
140 148 
307 148 
683 148 
736 148 
750 148 
3 149 
4 149 
33 149 
38 149 
49 149 
185 149 
198 149 
202 149 
245 149 
286 149 
338 149 
404 149 
527 149 
530 149 
656 149 
738 149 
742 149 
766 149 
6 150 
16 150 
44 150 
46 150 
87 150 
105 150 
166 150 
297 150 
303 150 
697 150 
759 150 
22 151 
71 151 
73 151 
119 151 
122 151 
180 151 
197 151 
280 151 
308 151 
316 151 
380 151 
464 151 
508 151 
582 151 
676 151 
689 151 
699 151 
701 151 
776 151 
2 152 
4 152 
5 152 
50 152 
100 152 
112 152 
175 152 
196 152 
203 152 
270 152 
295 152 
428 152 
451 152 
493 152 
525 152 
640 152 
6 153 
8 153 
12 153 
35 153 
44 153 
68 153 
280 153 
516 153 
752 153 
7 154 
9 154 
16 154 
35 154 
44 154 
50 154 
368 154 
513 154 
670 154 
5 155 
22 155 
31 155 
33 155 
49 155 
90 155 
192 155 
256 155 
294 155 
313 155 
429 155 
475 155 
593 155 
4 156 
13 156 
19 156 
47 156 
51 156 
77 156 
359 156 
402 156 
14 157 
35 157 
58 157 
78 157 
101 157 
137 157 
567 157 
623 157 
665 157 
3 158 
19 158 
48 158 
58 158 
65 158 
124 158 
231 158 
254 158 
265 158 
315 158 
322 158 
325 158 
395 158 
491 158 
502 158 
510 158 
670 158 
728 158 
8 159 
39 159 
70 159 
71 159 
72 159 
120 159 
212 159 
255 159 
329 159 
379 159 
393 159 
405 159 
538 159 
540 159 
570 159 
628 159 
659 159 
663 159 
672 159 
5 160 
15 160 
16 160 
31 160 
100 160 
343 160 
496 160 
655 160 
9 161 
10 161 
19 161 
32 161 
68 161 
99 161 
257 161 
482 161 
5 162 
17 162 
18 162 
51 162 
52 162 
56 162 
786 162 
4 163 
18 163 
32 163 
68 163 
117 163 
119 163 
232 163 
236 163 
383 163 
800 163 
35 164 
44 164 
47 164 
59 164 
109 164 
201 164 
367 164 
557 164 
738 164 
2 165 
3 165 
14 165 
23 165 
35 165 
40 165 
398 165 
558 165 
651 165 
760 165 
1 166 
51 166 
53 166 
87 166 
105 166 
150 166 
316 166 
508 166 
697 166 
799 166 
3 167 
55 167 
56 167 
60 167 
96 167 
102 167 
226 167 
261 167 
283 167 
299 167 
381 167 
1 168 
3 168 
32 168 
47 168 
49 168 
91 168 
204 168 
208 168 
227 168 
314 168 
419 168 
479 168 
694 168 
14 169 
106 169 
119 169 
127 169 
131 169 
147 169 
198 169 
204 169 
364 169 
378 169 
506 169 
708 169 
4 170 
5 170 
15 170 
49 170 
67 170 
82 170 
302 170 
449 170 
583 170 
617 170 
3 171 
11 171 
41 171 
45 171 
68 171 
135 171 
242 171 
299 171 
444 171 
514 171 
551 171 
671 171 
3 172 
5 172 
15 172 
22 172 
55 172 
85 172 
175 172 
178 172 
193 172 
228 172 
253 172 
329 172 
363 172 
447 172 
451 172 
462 172 
514 172 
575 172 
609 172 
632 172 
691 172 
705 172 
18 173 
46 173 
57 173 
62 173 
84 173 
145 173 
233 173 
281 173 
433 173 
570 173 
2 174 
4 174 
8 174 
47 174 
80 174 
117 174 
403 174 
494 174 
4 175 
15 175 
22 175 
100 175 
152 175 
172 175 
189 175 
193 175 
203 175 
232 175 
253 175 
256 175 
451 175 
468 175 
493 175 
521 175 
4 176 
10 176 
16 176 
59 176 
94 176 
99 176 
181 176 
212 176 
215 176 
375 176 
409 176 
418 176 
444 176 
447 176 
476 176 
520 176 
541 176 
564 176 
617 176 
678 176 
4 177 
8 177 
18 177 
23 177 
24 177 
28 177 
191 177 
214 177 
218 177 
476 177 
502 177 
505 177 
511 177 
6 178 
22 178 
85 178 
88 178 
107 178 
172 178 
231 178 
257 178 
308 178 
317 178 
361 178 
396 178 
488 178 
609 178 
632 178 
1 179 
4 179 
54 179 
124 179 
139 179 
147 179 
688 179 
24 180 
62 180 
71 180 
95 180 
151 180 
210 180 
233 180 
291 180 
308 180 
336 180 
380 180 
385 180 
406 180 
411 180 
438 180 
474 180 
601 180 
671 180 
698 180 
701 180 
10 181 
39 181 
40 181 
56 181 
99 181 
176 181 
211 181 
444 181 
458 181 
499 181 
538 181 
564 181 
27 182 
39 182 
48 182 
83 182 
94 182 
208 182 
211 182 
214 182 
238 182 
266 182 
335 182 
366 182 
461 182 
462 182 
474 182 
516 182 
541 182 
552 182 
560 182 
567 182 
591 182 
626 182 
630 182 
653 182 
682 182 
729 182 
794 182 
15 183 
21 183 
64 183 
79 183 
118 183 
144 183 
248 183 
262 183 
415 183 
416 183 
466 183 
470 183 
637 183 
1 184 
5 184 
45 184 
72 184 
78 184 
85 184 
289 184 
344 184 
345 184 
659 184 
3 185 
49 185 
58 185 
96 185 
134 185 
149 185 
192 185 
198 185 
245 185 
404 185 
633 185 
742 185 
26 186 
69 186 
108 186 
136 186 
141 186 
143 186 
235 186 
279 186 
459 186 
469 186 
481 186 
573 186 
660 186 
5 187 
6 187 
19 187 
84 187 
92 187 
113 187 
243 187 
263 187 
327 187 
357 187 
371 187 
472 187 
594 187 
1 188 
6 188 
19 188 
23 188 
88 188 
106 188 
277 188 
330 188 
597 188 
732 188 
4 189 
40 189 
47 189 
100 189 
109 189 
175 189 
217 189 
236 189 
258 189 
443 189 
505 189 
753 189 
6 190 
10 190 
18 190 
57 190 
113 190 
129 190 
652 190 
4 191 
23 191 
35 191 
64 191 
121 191 
177 191 
196 191 
269 191 
342 191 
358 191 
592 191 
698 191 
706 191 
743 191 
744 191 
754 191 
795 191 
33 192 
58 192 
90 192 
96 192 
155 192 
185 192 
294 192 
429 192 
593 192 
720 192 
6 193 
10 193 
22 193 
71 193 
172 193 
175 193 
223 193 
243 193 
252 193 
330 193 
363 193 
426 193 
584 193 
716 193 
745 193 
1 194 
3 194 
18 194 
29 194 
147 194 
217 194 
234 194 
251 194 
263 194 
265 194 
417 194 
619 194 
6 195 
16 195 
23 195 
87 195 
102 195 
128 195 
273 195 
301 195 
695 195 
2 196 
4 196 
23 196 
152 196 
191 196 
360 196 
493 196 
706 196 
718 196 
781 196 
795 196 
14 197 
70 197 
95 197 
120 197 
122 197 
151 197 
508 197 
727 197 
3 198 
131 198 
147 198 
149 198 
169 198 
185 198 
527 198 
4 199 
9 199 
24 199 
88 199 
99 199 
107 199 
621 199 
705 199 
764 199 
5 200 
8 200 
14 200 
15 200 
22 200 
114 200 
264 200 
400 200 
423 200 
473 200 
593 200 
603 200 
634 200 
740 200 
30 201 
35 201 
51 201 
59 201 
110 201 
164 201 
332 201 
367 201 
441 201 
563 201 
738 201 
33 202 
47 202 
49 202 
53 202 
91 202 
149 202 
337 202 
338 202 
530 202 
531 202 
554 202 
628 202 
677 202 
2 203 
11 203 
64 203 
100 203 
152 203 
175 203 
239 203 
295 203 
428 203 
434 203 
451 203 
521 203 
547 203 
623 203 
733 203 
47 204 
91 204 
106 204 
127 204 
168 204 
169 204 
208 204 
346 204 
443 204 
457 204 
518 204 
599 204 
625 204 
1 205 
13 205 
53 205 
97 205 
319 205 
384 205 
559 205 
767 205 
3 206 
8 206 
17 206 
25 206 
72 206 
141 206 
216 206 
252 206 
272 206 
387 206 
799 206 
6 207 
36 207 
78 207 
104 207 
122 207 
130 207 
360 207 
430 207 
580 207 
621 207 
642 207 
47 208 
83 208 
94 208 
168 208 
182 208 
204 208 
211 208 
266 208 
516 208 
587 208 
630 208 
653 208 
22 209 
24 209 
28 209 
33 209 
57 209 
144 209 
276 209 
535 209 
684 209 
798 209 
3 210 
5 210 
24 210 
25 210 
31 210 
180 210 
383 210 
474 210 
479 210 
561 210 
39 211 
56 211 
94 211 
181 211 
182 211 
208 211 
266 211 
335 211 
462 211 
587 211 
626 211 
729 211 
793 211 
4 212 
10 212 
39 212 
70 212 
159 212 
176 212 
329 212 
540 212 
628 212 
639 212 
5 213 
9 213 
14 213 
78 213 
107 213 
118 213 
267 213 
293 213 
309 213 
367 213 
445 213 
571 213 
4 214 
6 214 
24 214 
39 214 
177 214 
182 214 
437 214 
505 214 
511 214 
541 214 
552 214 
693 214 
5 215 
9 215 
16 215 
21 215 
94 215 
176 215 
339 215 
477 215 
617 215 
6 216 
17 216 
108 216 
141 216 
206 216 
272 216 
320 216 
324 216 
376 216 
798 216 
29 217 
40 217 
84 217 
109 217 
189 217 
194 217 
251 217 
263 217 
386 217 
410 217 
471 217 
619 217 
634 217 
8 218 
28 218 
81 218 
132 218 
177 218 
1 219 
2 219 
7 219 
46 219 
79 219 
89 219 
501 219 
576 219 
638 219 
788 219 
789 219 
2 220 
6 220 
7 220 
11 220 
36 220 
130 220 
306 220 
348 220 
350 220 
530 220 
695 220 
9 221 
14 221 
17 221 
26 221 
52 221 
103 221 
225 221 
287 221 
293 221 
312 221 
313 221 
327 221 
380 221 
423 221 
484 221 
510 221 
532 221 
656 221 
667 221 
781 221 
6 222 
8 222 
17 222 
86 222 
146 222 
229 222 
244 222 
267 222 
284 222 
571 222 
649 222 
2 223 
6 223 
10 223 
28 223 
125 223 
193 223 
243 223 
330 223 
340 223 
426 223 
519 223 
658 223 
745 223 
790 223 
6 224 
14 224 
48 224 
58 224 
131 224 
452 224 
606 224 
611 224 
675 224 
750 224 
26 225 
45 225 
103 225 
109 225 
123 225 
221 225 
230 225 
363 225 
399 225 
585 225 
635 225 
3 226 
8 226 
37 226 
60 226 
142 226 
167 226 
261 226 
266 226 
299 226 
555 226 
715 226 
716 226 
779 226 
3 227 
20 227 
23 227 
49 227 
111 227 
168 227 
238 227 
296 227 
346 227 
371 227 
419 227 
618 227 
675 227 
5 228 
10 228 
55 228 
87 228 
126 228 
172 228 
358 228 
426 228 
514 228 
626 228 
649 228 
654 228 
722 228 
6 229 
17 229 
46 229 
90 229 
146 229 
222 229 
382 229 
7 230 
11 230 
45 230 
64 230 
109 230 
225 230 
363 230 
399 230 
544 230 
565 230 
589 230 
724 230 
765 230 
6 231 
58 231 
88 231 
124 231 
158 231 
178 231 
308 231 
315 231 
322 231 
395 231 
488 231 
578 231 
590 231 
15 232 
22 232 
32 232 
117 232 
163 232 
175 232 
236 232 
248 232 
256 232 
285 232 
323 232 
468 232 
490 232 
24 233 
57 233 
62 233 
173 233 
180 233 
250 233 
1 234 
7 234 
21 234 
98 234 
147 234 
194 234 
260 234 
298 234 
527 234 
723 234 
770 234 
791 234 
26 235 
69 235 
141 235 
143 235 
186 235 
272 235 
279 235 
481 235 
660 235 
32 236 
40 236 
163 236 
189 236 
232 236 
258 236 
285 236 
300 236 
778 236 
1 237 
4 237 
25 237 
31 237 
51 237 
81 237 
331 237 
477 237 
512 237 
517 237 
618 237 
23 238 
48 238 
83 238 
111 238 
182 238 
227 238 
366 238 
2 239 
38 239 
64 239 
74 239 
77 239 
203 239 
623 239 
733 239 
780 239 
6 240 
19 240 
69 240 
72 240 
105 240 
108 240 
276 240 
341 240 
432 240 
581 240 
605 240 
4 241 
15 241 
22 241 
31 241 
119 241 
139 241 
259 241 
290 241 
377 241 
378 241 
394 241 
424 241 
497 241 
756 241 
11 242 
44 242 
68 242 
94 242 
135 242 
171 242 
381 242 
441 242 
514 242 
734 242 
763 242 
5 243 
6 243 
92 243 
187 243 
193 243 
223 243 
252 243 
330 243 
492 243 
658 243 
704 243 
2 244 
6 244 
8 244 
35 244 
222 244 
267 244 
392 244 
49 245 
78 245 
118 245 
144 245 
149 245 
185 245 
286 245 
311 245 
312 245 
321 245 
339 245 
372 245 
404 245 
454 245 
495 245 
8 246 
14 246 
36 246 
46 246 
97 246 
147 246 
331 246 
398 246 
467 246 
751 246 
769 246 
4 247 
6 247 
11 247 
32 247 
33 247 
99 247 
253 247 
341 247 
402 247 
427 247 
485 247 
487 247 
549 247 
629 247 
646 247 
746 247 
21 248 
32 248 
79 248 
117 248 
183 248 
232 248 
262 248 
470 248 
490 248 
637 248 
6 249 
22 249 
25 249 
57 249 
62 249 
128 249 
282 249 
304 249 
420 249 
422 249 
460 249 
469 249 
539 249 
18 250 
24 250 
51 250 
62 250 
74 250 
233 250 
466 250 
485 250 
5 251 
19 251 
29 251 
45 251 
194 251 
217 251 
263 251 
386 251 
410 251 
592 251 
634 251 
6 252 
8 252 
25 252 
193 252 
206 252 
243 252 
492 252 
665 252 
704 252 
799 252 
11 253 
15 253 
99 253 
172 253 
175 253 
247 253 
447 253 
487 253 
619 253 
10 254 
48 254 
58 254 
79 254 
82 254 
158 254 
270 254 
455 254 
457 254 
565 254 
693 254 
736 254 
36 255 
39 255 
41 255 
113 255 
120 255 
159 255 
22 256 
31 256 
155 256 
175 256 
232 256 
313 256 
323 256 
493 256 
6 257 
9 257 
10 257 
107 257 
161 257 
178 257 
396 257 
482 257 
654 257 
9 258 
47 258 
52 258 
76 258 
189 258 
236 258 
397 258 
443 258 
568 258 
747 258 
778 258 
3 259 
92 259 
101 259 
119 259 
139 259 
241 259 
394 259 
431 259 
641 259 
4 260 
21 260 
24 260 
54 260 
98 260 
234 260 
298 260 
509 260 
682 260 
3 261 
4 261 
15 261 
85 261 
167 261 
226 261 
375 261 
797 261 
15 262 
49 262 
79 262 
81 262 
183 262 
248 262 
390 262 
19 263 
92 263 
187 263 
194 263 
217 263 
251 263 
327 263 
354 263 
386 263 
471 263 
560 263 
619 263 
5 264 
8 264 
9 264 
69 264 
83 264 
200 264 
423 264 
603 264 
758 264 
18 265 
48 265 
84 265 
124 265 
158 265 
194 265 
318 265 
417 265 
425 265 
471 265 
510 265 
566 265 
604 265 
728 265 
797 265 
3 266 
60 266 
182 266 
208 266 
211 266 
226 266 
391 266 
462 266 
474 266 
555 266 
653 266 
793 266 
5 267 
6 267 
107 267 
213 267 
222 267 
244 267 
342 267 
367 267 
4 268 
6 268 
14 268 
27 268 
40 268 
106 268 
275 268 
286 268 
355 268 
434 268 
480 268 
483 268 
504 268 
616 268 
680 268 
759 268 
8 269 
35 269 
41 269 
55 269 
121 269 
191 269 
358 269 
387 269 
528 269 
5 270 
10 270 
50 270 
79 270 
152 270 
254 270 
411 270 
455 270 
565 270 
640 270 
736 270 
16 271 
60 271 
93 271 
96 271 
120 271 
137 271 
311 271 
320 271 
323 271 
345 271 
347 271 
534 271 
586 271 
636 271 
660 271 
69 272 
141 272 
206 272 
216 272 
235 272 
387 272 
414 272 
6 273 
26 273 
32 273 
117 273 
128 273 
195 273 
292 273 
301 273 
615 273 
662 273 
43 274 
55 274 
59 274 
61 274 
74 274 
115 274 
296 274 
362 274 
370 274 
419 274 
4 275 
6 275 
38 275 
100 275 
268 275 
449 275 
470 275 
552 275 
645 275 
680 275 
759 275 
769 275 
785 275 
792 275 
24 276 
72 276 
105 276 
144 276 
209 276 
240 276 
684 276 
798 276 
3 277 
6 277 
23 277 
38 277 
80 277 
188 277 
439 277 
559 277 
597 277 
629 277 
5 278 
19 278 
35 278 
42 278 
136 278 
143 278 
335 278 
388 278 
526 278 
652 278 
69 279 
90 279 
124 279 
139 279 
186 279 
235 279 
379 279 
407 279 
469 279 
481 279 
8 280 
12 280 
73 280 
119 280 
151 280 
153 280 
316 280 
699 280 
4 281 
6 281 
46 281 
62 281 
92 281 
173 281 
450 281 
25 282 
32 282 
49 282 
67 282 
128 282 
249 282 
469 282 
489 282 
56 283 
84 283 
96 283 
113 283 
145 283 
167 283 
381 283 
610 283 
685 283 
721 283 
4 284 
8 284 
108 284 
127 284 
139 284 
222 284 
362 284 
519 284 
600 284 
13 285 
19 285 
53 285 
232 285 
236 285 
300 285 
420 285 
744 285 
14 286 
27 286 
49 286 
149 286 
245 286 
268 286 
312 286 
321 286 
480 286 
495 286 
6 287 
9 287 
46 287 
52 287 
62 287 
221 287 
293 287 
312 287 
423 287 
510 287 
711 287 
781 287 
4 288 
15 288 
17 288 
25 288 
34 288 
140 288 
319 288 
385 288 
561 288 
569 288 
574 288 
648 288 
653 288 
720 288 
1 289 
6 289 
78 289 
99 289 
130 289 
184 289 
295 289 
353 289 
421 289 
438 289 
439 289 
524 289 
547 289 
551 289 
2 290 
16 290 
22 290 
26 290 
31 290 
241 290 
303 290 
392 290 
636 290 
784 290 
5 291 
11 291 
37 291 
71 291 
95 291 
180 291 
336 291 
553 291 
694 291 
782 291 
10 292 
26 292 
46 292 
87 292 
117 292 
273 292 
333 292 
465 292 
741 292 
5 293 
9 293 
14 293 
213 293 
221 293 
287 293 
9 294 
16 294 
33 294 
102 294 
155 294 
192 294 
377 294 
429 294 
475 294 
1 295 
78 295 
100 295 
152 295 
203 295 
289 295 
353 295 
428 295 
434 295 
439 295 
524 295 
525 295 
735 295 
20 296 
59 296 
74 296 
111 296 
227 296 
274 296 
370 296 
618 296 
675 296 
16 297 
44 297 
71 297 
81 297 
122 297 
150 297 
303 297 
650 297 
759 297 
2 298 
3 298 
21 298 
32 298 
234 298 
260 298 
433 298 
757 298 
768 298 
791 298 
11 299 
60 299 
167 299 
171 299 
226 299 
551 299 
8 300 
32 300 
41 300 
80 300 
236 300 
285 300 
507 300 
635 300 
710 300 
3 301 
6 301 
17 301 
109 301 
195 301 
273 301 
431 301 
515 301 
662 301 
695 301 
49 302 
59 302 
66 302 
82 302 
133 302 
170 302 
321 302 
401 302 
572 302 
617 302 
702 302 
16 303 
26 303 
150 303 
290 303 
297 303 
324 303 
328 303 
392 303 
428 303 
725 303 
749 303 
784 303 
8 304 
14 304 
22 304 
128 304 
145 304 
249 304 
372 304 
436 304 
453 304 
496 304 
506 304 
539 304 
2 305 
14 305 
93 305 
96 305 
101 305 
142 305 
384 305 
417 305 
442 305 
454 305 
548 305 
596 305 
598 305 
624 305 
667 305 
683 305 
747 305 
2 306 
10 306 
11 306 
54 306 
79 306 
220 306 
350 306 
356 306 
498 306 
537 306 
690 306 
18 307 
29 307 
59 307 
111 307 
140 307 
148 307 
468 307 
655 307 
71 308 
88 308 
151 308 
178 308 
180 308 
231 308 
317 308 
393 308 
412 308 
488 308 
578 308 
590 308 
707 308 
776 308 
5 309 
9 309 
15 309 
22 309 
78 309 
213 309 
445 309 
537 309 
571 309 
586 309 
8 310 
16 310 
19 310 
72 310 
85 310 
131 310 
365 310 
475 310 
489 310 
536 310 
632 310 
688 310 
60 311 
118 311 
137 311 
144 311 
245 311 
271 311 
347 311 
372 311 
49 312 
52 312 
221 312 
245 312 
286 312 
287 312 
321 312 
480 312 
510 312 
656 312 
711 312 
14 313 
22 313 
103 313 
155 313 
221 313 
256 313 
484 313 
532 313 
1 314 
2 314 
4 314 
28 314 
47 314 
168 314 
326 314 
734 314 
18 315 
58 315 
113 315 
145 315 
158 315 
231 315 
395 315 
446 315 
459 315 
523 315 
528 315 
542 315 
605 315 
697 315 
757 315 
73 316 
87 316 
105 316 
151 316 
166 316 
280 316 
18 317 
88 317 
120 317 
129 317 
178 317 
308 317 
393 317 
511 317 
1 318 
15 318 
48 318 
49 318 
124 318 
265 318 
322 318 
471 318 
543 318 
566 318 
715 318 
17 319 
53 319 
97 319 
140 319 
205 319 
288 319 
384 319 
456 319 
561 319 
17 320 
120 320 
137 320 
141 320 
216 320 
271 320 
324 320 
376 320 
394 320 
586 320 
785 320 
798 320 
59 321 
66 321 
245 321 
286 321 
302 321 
312 321 
480 321 
495 321 
1 322 
15 322 
124 322 
158 322 
231 322 
318 322 
502 322 
535 322 
543 322 
590 322 
646 322 
16 323 
22 323 
96 323 
232 323 
256 323 
271 323 
345 323 
534 323 
607 323 
16 324 
26 324 
141 324 
216 324 
303 324 
320 324 
328 324 
376 324 
394 324 
413 324 
749 324 
3 325 
12 325 
65 325 
68 325 
93 325 
158 325 
365 325 
2 326 
4 326 
6 326 
9 326 
64 326 
314 326 
336 326 
369 326 
429 326 
525 326 
591 326 
676 326 
726 326 
774 326 
17 327 
19 327 
52 327 
187 327 
221 327 
263 327 
380 327 
560 327 
594 327 
667 327 
711 327 
771 327 
16 328 
17 328 
43 328 
104 328 
303 328 
324 328 
413 328 
428 328 
448 328 
456 328 
749 328 
15 329 
70 329 
85 329 
159 329 
172 329 
212 329 
575 329 
580 329 
628 329 
663 329 
23 330 
88 330 
188 330 
193 330 
223 330 
243 330 
376 330 
426 330 
519 330 
658 330 
732 330 
31 331 
46 331 
81 331 
147 331 
237 331 
246 331 
517 331 
618 331 
35 332 
57 332 
59 332 
105 332 
201 332 
441 332 
467 332 
529 332 
563 332 
657 332 
7 333 
10 333 
11 333 
37 333 
46 333 
292 333 
347 333 
1 334 
6 334 
25 334 
30 334 
33 334 
110 334 
681 334 
776 334 
19 335 
94 335 
136 335 
182 335 
211 335 
278 335 
729 335 
9 336 
64 336 
71 336 
180 336 
291 336 
326 336 
726 336 
10 337 
46 337 
47 337 
52 337 
91 337 
202 337 
574 337 
595 337 
607 337 
7 338 
11 338 
49 338 
99 338 
149 338 
202 338 
631 338 
21 339 
78 339 
144 339 
215 339 
245 339 
477 339 
627 339 
6 340 
10 340 
14 340 
58 340 
223 340 
351 340 
611 340 
790 340 
6 341 
69 341 
99 341 
240 341 
247 341 
427 341 
432 341 
458 341 
485 341 
605 341 
615 341 
741 341 
5 342 
64 342 
107 342 
121 342 
191 342 
267 342 
592 342 
6 343 
14 343 
39 343 
70 343 
100 343 
160 343 
655 343 
1 344 
45 344 
79 344 
82 344 
89 344 
184 344 
345 344 
348 344 
1 345 
96 345 
184 345 
271 345 
323 345 
344 345 
534 345 
20 346 
23 346 
106 346 
127 346 
204 346 
227 346 
397 346 
518 346 
598 346 
625 346 
11 347 
37 347 
137 347 
271 347 
311 347 
333 347 
11 348 
36 348 
82 348 
89 348 
220 348 
344 348 
3 349 
5 349 
44 349 
63 349 
80 349 
112 349 
500 349 
529 349 
638 349 
648 349 
2 350 
38 350 
63 350 
80 350 
220 350 
306 350 
373 350 
691 350 
6 351 
10 351 
60 351 
120 351 
129 351 
340 351 
647 351 
6 352 
14 352 
17 352 
69 352 
70 352 
141 352 
501 352 
522 352 
790 352 
1 353 
5 353 
58 353 
127 353 
289 353 
295 353 
439 353 
680 353 
731 353 
735 353 
9 354 
19 354 
64 354 
92 354 
118 354 
263 354 
472 354 
5 355 
7 355 
14 355 
20 355 
40 355 
268 355 
480 355 
483 355 
504 355 
2 356 
4 356 
5 356 
11 356 
48 356 
306 356 
507 356 
537 356 
690 356 
696 356 
6 357 
15 357 
21 357 
66 357 
113 357 
187 357 
515 357 
87 358 
121 358 
126 358 
191 358 
228 358 
269 358 
426 358 
533 358 
33 359 
47 359 
51 359 
82 359 
90 359 
156 359 
402 359 
523 359 
641 359 
4 360 
6 360 
23 360 
36 360 
196 360 
207 360 
430 360 
446 360 
532 360 
613 360 
781 360 
22 361 
59 361 
85 361 
94 361 
135 361 
178 361 
544 361 
609 361 
625 361 
719 361 
4 362 
43 362 
55 362 
139 362 
274 362 
284 362 
419 362 
22 363 
109 363 
172 363 
193 363 
225 363 
230 363 
14 364 
18 364 
106 364 
119 364 
131 364 
169 364 
378 364 
450 364 
460 364 
601 364 
602 364 
68 365 
72 365 
85 365 
93 365 
310 365 
325 365 
5 366 
73 366 
83 366 
115 366 
182 366 
238 366 
461 366 
674 366 
762 366 
5 367 
35 367 
164 367 
201 367 
213 367 
267 367 
2 368 
38 368 
44 368 
50 368 
74 368 
154 368 
2 369 
6 369 
9 369 
23 369 
114 369 
326 369 
782 369 
1 370 
5 370 
72 370 
74 370 
274 370 
296 370 
478 370 
484 370 
3 371 
84 371 
113 371 
187 371 
227 371 
419 371 
486 371 
8 372 
144 372 
145 372 
245 372 
304 372 
311 372 
496 372 
4 373 
6 373 
29 373 
63 373 
80 373 
350 373 
691 373 
1 374 
39 374 
65 374 
73 374 
120 374 
491 374 
534 374 
753 374 
4 375 
15 375 
59 375 
94 375 
176 375 
261 375 
409 375 
418 375 
520 375 
797 375 
23 376 
88 376 
216 376 
320 376 
324 376 
330 376 
390 376 
391 376 
394 376 
553 376 
704 376 
772 376 
4 377 
16 377 
102 377 
139 377 
241 377 
294 377 
378 377 
389 377 
424 377 
437 377 
681 377 
770 377 
4 378 
14 378 
169 378 
241 378 
364 378 
377 378 
681 378 
71 379 
72 379 
90 379 
139 379 
159 379 
279 379 
393 379 
52 380 
95 380 
151 380 
180 380 
221 380 
327 380 
385 380 
411 380 
418 380 
464 380 
478 380 
563 380 
599 380 
661 380 
701 380 
44 381 
56 381 
94 381 
167 381 
242 381 
283 381 
734 381 
763 381 
6 382 
19 382 
46 382 
77 382 
92 382 
229 382 
445 382 
608 382 
5 383 
31 383 
32 383 
68 383 
163 383 
210 383 
2 384 
14 384 
97 384 
205 384 
305 384 
319 384 
417 384 
559 384 
588 384 
598 384 
667 384 
767 384 
15 385 
25 385 
95 385 
180 385 
288 385 
380 385 
406 385 
411 385 
418 385 
536 385 
569 385 
671 385 
678 385 
53 386 
65 386 
73 386 
217 386 
251 386 
263 386 
410 386 
471 386 
8 387 
41 387 
141 387 
206 387 
269 387 
272 387 
528 387 
18 388 
60 388 
96 388 
136 388 
143 388 
278 388 
416 388 
500 388 
768 388 
4 389 
16 389 
22 389 
27 389 
102 389 
377 389 
407 389 
643 389 
689 389 
770 389 
15 390 
23 390 
81 390 
88 390 
262 390 
376 390 
391 390 
463 390 
553 390 
3 391 
60 391 
88 391 
266 391 
376 391 
390 391 
553 391 
687 391 
772 391 
6 392 
8 392 
16 392 
244 392 
290 392 
303 392 
784 392 
72 393 
88 393 
159 393 
308 393 
317 393 
379 393 
412 393 
511 393 
760 393 
139 394 
241 394 
259 394 
320 394 
324 394 
376 394 
431 394 
756 394 
3 395 
65 395 
126 395 
158 395 
231 395 
315 395 
640 395 
6 396 
56 396 
60 396 
102 396 
178 396 
257 396 
730 396 
9 397 
76 397 
106 397 
127 397 
258 397 
346 397 
14 398 
23 398 
36 398 
97 398 
165 398 
246 398 
520 398 
650 398 
4 399 
45 399 
106 399 
127 399 
225 399 
230 399 
1 400 
15 400 
19 400 
22 400 
78 400 
200 400 
440 400 
487 400 
554 400 
593 400 
673 400 
748 400 
17 401 
30 401 
59 401 
84 401 
133 401 
302 401 
572 401 
624 401 
702 401 
740 401 
4 402 
32 402 
51 402 
156 402 
247 402 
359 402 
2 403 
4 403 
8 403 
31 403 
71 403 
174 403 
483 403 
729 403 
5 404 
17 404 
104 404 
149 404 
185 404 
245 404 
482 404 
494 404 
724 404 
739 404 
742 404 
8 405 
19 405 
26 405 
71 405 
132 405 
159 405 
414 405 
486 405 
538 405 
659 405 
672 405 
761 405 
3 406 
45 406 
95 406 
109 406 
180 406 
385 406 
438 406 
671 406 
698 406 
4 407 
22 407 
124 407 
139 407 
279 407 
389 407 
4 408 
6 408 
15 408 
58 408 
123 408 
138 408 
4 409 
22 409 
85 409 
94 409 
176 409 
375 409 
425 409 
447 409 
455 409 
520 409 
25 410 
37 410 
142 410 
217 410 
251 410 
386 410 
634 410 
10 411 
79 411 
180 411 
270 411 
380 411 
385 411 
418 411 
478 411 
536 411 
664 411 
692 411 
4 412 
86 412 
88 412 
146 412 
308 412 
393 412 
582 412 
773 412 
1 413 
3 413 
16 413 
26 413 
324 413 
328 413 
742 413 
19 414 
26 414 
69 414 
141 414 
272 414 
405 414 
6 415 
15 415 
46 415 
79 415 
131 415 
183 415 
18 416 
96 416 
118 416 
144 416 
183 416 
388 416 
690 416 
2 417 
18 417 
194 417 
265 417 
305 417 
384 417 
454 417 
588 417 
596 417 
598 417 
624 417 
683 417 
59 418 
176 418 
375 418 
380 418 
385 418 
411 418 
476 418 
478 418 
536 418 
563 418 
664 418 
678 418 
692 418 
55 419 
168 419 
227 419 
274 419 
362 419 
371 419 
13 420 
19 420 
22 420 
25 420 
249 420 
285 420 
460 420 
744 420 
11 421 
36 421 
61 421 
99 421 
130 421 
289 421 
438 421 
551 421 
5 422 
6 422 
22 422 
57 422 
73 422 
249 422 
453 422 
533 422 
581 422 
703 422 
706 422 
8 423 
200 423 
221 423 
264 423 
287 423 
603 423 
740 423 
758 423 
781 423 
15 424 
31 424 
139 424 
241 424 
377 424 
437 424 
497 424 
795 424 
18 425 
22 425 
84 425 
85 425 
265 425 
409 425 
620 425 
673 425 
685 425 
751 425 
764 425 
787 425 
797 425 
87 426 
193 426 
223 426 
228 426 
330 426 
358 426 
519 426 
533 426 
654 426 
2 427 
6 427 
83 427 
94 427 
247 427 
341 427 
485 427 
513 427 
615 427 
629 427 
16 428 
152 428 
203 428 
295 428 
303 428 
328 428 
456 428 
525 428 
725 428 
6 429 
64 429 
155 429 
192 429 
294 429 
326 429 
593 429 
720 429 
5 430 
7 430 
36 430 
50 430 
207 430 
360 430 
532 430 
621 430 
17 431 
109 431 
139 431 
259 431 
301 431 
394 431 
515 431 
3 432 
6 432 
69 432 
101 432 
240 432 
341 432 
458 432 
741 432 
2 433 
3 433 
18 433 
84 433 
173 433 
298 433 
570 433 
710 433 
714 433 
757 433 
4 434 
100 434 
106 434 
203 434 
268 434 
295 434 
547 434 
616 434 
5 435 
9 435 
17 435 
41 435 
77 435 
92 435 
473 435 
568 435 
668 435 
712 435 
14 436 
64 436 
78 436 
144 436 
145 436 
304 436 
453 436 
549 436 
722 436 
6 437 
39 437 
139 437 
214 437 
377 437 
424 437 
693 437 
95 438 
99 438 
180 438 
289 438 
406 438 
421 438 
551 438 
38 439 
80 439 
277 439 
289 439 
295 439 
353 439 
1 440 
3 440 
5 440 
19 440 
78 440 
400 440 
487 440 
703 440 
11 441 
59 441 
68 441 
201 441 
242 441 
332 441 
563 441 
4 442 
7 442 
13 442 
14 442 
101 442 
305 442 
747 442 
47 443 
91 443 
189 443 
204 443 
258 443 
457 443 
753 443 
41 444 
45 444 
99 444 
171 444 
176 444 
181 444 
671 444 
19 445 
78 445 
92 445 
213 445 
309 445 
382 445 
512 445 
537 445 
692 445 
755 445 
4 446 
18 446 
23 446 
113 446 
315 446 
360 446 
542 446 
15 447 
94 447 
172 447 
176 447 
253 447 
409 447 
451 447 
619 447 
678 447 
705 447 
8 448 
17 448 
43 448 
68 448 
135 448 
328 448 
604 448 
752 448 
4 449 
38 449 
67 449 
82 449 
170 449 
275 449 
14 450 
46 450 
62 450 
131 450 
281 450 
364 450 
15 451 
152 451 
172 451 
175 451 
203 451 
447 451 
705 451 
5 452 
14 452 
40 452 
47 452 
131 452 
224 452 
606 452 
5 453 
14 453 
22 453 
304 453 
422 453 
436 453 
2 454 
78 454 
118 454 
245 454 
305 454 
417 454 
548 454 
596 454 
726 454 
4 455 
79 455 
85 455 
254 455 
270 455 
409 455 
565 455 
16 456 
53 456 
97 456 
319 456 
328 456 
428 456 
48 457 
58 457 
91 457 
204 457 
254 457 
443 457 
522 457 
579 457 
693 457 
39 458 
40 458 
69 458 
181 458 
341 458 
432 458 
499 458 
18 459 
108 459 
141 459 
145 459 
186 459 
315 459 
523 459 
605 459 
18 460 
25 460 
119 460 
249 460 
364 460 
420 460 
601 460 
602 460 
791 460 
27 461 
56 461 
83 461 
146 461 
182 461 
366 461 
3 462 
5 462 
172 462 
182 462 
211 462 
266 462 
474 462 
626 462 
793 462 
794 462 
1 463 
4 463 
5 463 
15 463 
81 463 
390 463 
28 464 
29 464 
75 464 
95 464 
151 464 
380 464 
599 464 
5 465 
16 465 
46 465 
69 465 
87 465 
292 465 
18 466 
51 466 
144 466 
183 466 
250 466 
14 467 
46 467 
87 467 
105 467 
246 467 
332 467 
529 467 
701 467 
769 467 
777 467 
15 468 
29 468 
140 468 
175 468 
232 468 
307 468 
655 468 
69 469 
128 469 
186 469 
249 469 
279 469 
282 469 
21 470 
38 470 
100 470 
183 470 
248 470 
275 470 
637 470 
785 470 
792 470 
48 471 
217 471 
263 471 
265 471 
318 471 
386 471 
566 471 
604 471 
6 472 
19 472 
84 472 
92 472 
187 472 
354 472 
22 473 
77 473 
92 473 
114 473 
200 473 
435 473 
568 473 
668 473 
24 474 
180 474 
182 474 
210 474 
266 474 
462 474 
601 474 
19 475 
33 475 
72 475 
155 475 
294 475 
310 475 
489 475 
495 475 
524 475 
756 475 
773 475 
775 475 
777 475 
23 476 
24 476 
59 476 
176 476 
177 476 
418 476 
1 477 
4 477 
21 477 
215 477 
237 477 
339 477 
512 477 
5 478 
72 478 
370 478 
380 478 
411 478 
418 478 
484 478 
563 478 
661 478 
664 478 
3 479 
24 479 
32 479 
49 479 
168 479 
210 479 
561 479 
694 479 
14 480 
268 480 
286 480 
312 480 
321 480 
355 480 
483 480 
2 481 
38 481 
100 481 
186 481 
235 481 
279 481 
666 481 
793 481 
796 481 
5 482 
9 482 
104 482 
161 482 
257 482 
404 482 
494 482 
712 482 
724 482 
31 483 
71 483 
268 483 
355 483 
403 483 
480 483 
5 484 
103 484 
221 484 
313 484 
370 484 
478 484 
51 485 
74 485 
247 485 
250 485 
341 485 
427 485 
613 485 
615 485 
8 486 
71 486 
84 486 
113 486 
371 486 
405 486 
622 486 
1 487 
99 487 
247 487 
253 487 
400 487 
440 487 
549 487 
713 487 
746 487 
1 488 
13 488 
133 488 
178 488 
231 488 
308 488 
578 488 
642 488 
49 489 
67 489 
72 489 
282 489 
310 489 
475 489 
495 489 
536 489 
602 489 
632 489 
707 489 
756 489 
777 489 
8 490 
117 490 
138 490 
232 490 
248 490 
19 491 
65 491 
73 491 
158 491 
374 491 
534 491 
670 491 
6 492 
32 492 
33 492 
67 492 
243 492 
252 492 
704 492 
2 493 
22 493 
152 493 
175 493 
196 493 
256 493 
5 494 
8 494 
80 494 
174 494 
404 494 
482 494 
724 494 
72 495 
245 495 
286 495 
321 495 
475 495 
489 495 
524 495 
602 495 
756 495 
5 496 
8 496 
15 496 
160 496 
304 496 
372 496 
4 497 
10 497 
15 497 
86 497 
241 497 
424 497 
557 497 
669 497 
795 497 
30 498 
51 498 
54 498 
56 498 
79 498 
306 498 
6 499 
18 499 
39 499 
106 499 
181 499 
458 499 
538 499 
606 499 
644 499 
713 499 
18 500 
60 500 
63 500 
80 500 
349 500 
388 500 
46 501 
69 501 
79 501 
141 501 
219 501 
352 501 
577 501 
597 501 
638 501 
18 502 
28 502 
124 502 
158 502 
177 502 
322 502 
535 502 
646 502 
8 503 
35 503 
55 503 
59 503 
97 503 
133 503 
566 503 
579 503 
616 503 
7 504 
8 504 
12 504 
40 504 
268 504 
355 504 
4 505 
24 505 
100 505 
177 505 
189 505 
214 505 
22 506 
119 506 
127 506 
128 506 
169 506 
304 506 
708 506 
4 507 
8 507 
41 507 
48 507 
300 507 
356 507 
635 507 
754 507 
1 508 
53 508 
122 508 
151 508 
166 508 
197 508 
799 508 
11 509 
21 509 
38 509 
61 509 
98 509 
260 509 
699 509 
755 509 
48 510 
158 510 
221 510 
265 510 
287 510 
312 510 
656 510 
711 510 
4 511 
88 511 
177 511 
214 511 
317 511 
393 511 
760 511 
4 512 
19 512 
92 512 
237 512 
445 512 
477 512 
9 513 
35 513 
83 513 
94 513 
154 513 
427 513 
5 514 
68 514 
171 514 
172 514 
228 514 
242 514 
15 515 
66 515 
109 515 
301 515 
357 515 
431 515 
6 516 
44 516 
83 516 
153 516 
182 516 
208 516 
587 516 
630 516 
633 516 
3 517 
31 517 
50 517 
62 517 
237 517 
331 517 
669 517 
1 518 
32 518 
106 518 
127 518 
204 518 
346 518 
127 519 
139 519 
223 519 
284 519 
330 519 
426 519 
36 520 
97 520 
176 520 
375 520 
398 520 
409 520 
650 520 
686 520 
15 521 
43 521 
79 521 
100 521 
175 521 
203 521 
539 521 
6 522 
14 522 
48 522 
58 522 
352 522 
457 522 
579 522 
82 523 
90 523 
145 523 
315 523 
359 523 
459 523 
528 523 
605 523 
757 523 
72 524 
78 524 
289 524 
295 524 
475 524 
495 524 
547 524 
775 524 
2 525 
4 525 
152 525 
295 525 
326 525 
428 525 
591 525 
676 525 
5 526 
9 526 
35 526 
69 526 
87 526 
278 526 
3 527 
7 527 
21 527 
149 527 
198 527 
234 527 
41 528 
145 528 
269 528 
315 528 
387 528 
523 528 
697 528 
3 529 
80 529 
87 529 
332 529 
349 529 
467 529 
7 530 
33 530 
130 530 
149 530 
202 530 
220 530 
738 530 
766 530 
5 531 
13 531 
53 531 
77 531 
91 531 
202 531 
554 531 
622 531 
14 532 
36 532 
221 532 
313 532 
360 532 
430 532 
5 533 
73 533 
87 533 
358 533 
422 533 
426 533 
581 533 
706 533 
65 534 
271 534 
323 534 
345 534 
374 534 
491 534 
33 535 
57 535 
124 535 
209 535 
322 535 
502 535 
646 535 
72 536 
310 536 
385 536 
411 536 
418 536 
489 536 
632 536 
678 536 
692 536 
11 537 
78 537 
306 537 
309 537 
356 537 
445 537 
692 537 
39 538 
71 538 
159 538 
181 538 
405 538 
499 538 
570 538 
761 538 
15 539 
22 539 
79 539 
249 539 
304 539 
521 539 
10 540 
17 540 
39 540 
134 540 
159 540 
212 540 
578 540 
714 540 
4 541 
39 541 
99 541 
176 541 
182 541 
214 541 
564 541 
18 542 
36 542 
97 542 
315 542 
446 542 
686 542 
1 543 
26 543 
34 543 
103 543 
318 543 
322 543 
11 544 
59 544 
64 544 
94 544 
230 544 
361 544 
565 544 
724 544 
762 544 
38 545 
67 545 
77 545 
117 545 
118 545 
612 545 
717 545 
6 546 
28 546 
44 546 
50 546 
112 546 
122 546 
562 546 
78 547 
100 547 
203 547 
289 547 
434 547 
524 547 
1 548 
2 548 
25 548 
34 548 
305 548 
454 548 
726 548 
14 549 
99 549 
145 549 
247 549 
436 549 
487 549 
646 549 
713 549 
746 549 
2 550 
6 550 
16 550 
93 550 
128 550 
135 551 
171 551 
289 551 
299 551 
421 551 
438 551 
4 552 
6 552 
182 552 
214 552 
275 552 
645 552 
11 553 
37 553 
291 553 
376 553 
390 553 
391 553 
694 553 
704 553 
782 553 
1 554 
19 554 
53 554 
202 554 
400 554 
531 554 
673 554 
2 555 
3 555 
48 555 
94 555 
226 555 
266 555 
17 556 
33 556 
43 556 
67 556 
141 556 
143 556 
596 556 
4 557 
44 557 
59 557 
86 557 
164 557 
497 557 
669 557 
1 558 
34 558 
35 558 
40 558 
49 558 
165 558 
760 558 
6 559 
23 559 
97 559 
205 559 
277 559 
384 559 
629 559 
767 559 
19 560 
27 560 
39 560 
182 560 
263 560 
327 560 
569 560 
682 560 
3 561 
140 561 
210 561 
288 561 
319 561 
479 561 
16 562 
44 562 
50 562 
94 562 
112 562 
546 562 
661 562 
201 563 
332 563 
380 563 
418 563 
441 563 
478 563 
661 563 
4 564 
40 564 
56 564 
176 564 
181 564 
541 564 
64 565 
230 565 
254 565 
270 565 
455 565 
544 565 
724 565 
736 565 
762 565 
35 566 
133 566 
265 566 
318 566 
471 566 
503 566 
579 566 
718 566 
6 567 
27 567 
58 567 
101 567 
157 567 
182 567 
591 567 
9 568 
52 568 
77 568 
258 568 
435 568 
473 568 
712 568 
15 569 
19 569 
288 569 
385 569 
560 569 
653 569 
720 569 
71 570 
84 570 
159 570 
173 570 
433 570 
538 570 
9 571 
17 571 
86 571 
213 571 
222 571 
309 571 
586 571 
51 572 
59 572 
115 572 
302 572 
401 572 
25 573 
69 573 
108 573 
116 573 
128 573 
186 573 
10 574 
15 574 
34 574 
46 574 
288 574 
337 574 
595 574 
607 574 
648 574 
7 575 
8 575 
12 575 
85 575 
172 575 
329 575 
1 576 
2 576 
58 576 
93 576 
134 576 
219 576 
4 577 
18 577 
46 577 
79 577 
140 577 
501 577 
597 577 
10 578 
17 578 
231 578 
308 578 
488 578 
540 578 
35 579 
58 579 
457 579 
503 579 
522 579 
566 579 
15 580 
36 580 
85 580 
122 580 
207 580 
329 580 
583 580 
642 580 
6 581 
73 581 
108 581 
240 581 
422 581 
533 581 
4 582 
22 582 
73 582 
146 582 
151 582 
412 582 
676 582 
679 582 
709 582 
773 582 
5 583 
15 583 
85 583 
170 583 
580 583 
2 584 
6 584 
58 584 
71 584 
83 584 
193 584 
716 584 
25 585 
71 585 
72 585 
109 585 
123 585 
225 585 
745 585 
9 586 
120 586 
271 586 
309 586 
320 586 
571 586 
785 586 
6 587 
44 587 
94 587 
208 587 
211 587 
516 587 
2 588 
9 588 
10 588 
95 588 
384 588 
417 588 
748 588 
30 589 
45 589 
60 589 
98 589 
109 589 
230 589 
612 589 
88 590 
124 590 
231 590 
308 590 
322 590 
707 590 
2 591 
6 591 
182 591 
326 591 
525 591 
567 591 
5 592 
45 592 
64 592 
191 592 
251 592 
342 592 
698 592 
744 592 
15 593 
155 593 
192 593 
200 593 
400 593 
429 593 
720 593 
17 594 
19 594 
41 594 
45 594 
187 594 
327 594 
711 594 
4 595 
10 595 
48 595 
125 595 
337 595 
574 595 
607 595 
643 595 
43 596 
141 596 
305 596 
417 596 
454 596 
556 596 
624 596 
657 596 
6 597 
79 597 
188 597 
277 597 
501 597 
577 597 
20 598 
23 598 
305 598 
346 598 
384 598 
417 598 
91 599 
95 599 
204 599 
380 599 
464 599 
2 600 
8 600 
58 600 
101 600 
108 600 
284 600 
24 601 
119 601 
180 601 
364 601 
460 601 
474 601 
602 601 
72 602 
364 602 
460 602 
489 602 
495 602 
601 602 
8 603 
36 603 
108 603 
200 603 
264 603 
423 603 
758 603 
43 604 
48 604 
265 604 
448 604 
471 604 
772 604 
240 605 
315 605 
341 605 
459 605 
523 605 
741 605 
757 605 
6 606 
18 606 
131 606 
224 606 
452 606 
499 606 
644 606 
717 606 
16 607 
96 607 
323 607 
337 607 
574 607 
595 607 
3 608 
4 608 
6 608 
147 608 
382 608 
59 609 
85 609 
135 609 
172 609 
178 609 
361 609 
625 609 
632 609 
691 609 
3 610 
20 610 
24 610 
56 610 
283 610 
721 610 
763 610 
771 610 
780 610 
2 611 
14 611 
63 611 
67 611 
224 611 
340 611 
675 611 
38 612 
60 612 
67 612 
545 612 
589 612 
717 612 
758 612 
6 613 
36 613 
51 613 
74 613 
360 613 
485 613 
11 614 
12 614 
16 614 
58 614 
96 614 
121 614 
666 614 
6 615 
128 615 
273 615 
341 615 
427 615 
485 615 
4 616 
59 616 
133 616 
268 616 
434 616 
503 616 
644 616 
645 616 
647 616 
723 616 
774 616 
49 617 
94 617 
170 617 
176 617 
215 617 
302 617 
81 618 
111 618 
227 618 
237 618 
296 618 
331 618 
15 619 
194 619 
217 619 
253 619 
263 619 
447 619 
18 620 
49 620 
82 620 
84 620 
90 620 
425 620 
673 620 
4 621 
9 621 
36 621 
199 621 
207 621 
430 621 
5 622 
13 622 
84 622 
113 622 
486 622 
531 622 
35 623 
64 623 
137 623 
157 623 
203 623 
239 623 
665 623 
59 624 
133 624 
305 624 
401 624 
417 624 
596 624 
683 624 
740 624 
106 625 
135 625 
204 625 
346 625 
361 625 
609 625 
5 626 
55 626 
182 626 
211 626 
228 626 
462 626 
649 626 
794 626 
5 627 
9 627 
21 627 
83 627 
339 627 
33 628 
49 628 
159 628 
202 628 
212 628 
329 628 
6 629 
23 629 
247 629 
277 629 
427 629 
559 629 
22 630 
114 630 
116 630 
182 630 
208 630 
516 630 
7 631 
11 631 
19 631 
78 631 
104 631 
338 631 
172 632 
178 632 
310 632 
489 632 
536 632 
609 632 
691 632 
3 633 
49 633 
185 633 
516 633 
8 634 
14 634 
200 634 
217 634 
251 634 
410 634 
8 635 
45 635 
123 635 
225 635 
300 635 
507 635 
754 635 
2 636 
16 636 
93 636 
96 636 
271 636 
290 636 
4 637 
6 637 
8 637 
183 637 
248 637 
470 637 
728 637 
44 638 
46 638 
112 638 
219 638 
349 638 
501 638 
731 638 
788 638 
36 639 
39 639 
55 639 
70 639 
97 639 
212 639 
735 639 
5 640 
65 640 
126 640 
152 640 
270 640 
395 640 
3 641 
33 641 
90 641 
101 641 
259 641 
359 641 
1 642 
13 642 
122 642 
207 642 
488 642 
580 642 
4 643 
27 643 
48 643 
125 643 
389 643 
595 643 
6 644 
59 644 
133 644 
499 644 
606 644 
616 644 
645 644 
647 644 
684 644 
723 644 
6 645 
59 645 
275 645 
552 645 
616 645 
644 645 
647 645 
684 645 
769 645 
774 645 
99 646 
247 646 
322 646 
502 646 
535 646 
549 646 
60 647 
129 647 
351 647 
616 647 
644 647 
645 647 
723 647 
5 648 
34 648 
44 648 
288 648 
349 648 
574 648 
5 649 
86 649 
146 649 
222 649 
228 649 
626 649 
651 649 
16 650 
36 650 
44 650 
297 650 
398 650 
520 650 
23 651 
86 651 
146 651 
165 651 
649 651 
6 652 
19 652 
57 652 
143 652 
190 652 
278 652 
15 653 
182 653 
208 653 
266 653 
288 653 
569 653 
720 653 
6 654 
87 654 
107 654 
228 654 
257 654 
426 654 
672 654 
761 654 
100 655 
140 655 
160 655 
307 655 
343 655 
468 655 
3 656 
33 656 
149 656 
221 656 
312 656 
510 656 
43 657 
57 657 
87 657 
141 657 
332 657 
596 657 
80 658 
118 658 
223 658 
243 658 
330 658 
5 659 
8 659 
85 659 
159 659 
184 659 
405 659 
672 659 
765 659 
16 660 
93 660 
141 660 
186 660 
235 660 
271 660 
16 661 
94 661 
380 661 
478 661 
562 661 
563 661 
730 661 
6 662 
46 662 
82 662 
89 662 
273 662 
301 662 
18 663 
56 663 
70 663 
96 663 
159 663 
329 663 
26 664 
65 664 
136 664 
411 664 
418 664 
478 664 
8 665 
25 665 
35 665 
157 665 
252 665 
623 665 
11 666 
12 666 
38 666 
100 666 
481 666 
614 666 
14 667 
17 667 
221 667 
305 667 
327 667 
384 667 
771 667 
3 668 
23 668 
92 668 
111 668 
435 668 
473 668 
686 668 
732 668 
3 669 
4 669 
50 669 
497 669 
517 669 
557 669 
7 670 
19 670 
44 670 
154 670 
158 670 
491 670 
45 671 
171 671 
180 671 
385 671 
406 671 
444 671 
6 672 
107 672 
159 672 
405 672 
654 672 
659 672 
761 672 
1 673 
18 673 
400 673 
425 673 
554 673 
620 673 
751 673 
3 674 
4 674 
5 674 
33 674 
115 674 
366 674 
700 674 
762 674 
14 675 
20 675 
224 675 
227 675 
296 675 
611 675 
4 676 
151 676 
326 676 
525 676 
582 676 
679 676 
774 676 
47 677 
53 677 
67 677 
82 677 
143 677 
202 677 
94 678 
176 678 
385 678 
418 678 
447 678 
536 678 
22 679 
119 679 
127 679 
139 679 
582 679 
676 679 
687 679 
788 679 
4 680 
5 680 
127 680 
268 680 
275 680 
353 680 
731 680 
4 681 
25 681 
33 681 
334 681 
377 681 
378 681 
776 681 
24 682 
54 682 
182 682 
260 682 
560 682 
29 683 
42 683 
148 683 
305 683 
417 683 
624 683 
24 684 
59 684 
209 684 
276 684 
644 684 
645 684 
22 685 
84 685 
85 685 
113 685 
283 685 
425 685 
787 685 
3 686 
23 686 
36 686 
520 686 
542 686 
668 686 
3 687 
60 687 
127 687 
139 687 
391 687 
679 687 
788 687 
1 688 
19 688 
85 688 
147 688 
179 688 
310 688 
22 689 
27 689 
119 689 
151 689 
389 689 
749 689 
2 690 
118 690 
144 690 
306 690 
356 690 
416 690 
63 691 
172 691 
350 691 
373 691 
609 691 
632 691 
78 692 
411 692 
418 692 
445 692 
536 692 
537 692 
755 692 
6 693 
48 693 
214 693 
254 693 
437 693 
457 693 
32 694 
37 694 
168 694 
291 694 
479 694 
553 694 
6 695 
7 695 
195 695 
220 695 
301 695 
5 696 
10 696 
48 696 
52 696 
134 696 
356 696 
719 696 
87 697 
145 697 
150 697 
166 697 
315 697 
528 697 
64 698 
180 698 
191 698 
406 698 
592 698 
744 698 
754 698 
38 699 
61 699 
119 699 
151 699 
280 699 
509 699 
3 700 
4 700 
9 700 
33 700 
41 700 
674 700 
14 701 
46 701 
151 701 
180 701 
380 701 
467 701 
725 701 
766 701 
5 702 
40 702 
76 702 
133 702 
302 702 
401 702 
775 702 
3 703 
6 703 
19 703 
57 703 
422 703 
440 703 
243 704 
252 704 
376 704 
492 704 
553 704 
24 705 
88 705 
172 705 
199 705 
447 705 
451 705 
5 706 
23 706 
191 706 
196 706 
422 706 
533 706 
718 706 
795 706 
49 707 
67 707 
88 707 
308 707 
489 707 
590 707 
1 708 
73 708 
115 708 
119 708 
169 708 
506 708 
767 708 
2 709 
8 709 
16 709 
22 709 
73 709 
582 709 
18 710 
41 710 
80 710 
84 710 
300 710 
433 710 
714 710 
19 711 
287 711 
312 711 
327 711 
510 711 
594 711 
5 712 
77 712 
104 712 
435 712 
482 712 
568 712 
6 713 
99 713 
106 713 
487 713 
499 713 
549 713 
10 714 
84 714 
134 714 
433 714 
540 714 
710 714 
1 715 
8 715 
37 715 
49 715 
226 715 
318 715 
8 716 
71 716 
142 716 
193 716 
226 716 
584 716 
779 716 
786 716 
796 716 
6 717 
18 717 
38 717 
545 717 
606 717 
612 717 
23 718 
35 718 
133 718 
196 718 
566 718 
706 718 
10 719 
94 719 
134 719 
135 719 
361 719 
696 719 
192 720 
288 720 
429 720 
569 720 
593 720 
653 720 
2 721 
3 721 
56 721 
86 721 
283 721 
610 721 
763 721 
771 721 
10 722 
64 722 
78 722 
126 722 
228 722 
436 722 
1 723 
147 723 
234 723 
616 723 
644 723 
647 723 
770 723 
230 724 
404 724 
482 724 
494 724 
544 724 
565 724 
14 725 
16 725 
46 725 
303 725 
428 725 
701 725 
2 726 
9 726 
326 726 
336 726 
454 726 
548 726 
14 727 
58 727 
83 727 
120 727 
124 727 
197 727 
778 727 
4 728 
6 728 
124 728 
158 728 
265 728 
637 728 
2 729 
4 729 
182 729 
211 729 
335 729 
403 729 
16 730 
56 730 
60 730 
94 730 
396 730 
661 730 
44 731 
112 731 
127 731 
353 731 
638 731 
680 731 
3 732 
88 732 
111 732 
188 732 
330 732 
668 732 
2 733 
6 733 
7 733 
30 733 
203 733 
239 733 
4 734 
28 734 
94 734 
242 734 
314 734 
381 734 
1 735 
39 735 
70 735 
295 735 
353 735 
639 735 
2 736 
64 736 
148 736 
254 736 
270 736 
565 736 
8 737 
10 737 
17 737 
28 737 
36 737 
136 737 
33 738 
59 738 
149 738 
164 738 
201 738 
530 738 
766 738 
5 739 
6 739 
17 739 
42 739 
404 739 
8 740 
59 740 
200 740 
401 740 
423 740 
624 740 
26 741 
117 741 
292 741 
341 741 
432 741 
605 741 
1 742 
3 742 
149 742 
185 742 
404 742 
413 742 
21 743 
35 743 
43 743 
64 743 
79 743 
191 743 
787 743 
19 744 
191 744 
285 744 
420 744 
592 744 
698 744 
10 745 
25 745 
71 745 
193 745 
223 745 
585 745 
5 746 
15 746 
91 746 
247 746 
487 746 
549 746 
14 747 
52 747 
76 747 
258 747 
305 747 
442 747 
9 748 
19 748 
78 748 
95 748 
400 748 
588 748 
22 749 
119 749 
303 749 
324 749 
328 749 
689 749 
42 750 
48 750 
58 750 
140 750 
148 750 
224 750 
8 751 
18 751 
97 751 
246 751 
425 751 
673 751 
764 751 
8 752 
43 752 
68 752 
153 752 
448 752 
772 752 
14 753 
47 753 
120 753 
189 753 
374 753 
443 753 
8 754 
64 754 
191 754 
507 754 
635 754 
698 754 
11 755 
61 755 
78 755 
445 755 
509 755 
692 755 
783 755 
139 756 
241 756 
394 756 
475 756 
489 756 
495 756 
777 756 
2 757 
298 757 
315 757 
433 757 
523 757 
605 757 
38 758 
67 758 
264 758 
423 758 
603 758 
612 758 
6 759 
44 759 
150 759 
268 759 
275 759 
297 759 
40 760 
88 760 
165 760 
393 760 
511 760 
558 760 
71 761 
107 761 
405 761 
538 761 
654 761 
672 761 
5 762 
64 762 
366 762 
544 762 
565 762 
674 762 
44 763 
56 763 
242 763 
381 763 
610 763 
721 763 
771 763 
4 764 
18 764 
99 764 
199 764 
425 764 
751 764 
5 765 
7 765 
11 765 
85 765 
230 765 
659 765 
14 766 
149 766 
530 766 
701 766 
738 766 
119 767 
205 767 
384 767 
559 767 
708 767 
2 768 
32 768 
136 768 
143 768 
298 768 
388 768 
6 769 
46 769 
246 769 
275 769 
467 769 
645 769 
1 770 
16 770 
234 770 
377 770 
389 770 
723 770 
17 771 
327 771 
610 771 
667 771 
721 771 
763 771 
43 772 
88 772 
376 772 
391 772 
604 772 
752 772 
19 773 
72 773 
146 773 
412 773 
475 773 
582 773 
4 774 
59 774 
326 774 
616 774 
645 774 
676 774 
5 775 
72 775 
76 775 
475 775 
524 775 
702 775 
25 776 
71 776 
151 776 
308 776 
334 776 
681 776 
87 777 
105 777 
467 777 
475 777 
489 777 
756 777 
14 778 
47 778 
120 778 
236 778 
258 778 
727 778 
8 779 
47 779 
51 779 
53 779 
226 779 
716 779 
38 780 
56 780 
74 780 
96 780 
239 780 
610 780 
23 781 
196 781 
221 781 
287 781 
360 781 
423 781 
11 782 
23 782 
291 782 
369 782 
553 782 
1 783 
2 783 
11 783 
47 783 
61 783 
755 783 
19 784 
68 784 
132 784 
290 784 
303 784 
392 784 
100 785 
120 785 
275 785 
320 785 
470 785 
586 785 
792 785 
8 786 
17 786 
52 786 
142 786 
162 786 
716 786 
796 786 
35 787 
64 787 
85 787 
425 787 
685 787 
743 787 
46 788 
127 788 
219 788 
638 788 
679 788 
687 788 
18 789 
59 789 
74 789 
79 789 
89 789 
219 789 
10 790 
17 790 
69 790 
223 790 
340 790 
352 790 
18 791 
21 791 
119 791 
234 791 
298 791 
460 791 
14 792 
34 792 
103 792 
275 792 
470 792 
785 792 
2 793 
100 793 
211 793 
266 793 
462 793 
481 793 
796 793 
6 794 
42 794 
140 794 
182 794 
462 794 
626 794 
15 795 
191 795 
196 795 
424 795 
497 795 
706 795 
2 796 
8 796 
481 796 
716 796 
786 796 
793 796 
4 797 
84 797 
261 797 
265 797 
375 797 
425 797 
17 798 
144 798 
209 798 
216 798 
276 798 
320 798 
1 799 
25 799 
166 799 
206 799 
252 799 
508 799 
18 800 
46 800 
119 800 
131 800 
147 800 
163 800 
