2 1 
3 1 
4 1 
5 1 
6 1 
7 1 
8 1 
9 1 
11 1 
12 1 
13 1 
15 1 
16 1 
17 1 
18 1 
19 1 
24 1 
26 1 
27 1 
30 1 
32 1 
34 1 
44 1 
45 1 
53 1 
57 1 
62 1 
75 1 
89 1 
91 1 
94 1 
118 1 
119 1 
132 1 
133 1 
134 1 
140 1 
142 1 
147 1 
155 1 
162 1 
164 1 
177 1 
199 1 
204 1 
216 1 
221 1 
224 1 
234 1 
241 1 
245 1 
256 1 
259 1 
264 1 
265 1 
271 1 
286 1 
288 1 
303 1 
304 1 
306 1 
311 1 
316 1 
319 1 
329 1 
332 1 
342 1 
367 1 
377 1 
385 1 
394 1 
395 1 
433 1 
446 1 
451 1 
459 1 
499 1 
501 1 
506 1 
512 1 
515 1 
525 1 
526 1 
527 1 
561 1 
562 1 
563 1 
587 1 
588 1 
602 1 
604 1 
605 1 
613 1 
614 1 
615 1 
628 1 
635 1 
681 1 
687 1 
723 1 
739 1 
743 1 
754 1 
756 1 
767 1 
778 1 
786 1 
1 2 
3 2 
4 2 
5 2 
6 2 
7 2 
8 2 
9 2 
10 2 
11 2 
14 2 
18 2 
19 2 
20 2 
21 2 
23 2 
25 2 
28 2 
36 2 
52 2 
57 2 
61 2 
63 2 
69 2 
73 2 
76 2 
83 2 
89 2 
94 2 
99 2 
100 2 
101 2 
115 2 
116 2 
126 2 
130 2 
132 2 
147 2 
151 2 
152 2 
159 2 
194 2 
215 2 
218 2 
235 2 
239 2 
243 2 
253 2 
258 2 
274 2 
284 2 
286 2 
287 2 
298 2 
308 2 
317 2 
324 2 
326 2 
332 2 
334 2 
350 2 
382 2 
396 2 
402 2 
408 2 
416 2 
424 2 
436 2 
447 2 
462 2 
475 2 
491 2 
495 2 
496 2 
518 2 
540 2 
543 2 
553 2 
676 2 
714 2 
715 2 
733 2 
762 2 
780 2 
1 3 
2 3 
4 3 
7 3 
10 3 
11 3 
12 3 
16 3 
23 3 
38 3 
47 3 
53 3 
54 3 
56 3 
57 3 
59 3 
68 3 
69 3 
72 3 
80 3 
81 3 
83 3 
84 3 
91 3 
93 3 
106 3 
114 3 
117 3 
136 3 
142 3 
156 3 
166 3 
184 3 
186 3 
193 3 
206 3 
217 3 
230 3 
250 3 
259 3 
261 3 
264 3 
279 3 
281 3 
296 3 
321 3 
322 3 
331 3 
338 3 
346 3 
376 3 
382 3 
409 3 
418 3 
435 3 
437 3 
444 3 
477 3 
480 3 
500 3 
529 3 
531 3 
594 3 
619 3 
623 3 
635 3 
638 3 
653 3 
673 3 
689 3 
757 3 
761 3 
769 3 
1 4 
2 4 
3 4 
5 4 
7 4 
8 4 
9 4 
10 4 
12 4 
13 4 
14 4 
15 4 
16 4 
18 4 
19 4 
20 4 
22 4 
24 4 
25 4 
26 4 
29 4 
31 4 
32 4 
33 4 
35 4 
37 4 
39 4 
49 4 
52 4 
56 4 
63 4 
64 4 
66 4 
67 4 
69 4 
72 4 
73 4 
74 4 
78 4 
85 4 
88 4 
90 4 
95 4 
99 4 
103 4 
107 4 
115 4 
122 4 
123 4 
131 4 
139 4 
140 4 
142 4 
149 4 
155 4 
156 4 
162 4 
169 4 
186 4 
189 4 
194 4 
197 4 
198 4 
201 4 
208 4 
212 4 
220 4 
225 4 
226 4 
231 4 
243 4 
267 4 
269 4 
271 4 
277 4 
281 4 
284 4 
300 4 
307 4 
308 4 
310 4 
330 4 
357 4 
358 4 
364 4 
367 4 
371 4 
376 4 
379 4 
383 4 
391 4 
392 4 
407 4 
409 4 
432 4 
435 4 
436 4 
461 4 
475 4 
477 4 
488 4 
511 4 
512 4 
523 4 
537 4 
562 4 
572 4 
574 4 
579 4 
592 4 
596 4 
598 4 
625 4 
626 4 
665 4 
687 4 
705 4 
775 4 
1 5 
2 5 
4 5 
6 5 
7 5 
8 5 
9 5 
11 5 
13 5 
14 5 
18 5 
20 5 
22 5 
23 5 
24 5 
28 5 
33 5 
34 5 
35 5 
36 5 
38 5 
39 5 
40 5 
41 5 
43 5 
46 5 
49 5 
50 5 
51 5 
52 5 
55 5 
56 5 
60 5 
71 5 
72 5 
74 5 
76 5 
85 5 
86 5 
88 5 
92 5 
95 5 
96 5 
101 5 
107 5 
108 5 
116 5 
120 5 
130 5 
140 5 
145 5 
146 5 
149 5 
156 5 
157 5 
158 5 
161 5 
165 5 
174 5 
188 5 
212 5 
213 5 
220 5 
221 5 
232 5 
234 5 
235 5 
238 5 
241 5 
305 5 
307 5 
341 5 
344 5 
345 5 
370 5 
374 5 
387 5 
398 5 
401 5 
408 5 
423 5 
429 5 
447 5 
454 5 
456 5 
472 5 
473 5 
475 5 
476 5 
480 5 
485 5 
490 5 
492 5 
506 5 
517 5 
523 5 
538 5 
541 5 
546 5 
549 5 
552 5 
559 5 
564 5 
565 5 
599 5 
634 5 
656 5 
657 5 
666 5 
671 5 
679 5 
684 5 
689 5 
691 5 
696 5 
705 5 
709 5 
716 5 
724 5 
736 5 
769 5 
775 5 
787 5 
1 6 
2 6 
5 6 
8 6 
9 6 
12 6 
13 6 
19 6 
25 6 
30 6 
33 6 
34 6 
36 6 
40 6 
41 6 
43 6 
44 6 
47 6 
50 6 
55 6 
57 6 
65 6 
66 6 
67 6 
87 6 
88 6 
94 6 
100 6 
101 6 
108 6 
115 6 
120 6 
121 6 
124 6 
125 6 
138 6 
144 6 
146 6 
148 6 
159 6 
162 6 
168 6 
170 6 
175 6 
176 6 
178 6 
185 6 
188 6 
192 6 
212 6 
223 6 
232 6 
245 6 
283 6 
319 6 
334 6 
345 6 
358 6 
400 6 
402 6 
420 6 
442 6 
443 6 
446 6 
447 6 
453 6 
471 6 
481 6 
485 6 
517 6 
541 6 
570 6 
577 6 
579 6 
585 6 
610 6 
634 6 
649 6 
664 6 
678 6 
681 6 
714 6 
749 6 
782 6 
790 6 
1 7 
2 7 
3 7 
4 7 
5 7 
9 7 
10 7 
11 7 
14 7 
21 7 
29 7 
32 7 
38 7 
44 7 
47 7 
48 7 
52 7 
56 7 
64 7 
67 7 
77 7 
156 7 
165 7 
169 7 
183 7 
197 7 
222 7 
252 7 
257 7 
269 7 
314 7 
333 7 
336 7 
337 7 
355 7 
368 7 
386 7 
396 7 
412 7 
418 7 
457 7 
471 7 
487 7 
495 7 
538 7 
545 7 
562 7 
578 7 
594 7 
602 7 
624 7 
625 7 
628 7 
656 7 
668 7 
687 7 
688 7 
722 7 
793 7 
1 8 
2 8 
4 8 
5 8 
6 8 
13 8 
15 8 
17 8 
18 8 
20 8 
22 8 
24 8 
26 8 
27 8 
33 8 
41 8 
43 8 
46 8 
60 8 
62 8 
66 8 
69 8 
71 8 
72 8 
78 8 
85 8 
98 8 
119 8 
127 8 
136 8 
172 8 
190 8 
213 8 
215 8 
220 8 
221 8 
243 8 
249 8 
252 8 
265 8 
266 8 
290 8 
292 8 
297 8 
313 8 
340 8 
375 8 
385 8 
399 8 
411 8 
415 8 
422 8 
423 8 
483 8 
488 8 
490 8 
510 8 
542 8 
547 8 
560 8 
565 8 
641 8 
649 8 
652 8 
662 8 
663 8 
666 8 
667 8 
691 8 
709 8 
715 8 
717 8 
750 8 
771 8 
784 8 
800 8 
1 9 
2 9 
4 9 
5 9 
6 9 
7 9 
10 9 
12 9 
13 9 
14 9 
15 9 
16 9 
17 9 
21 9 
25 9 
27 9 
28 9 
37 9 
40 9 
42 9 
51 9 
52 9 
55 9 
58 9 
61 9 
77 9 
79 9 
80 9 
87 9 
97 9 
101 9 
102 9 
107 9 
126 9 
127 9 
130 9 
133 9 
146 9 
152 9 
189 9 
192 9 
205 9 
208 9 
211 9 
216 9 
232 9 
237 9 
240 9 
244 9 
262 9 
288 9 
290 9 
316 9 
320 9 
322 9 
330 9 
360 9 
366 9 
370 9 
392 9 
405 9 
449 9 
462 9 
513 9 
554 9 
633 9 
644 9 
685 9 
799 9 
2 10 
3 10 
4 10 
7 10 
9 10 
11 10 
14 10 
16 10 
17 10 
21 10 
29 10 
30 10 
38 10 
92 10 
97 10 
102 10 
143 10 
153 10 
165 10 
183 10 
222 10 
231 10 
268 10 
337 10 
339 10 
346 10 
352 10 
391 10 
412 10 
418 10 
428 10 
452 10 
483 10 
495 10 
535 10 
542 10 
567 10 
585 10 
600 10 
637 10 
653 10 
659 10 
665 10 
673 10 
706 10 
720 10 
1 11 
2 11 
3 11 
5 11 
7 11 
10 11 
23 11 
152 11 
317 11 
331 11 
338 11 
346 11 
508 11 
562 11 
635 11 
647 11 
672 11 
745 11 
747 11 
1 12 
3 12 
4 12 
6 12 
9 12 
26 12 
118 12 
133 12 
142 12 
177 12 
194 12 
237 12 
318 12 
319 12 
329 12 
409 12 
420 12 
449 12 
515 12 
516 12 
563 12 
604 12 
653 12 
655 12 
688 12 
1 13 
4 13 
5 13 
6 13 
8 13 
9 13 
15 13 
30 13 
33 13 
39 13 
43 13 
44 13 
46 13 
52 13 
65 13 
99 13 
120 13 
126 13 
162 13 
172 13 
182 13 
183 13 
251 13 
254 13 
320 13 
344 13 
374 13 
396 13 
400 13 
426 13 
441 13 
469 13 
493 13 
533 13 
547 13 
549 13 
558 13 
583 13 
789 13 
791 13 
2 14 
4 14 
5 14 
7 14 
9 14 
10 14 
17 14 
19 14 
21 14 
27 14 
29 14 
30 14 
37 14 
39 14 
48 14 
65 14 
70 14 
77 14 
82 14 
96 14 
143 14 
148 14 
153 14 
154 14 
171 14 
183 14 
207 14 
237 14 
260 14 
268 14 
273 14 
277 14 
283 14 
292 14 
297 14 
361 14 
410 14 
413 14 
475 14 
492 14 
496 14 
523 14 
535 14 
539 14 
544 14 
567 14 
596 14 
615 14 
618 14 
621 14 
652 14 
659 14 
676 14 
697 14 
704 14 
726 14 
733 14 
773 14 
788 14 
800 14 
1 15 
4 15 
8 15 
9 15 
13 15 
17 15 
78 15 
89 15 
94 15 
98 15 
189 15 
295 15 
320 15 
399 15 
442 15 
493 15 
641 15 
662 15 
663 15 
717 15 
799 15 
1 16 
3 16 
4 16 
9 16 
10 16 
18 16 
25 16 
34 16 
35 16 
53 16 
54 16 
68 16 
72 16 
84 16 
106 16 
107 16 
142 16 
173 16 
179 16 
187 16 
242 16 
288 16 
300 16 
304 16 
321 16 
360 16 
405 16 
531 16 
561 16 
580 16 
775 16 
1 17 
8 17 
9 17 
10 17 
14 17 
15 17 
21 17 
26 17 
30 17 
32 17 
48 17 
65 17 
69 17 
73 17 
78 17 
89 17 
92 17 
93 17 
96 17 
97 17 
98 17 
101 17 
102 17 
110 17 
123 17 
124 17 
135 17 
140 17 
150 17 
152 17 
158 17 
167 17 
227 17 
234 17 
235 17 
291 17 
292 17 
295 17 
303 17 
306 17 
316 17 
327 17 
347 17 
353 17 
403 17 
413 17 
417 17 
438 17 
439 17 
442 17 
460 17 
464 17 
472 17 
483 17 
492 17 
503 17 
506 17 
510 17 
515 17 
519 17 
524 17 
526 17 
542 17 
544 17 
581 17 
613 17 
678 17 
680 17 
776 17 
1 18 
2 18 
4 18 
5 18 
8 18 
16 18 
22 18 
23 18 
31 18 
34 18 
35 18 
63 18 
75 18 
82 18 
100 18 
103 18 
109 18 
116 18 
119 18 
125 18 
128 18 
134 18 
138 18 
155 18 
159 18 
161 18 
174 18 
181 18 
185 18 
215 18 
255 18 
259 18 
266 18 
290 18 
311 18 
314 18 
320 18 
326 18 
349 18 
380 18 
391 18 
416 18 
433 18 
446 18 
466 18 
473 18 
498 18 
597 18 
598 18 
656 18 
677 18 
712 18 
730 18 
731 18 
755 18 
762 18 
1 19 
2 19 
4 19 
6 19 
14 19 
20 19 
22 19 
29 19 
74 19 
83 19 
94 19 
208 19 
268 19 
453 19 
456 19 
461 19 
496 19 
651 19 
659 19 
724 19 
2 20 
4 20 
5 20 
8 20 
19 20 
22 20 
24 20 
31 20 
49 20 
63 20 
72 20 
90 20 
112 20 
131 20 
198 20 
222 20 
238 20 
240 20 
281 20 
302 20 
351 20 
362 20 
397 20 
404 20 
419 20 
430 20 
453 20 
494 20 
508 20 
509 20 
530 20 
598 20 
618 20 
679 20 
2 21 
7 21 
9 21 
10 21 
14 21 
17 21 
27 21 
48 21 
80 21 
82 21 
98 21 
104 21 
114 21 
117 21 
133 21 
151 21 
152 21 
195 21 
204 21 
207 21 
222 21 
237 21 
254 21 
273 21 
292 21 
298 21 
396 21 
421 21 
459 21 
467 21 
495 21 
611 21 
630 21 
653 21 
719 21 
4 22 
5 22 
8 22 
18 22 
19 22 
20 22 
23 22 
28 22 
31 22 
41 22 
42 22 
49 22 
51 22 
53 22 
59 22 
61 22 
62 22 
63 22 
68 22 
74 22 
83 22 
103 22 
106 22 
109 22 
119 22 
125 22 
134 22 
137 22 
139 22 
144 22 
155 22 
170 22 
173 22 
177 22 
178 22 
206 22 
209 22 
252 22 
255 22 
263 22 
266 22 
287 22 
299 22 
309 22 
313 22 
335 22 
346 22 
354 22 
376 22 
415 22 
417 22 
432 22 
453 22 
479 22 
490 22 
499 22 
584 22 
609 22 
667 22 
729 22 
738 22 
741 22 
753 22 
758 22 
771 22 
779 22 
2 23 
3 23 
5 23 
11 23 
18 23 
22 23 
28 23 
31 23 
42 23 
53 23 
59 23 
62 23 
113 23 
152 23 
219 23 
233 23 
236 23 
278 23 
313 23 
325 23 
331 23 
415 23 
429 23 
454 23 
502 23 
647 23 
656 23 
1 24 
4 24 
5 24 
8 24 
20 24 
49 24 
71 24 
86 24 
92 24 
111 24 
112 24 
131 24 
149 24 
157 24 
188 24 
221 24 
222 24 
227 24 
234 24 
257 24 
302 24 
332 24 
362 24 
369 24 
394 24 
398 24 
488 24 
508 24 
524 24 
552 24 
590 24 
696 24 
700 24 
767 24 
2 25 
4 25 
6 25 
9 25 
16 25 
28 25 
36 25 
40 25 
42 25 
50 25 
51 25 
58 25 
66 25 
87 25 
104 25 
126 25 
180 25 
191 25 
194 25 
239 25 
270 25 
288 25 
296 25 
335 25 
347 25 
348 25 
366 25 
378 25 
511 25 
513 25 
535 25 
678 25 
683 25 
690 25 
715 25 
725 25 
760 25 
782 25 
1 26 
4 26 
8 26 
12 26 
17 26 
27 26 
32 26 
45 26 
46 26 
69 26 
77 26 
93 26 
118 26 
123 26 
127 26 
132 26 
136 26 
162 26 
169 26 
189 26 
194 26 
195 26 
197 26 
199 26 
224 26 
255 26 
286 26 
293 26 
299 26 
302 26 
306 26 
309 26 
312 26 
318 26 
331 26 
390 26 
449 26 
452 26 
455 26 
458 26 
468 26 
483 26 
496 26 
527 26 
557 26 
560 26 
573 26 
622 26 
648 26 
684 26 
695 26 
703 26 
743 26 
772 26 
780 26 
786 26 
1 27 
8 27 
9 27 
14 27 
21 27 
26 27 
37 27 
46 27 
62 27 
77 27 
80 27 
110 27 
128 27 
143 27 
145 27 
154 27 
223 27 
224 27 
233 27 
237 27 
240 27 
243 27 
247 27 
288 27 
354 27 
362 27 
520 27 
576 27 
652 27 
713 27 
733 27 
756 27 
2 28 
5 28 
9 28 
22 28 
23 28 
25 28 
41 28 
42 28 
61 28 
68 28 
74 28 
109 28 
113 28 
145 28 
160 28 
179 28 
187 28 
229 28 
239 28 
263 28 
278 28 
369 28 
397 28 
422 28 
425 28 
429 28 
454 28 
464 28 
528 28 
620 28 
715 28 
783 28 
4 29 
7 29 
10 29 
14 29 
19 29 
37 29 
70 29 
88 29 
97 29 
105 29 
207 29 
208 29 
209 29 
263 29 
337 29 
358 29 
364 29 
438 29 
486 29 
564 29 
651 29 
665 29 
676 29 
722 29 
730 29 
1 30 
6 30 
10 30 
13 30 
14 30 
17 30 
65 30 
73 30 
92 30 
110 30 
143 30 
162 30 
164 30 
203 30 
214 30 
227 30 
245 30 
254 30 
283 30 
339 30 
352 30 
359 30 
411 30 
428 30 
434 30 
468 30 
473 30 
616 30 
706 30 
773 30 
776 30 
4 31 
18 31 
20 31 
22 31 
23 31 
49 31 
53 31 
63 31 
90 31 
134 31 
141 31 
178 31 
240 31 
311 31 
376 31 
380 31 
562 31 
581 31 
598 31 
616 31 
691 31 
753 31 
756 31 
1 32 
4 32 
7 32 
17 32 
26 32 
44 32 
45 32 
93 32 
102 32 
118 32 
147 32 
169 32 
267 32 
303 32 
333 32 
347 32 
395 32 
417 32 
512 32 
557 32 
573 32 
591 32 
613 32 
681 32 
686 32 
722 32 
776 32 
4 33 
5 33 
6 33 
8 33 
13 33 
35 33 
38 33 
39 33 
40 33 
43 33 
44 33 
45 33 
54 33 
60 33 
70 33 
75 33 
148 33 
176 33 
180 33 
181 33 
191 33 
198 33 
213 33 
246 33 
256 33 
328 33 
426 33 
443 33 
445 33 
474 33 
476 33 
488 33 
543 33 
547 33 
554 33 
586 33 
601 33 
620 33 
631 33 
632 33 
641 33 
663 33 
682 33 
713 33 
716 33 
748 33 
789 33 
791 33 
1 34 
5 34 
6 34 
16 34 
18 34 
43 34 
47 34 
58 34 
75 34 
82 34 
100 34 
108 34 
116 34 
122 34 
214 34 
244 34 
304 34 
320 34 
342 34 
350 34 
357 34 
372 34 
453 34 
529 34 
576 34 
592 34 
4 35 
5 35 
16 35 
18 35 
33 35 
38 35 
45 35 
56 35 
64 35 
84 35 
91 35 
181 35 
191 35 
321 35 
341 35 
391 35 
400 35 
407 35 
440 35 
441 35 
480 35 
481 35 
488 35 
506 35 
527 35 
566 35 
584 35 
599 35 
614 35 
626 35 
646 35 
650 35 
671 35 
694 35 
717 35 
791 35 
2 36 
5 36 
6 36 
25 36 
55 36 
57 36 
76 36 
89 36 
115 36 
120 36 
124 36 
126 36 
132 36 
146 36 
147 36 
176 36 
270 36 
286 36 
298 36 
381 36 
382 36 
424 36 
479 36 
530 36 
565 36 
570 36 
604 36 
678 36 
743 36 
777 36 
4 37 
9 37 
14 37 
27 37 
29 37 
70 37 
88 37 
97 37 
154 37 
209 37 
225 37 
240 37 
263 37 
357 37 
363 37 
370 37 
402 37 
532 37 
564 37 
599 37 
603 37 
660 37 
739 37 
773 37 
3 38 
5 38 
7 38 
10 38 
33 38 
35 38 
40 38 
45 38 
47 38 
54 38 
64 38 
70 38 
71 38 
75 38 
79 38 
81 38 
84 38 
137 38 
156 38 
165 38 
166 38 
180 38 
182 38 
184 38 
196 38 
201 38 
203 38 
205 38 
218 38 
228 38 
251 38 
262 38 
271 38 
272 38 
279 38 
291 38 
307 38 
336 38 
386 38 
431 38 
434 38 
440 38 
445 38 
465 38 
520 38 
528 38 
537 38 
563 38 
671 38 
713 38 
716 38 
724 38 
737 38 
770 38 
4 39 
5 39 
13 39 
14 39 
33 39 
46 39 
99 39 
270 39 
475 39 
492 39 
539 39 
547 39 
552 39 
583 39 
586 39 
618 39 
643 39 
716 39 
736 39 
763 39 
5 40 
6 40 
9 40 
25 40 
33 40 
38 40 
50 40 
51 40 
54 40 
55 40 
60 40 
87 40 
104 40 
113 40 
121 40 
130 40 
149 40 
154 40 
156 40 
170 40 
182 40 
184 40 
198 40 
244 40 
280 40 
289 40 
366 40 
447 40 
465 40 
476 40 
494 40 
533 40 
535 40 
553 40 
622 40 
632 40 
633 40 
643 40 
650 40 
703 40 
728 40 
758 40 
795 40 
5 41 
6 41 
8 41 
22 41 
28 41 
51 41 
61 41 
66 41 
68 41 
74 41 
108 41 
137 41 
165 41 
168 41 
174 41 
217 41 
220 41 
224 41 
230 41 
232 41 
249 41 
261 41 
280 41 
293 41 
303 41 
319 41 
346 41 
397 41 
472 41 
491 41 
499 41 
510 41 
536 41 
585 41 
667 41 
668 41 
711 41 
719 41 
735 41 
771 41 
774 41 
9 42 
22 42 
23 42 
25 42 
28 42 
58 42 
59 42 
113 42 
155 42 
191 42 
215 42 
219 42 
229 42 
236 42 
264 42 
340 42 
498 42 
754 42 
758 42 
5 43 
6 43 
8 43 
13 43 
33 43 
34 43 
47 43 
50 43 
58 43 
60 43 
67 43 
144 43 
172 43 
178 43 
182 43 
183 43 
328 43 
340 43 
357 43 
363 43 
372 43 
387 43 
408 43 
422 43 
523 43 
550 43 
578 43 
591 43 
601 43 
620 43 
714 43 
1 44 
6 44 
7 44 
13 44 
32 44 
33 44 
65 44 
148 44 
333 44 
426 44 
469 44 
602 44 
613 44 
624 44 
1 45 
26 45 
32 45 
33 45 
35 45 
38 45 
70 45 
71 45 
79 45 
84 45 
86 45 
118 45 
147 45 
176 45 
199 45 
204 45 
245 45 
246 45 
267 45 
274 45 
302 45 
308 45 
309 45 
365 45 
395 45 
419 45 
427 45 
526 45 
539 45 
540 45 
554 45 
570 45 
572 45 
591 45 
596 45 
617 45 
645 45 
692 45 
746 45 
5 46 
8 46 
13 46 
26 46 
27 46 
39 46 
77 46 
99 46 
110 46 
127 46 
141 46 
143 46 
189 46 
223 46 
270 46 
312 46 
337 46 
344 46 
374 46 
390 46 
441 46 
533 46 
548 46 
552 46 
580 46 
627 46 
684 46 
689 46 
736 46 
762 46 
764 46 
3 47 
6 47 
7 47 
34 47 
38 47 
43 47 
48 47 
56 47 
59 47 
67 47 
80 47 
81 47 
108 47 
122 47 
138 47 
218 47 
219 47 
238 47 
244 47 
250 47 
252 47 
257 47 
260 47 
334 47 
336 47 
350 47 
353 47 
355 47 
358 47 
372 47 
383 47 
398 47 
412 47 
446 47 
481 47 
500 47 
529 47 
538 47 
551 47 
576 47 
591 47 
595 47 
690 47 
710 47 
749 47 
769 47 
794 47 
7 48 
14 48 
17 48 
21 48 
47 48 
64 48 
82 48 
96 48 
98 48 
104 48 
114 48 
117 48 
137 48 
148 48 
150 48 
160 48 
218 48 
238 48 
257 48 
277 48 
291 48 
297 48 
371 48 
406 48 
410 48 
434 48 
503 48 
516 48 
636 48 
638 48 
672 48 
693 48 
4 49 
5 49 
20 49 
22 49 
24 49 
31 49 
112 49 
178 49 
234 49 
257 49 
384 49 
581 49 
609 49 
631 49 
679 49 
712 49 
729 49 
5 50 
6 50 
25 50 
40 50 
43 50 
88 50 
95 50 
113 50 
170 50 
175 50 
180 50 
275 50 
443 50 
681 50 
782 50 
5 51 
9 51 
22 51 
25 51 
40 51 
41 51 
55 51 
61 51 
79 51 
106 51 
111 51 
168 51 
192 51 
232 51 
262 51 
293 51 
449 51 
510 51 
533 51 
535 51 
538 51 
645 51 
650 51 
685 51 
728 51 
738 51 
768 51 
2 52 
4 52 
5 52 
7 52 
9 52 
13 52 
67 52 
73 52 
76 52 
95 52 
107 52 
126 52 
151 52 
158 52 
186 52 
193 52 
199 52 
211 52 
344 52 
371 52 
377 52 
379 52 
396 52 
420 52 
445 52 
549 52 
656 52 
728 52 
786 52 
1 53 
3 53 
16 53 
22 53 
23 53 
31 53 
54 53 
57 53 
62 53 
119 53 
134 53 
141 53 
173 53 
177 53 
242 53 
256 53 
276 53 
295 53 
311 53 
328 53 
417 53 
426 53 
444 53 
551 53 
557 53 
642 53 
661 53 
683 53 
727 53 
756 53 
3 54 
16 54 
33 54 
38 54 
40 54 
53 54 
68 54 
75 54 
173 54 
182 54 
196 54 
202 54 
256 54 
272 54 
349 54 
480 54 
632 54 
643 54 
682 54 
702 54 
708 54 
5 55 
6 55 
9 55 
36 55 
40 55 
51 55 
79 55 
205 55 
290 55 
323 55 
467 55 
533 55 
554 55 
570 55 
634 55 
3 56 
4 56 
5 56 
7 56 
35 56 
47 56 
59 56 
64 56 
78 56 
81 56 
91 56 
219 56 
225 56 
241 56 
252 56 
305 56 
307 56 
314 56 
341 56 
375 56 
386 56 
394 56 
437 56 
482 56 
497 56 
519 56 
521 56 
527 56 
594 56 
597 56 
601 56 
609 56 
619 56 
657 56 
661 56 
791 56 
1 57 
2 57 
3 57 
6 57 
36 57 
53 57 
91 57 
100 57 
119 57 
124 57 
147 57 
164 57 
332 57 
442 57 
444 57 
462 57 
571 57 
661 57 
780 57 
9 58 
25 58 
34 58 
42 58 
43 58 
191 58 
215 58 
264 58 
335 58 
348 58 
357 58 
378 58 
387 58 
401 58 
456 58 
513 58 
532 58 
536 58 
559 58 
592 58 
675 58 
789 58 
3 59 
22 59 
23 59 
42 59 
47 59 
56 59 
80 59 
114 59 
117 59 
155 59 
219 59 
233 59 
236 59 
260 59 
325 59 
340 59 
412 59 
415 59 
482 59 
498 59 
525 59 
611 59 
629 59 
742 59 
753 59 
790 59 
5 60 
8 60 
33 60 
40 60 
43 60 
198 60 
213 60 
221 60 
328 60 
340 60 
443 60 
476 60 
2 61 
9 61 
22 61 
28 61 
41 61 
51 61 
106 61 
111 61 
137 61 
168 61 
192 61 
224 61 
303 61 
309 61 
338 61 
433 61 
455 61 
477 61 
548 61 
1 62 
8 62 
22 62 
23 62 
27 62 
53 62 
173 62 
243 62 
265 62 
288 62 
313 62 
354 62 
479 62 
502 62 
547 62 
741 62 
771 62 
2 63 
4 63 
18 63 
20 63 
22 63 
31 63 
103 63 
128 63 
198 63 
206 63 
253 63 
284 63 
311 63 
315 63 
351 63 
517 63 
753 63 
4 64 
7 64 
35 64 
38 64 
48 64 
56 64 
78 64 
81 64 
85 64 
90 64 
91 64 
115 64 
135 64 
137 64 
160 64 
166 64 
201 64 
203 64 
226 64 
323 64 
378 64 
379 64 
383 64 
386 64 
427 64 
430 64 
437 64 
457 64 
471 64 
497 64 
521 64 
582 64 
661 64 
759 64 
792 64 
6 65 
13 65 
14 65 
17 65 
30 65 
44 65 
73 65 
120 65 
140 65 
164 65 
283 65 
285 65 
434 65 
469 65 
544 65 
556 65 
568 65 
4 66 
6 66 
8 66 
25 66 
41 66 
87 66 
185 66 
249 66 
296 66 
347 66 
423 66 
511 66 
4 67 
6 67 
7 67 
43 67 
47 67 
52 67 
138 67 
144 67 
186 67 
578 67 
595 67 
625 67 
3 68 
16 68 
22 68 
28 68 
41 68 
54 68 
84 68 
109 68 
160 68 
173 68 
179 68 
202 68 
211 68 
229 68 
261 68 
299 68 
346 68 
374 68 
397 68 
480 68 
484 68 
584 68 
635 68 
708 68 
792 68 
2 69 
3 69 
4 69 
8 69 
17 69 
26 69 
83 69 
93 69 
123 69 
135 69 
158 69 
163 69 
186 69 
243 69 
255 69 
275 69 
300 69 
317 69 
376 69 
388 69 
406 69 
416 69 
421 69 
431 69 
432 69 
553 69 
14 70 
29 70 
33 70 
37 70 
38 70 
45 70 
71 70 
97 70 
105 70 
131 70 
176 70 
207 70 
225 70 
245 70 
274 70 
294 70 
438 70 
445 70 
526 70 
532 70 
561 70 
577 70 
599 70 
660 70 
718 70 
734 70 
748 70 
5 71 
8 71 
24 71 
38 71 
45 71 
70 71 
79 71 
85 71 
86 71 
105 71 
111 71 
157 71 
163 71 
228 71 
305 71 
333 71 
369 71 
431 71 
488 71 
561 71 
590 71 
649 71 
654 71 
709 71 
3 72 
4 72 
5 72 
8 72 
16 72 
20 72 
107 72 
238 72 
321 72 
322 72 
419 72 
477 72 
564 72 
580 72 
673 72 
674 72 
709 72 
761 72 
2 73 
4 73 
17 73 
30 73 
52 73 
65 73 
76 73 
95 73 
99 73 
103 73 
140 73 
164 73 
171 73 
193 73 
203 73 
285 73 
324 73 
325 73 
342 73 
350 73 
389 73 
512 73 
568 73 
640 73 
4 74 
5 74 
19 74 
22 74 
28 74 
41 74 
83 74 
139 74 
144 74 
145 74 
165 74 
179 74 
187 74 
190 74 
230 74 
268 74 
280 74 
287 74 
301 74 
324 74 
369 74 
432 74 
456 74 
460 74 
461 74 
534 74 
567 74 
655 74 
727 74 
787 74 
1 75 
18 75 
33 75 
34 75 
38 75 
54 75 
82 75 
109 75 
129 75 
134 75 
138 75 
161 75 
180 75 
251 75 
256 75 
259 75 
336 75 
352 75 
474 75 
498 75 
543 75 
597 75 
630 75 
738 75 
2 76 
5 76 
36 76 
52 76 
73 76 
89 76 
120 76 
130 76 
151 76 
193 76 
218 76 
258 76 
324 76 
389 76 
543 76 
676 76 
777 76 
786 76 
7 77 
9 77 
14 77 
26 77 
27 77 
46 77 
110 77 
128 77 
189 77 
196 77 
233 77 
272 77 
273 77 
278 77 
299 77 
327 77 
435 77 
704 77 
751 77 
4 78 
8 78 
15 78 
17 78 
56 78 
64 78 
81 78 
85 78 
98 78 
123 78 
135 78 
225 78 
241 78 
292 78 
295 78 
305 78 
313 78 
323 78 
375 78 
379 78 
394 78 
399 78 
403 78 
415 78 
460 78 
466 78 
504 78 
579 78 
589 78 
662 78 
766 78 
9 79 
38 79 
45 79 
51 79 
55 79 
71 79 
86 79 
105 79 
121 79 
157 79 
163 79 
202 79 
205 79 
262 79 
323 79 
390 79 
392 79 
431 79 
504 79 
625 79 
644 79 
685 79 
701 79 
768 79 
3 80 
9 80 
21 80 
27 80 
47 80 
59 80 
114 80 
184 80 
236 80 
250 80 
260 80 
474 80 
529 80 
556 80 
680 80 
702 80 
753 80 
3 81 
38 81 
47 81 
56 81 
64 81 
78 81 
166 81 
217 81 
228 81 
307 81 
323 81 
375 81 
427 81 
437 81 
466 81 
589 81 
597 81 
759 81 
14 82 
18 82 
21 82 
34 82 
48 82 
75 82 
100 82 
104 82 
109 82 
129 82 
148 82 
214 82 
273 82 
428 82 
463 82 
571 82 
630 82 
639 82 
2 83 
3 83 
19 83 
22 83 
69 83 
74 83 
93 83 
136 83 
250 83 
268 83 
275 83 
279 83 
301 83 
317 83 
345 83 
500 83 
3 84 
16 84 
35 84 
38 84 
45 84 
68 84 
106 84 
206 84 
261 84 
308 84 
321 84 
374 84 
400 84 
440 84 
737 84 
4 85 
5 85 
8 85 
64 85 
71 85 
78 85 
90 85 
123 85 
135 85 
166 85 
226 85 
269 85 
378 85 
626 85 
649 85 
691 85 
705 85 
5 86 
24 86 
45 86 
71 86 
79 86 
92 86 
96 86 
105 86 
111 86 
112 86 
121 86 
139 86 
305 86 
333 86 
401 86 
409 86 
454 86 
607 86 
625 86 
640 86 
682 86 
709 86 
740 86 
6 87 
9 87 
25 87 
40 87 
66 87 
121 87 
130 87 
154 87 
188 87 
192 87 
200 87 
248 87 
280 87 
285 87 
289 87 
296 87 
315 87 
366 87 
405 87 
425 87 
534 87 
629 87 
718 87 
747 87 
4 88 
5 88 
6 88 
29 88 
37 88 
50 88 
95 88 
212 88 
263 88 
357 88 
363 88 
443 88 
610 88 
649 88 
773 88 
1 89 
2 89 
15 89 
17 89 
36 89 
76 89 
94 89 
218 89 
234 89 
253 89 
575 89 
777 89 
4 90 
20 90 
31 90 
64 90 
85 90 
115 90 
220 90 
226 90 
240 90 
281 90 
404 90 
430 90 
537 90 
562 90 
792 90 
1 91 
3 91 
35 91 
56 91 
57 91 
64 91 
164 91 
497 91 
791 91 
5 92 
10 92 
17 92 
24 92 
30 92 
86 92 
96 92 
110 92 
112 92 
157 92 
227 92 
483 92 
678 92 
680 92 
3 93 
17 93 
26 93 
32 93 
69 93 
83 93 
102 93 
124 93 
136 93 
186 93 
193 93 
250 93 
275 93 
306 93 
312 93 
345 93 
382 93 
388 93 
439 93 
582 93 
707 93 
764 93 
1 94 
2 94 
6 94 
15 94 
19 94 
89 94 
159 94 
223 94 
287 94 
489 94 
4 95 
5 95 
50 95 
52 95 
73 95 
88 95 
379 95 
5 96 
14 96 
17 96 
48 96 
86 96 
92 96 
112 96 
277 96 
401 96 
406 96 
413 96 
438 96 
454 96 
503 96 
507 96 
607 96 
615 96 
619 96 
654 96 
682 96 
697 96 
704 96 
737 96 
9 97 
10 97 
17 97 
29 97 
37 97 
70 97 
101 97 
102 97 
105 97 
127 97 
129 97 
131 97 
200 97 
208 97 
209 97 
225 97 
248 97 
402 97 
486 97 
531 97 
577 97 
603 97 
642 97 
749 97 
750 97 
765 97 
8 98 
15 98 
17 98 
21 98 
48 98 
78 98 
117 98 
133 98 
195 98 
265 98 
304 98 
313 98 
399 98 
459 98 
461 98 
469 98 
566 98 
732 98 
782 98 
2 99 
4 99 
13 99 
39 99 
46 99 
73 99 
103 99 
122 99 
171 99 
270 99 
308 99 
387 99 
441 99 
580 99 
583 99 
640 99 
2 100 
6 100 
18 100 
34 100 
57 100 
82 100 
116 100 
214 100 
332 100 
428 100 
463 100 
571 100 
589 100 
707 100 
777 100 
2 101 
5 101 
6 101 
9 101 
17 101 
97 101 
235 101 
316 101 
322 101 
485 101 
492 101 
549 101 
607 101 
9 102 
10 102 
17 102 
32 102 
93 102 
97 102 
124 102 
127 102 
129 102 
150 102 
153 102 
200 102 
347 102 
353 102 
393 102 
451 102 
505 102 
513 102 
524 102 
574 102 
657 102 
4 103 
18 103 
22 103 
63 103 
73 103 
99 103 
122 103 
128 103 
171 103 
206 103 
212 103 
282 103 
315 103 
341 103 
373 103 
387 103 
505 103 
512 103 
522 103 
583 103 
587 103 
658 103 
660 103 
665 103 
720 103 
759 103 
21 104 
25 104 
40 104 
48 104 
82 104 
113 104 
114 104 
149 104 
150 104 
172 104 
180 104 
204 104 
207 104 
210 104 
231 104 
247 104 
298 104 
364 104 
366 104 
368 104 
393 104 
407 104 
440 104 
482 104 
484 104 
553 104 
630 104 
646 104 
651 104 
664 104 
670 104 
690 104 
729 104 
781 104 
794 104 
29 105 
70 105 
71 105 
79 105 
86 105 
97 105 
121 105 
131 105 
139 105 
157 105 
167 105 
228 105 
249 105 
351 105 
504 105 
648 105 
3 106 
16 106 
22 106 
51 106 
61 106 
84 106 
111 106 
206 106 
230 106 
309 106 
338 106 
457 106 
531 106 
738 106 
775 106 
779 106 
4 107 
5 107 
9 107 
16 107 
52 107 
72 107 
142 107 
146 107 
158 107 
199 107 
377 107 
436 107 
560 107 
580 107 
5 108 
6 108 
34 108 
41 108 
47 108 
122 108 
168 108 
334 108 
345 108 
353 108 
453 108 
472 108 
536 108 
559 108 
632 108 
664 108 
766 108 
18 109 
22 109 
28 109 
68 109 
75 109 
82 109 
129 109 
138 109 
159 109 
160 109 
263 109 
276 109 
299 109 
352 109 
425 109 
464 109 
569 109 
797 109 
17 110 
27 110 
30 110 
46 110 
77 110 
92 110 
128 110 
141 110 
143 110 
145 110 
196 110 
227 110 
235 110 
247 110 
272 110 
520 110 
576 110 
680 110 
24 111 
51 111 
61 111 
71 111 
86 111 
106 111 
192 111 
333 111 
369 111 
455 111 
477 111 
685 111 
20 112 
24 112 
49 112 
86 112 
92 112 
96 112 
302 112 
401 112 
409 112 
507 112 
654 112 
23 113 
28 113 
40 113 
42 113 
50 113 
104 113 
149 113 
229 113 
231 113 
236 113 
278 113 
422 113 
440 113 
465 113 
546 113 
646 113 
783 113 
785 113 
3 114 
21 114 
48 114 
59 114 
80 114 
104 114 
117 114 
150 114 
172 114 
184 114 
204 114 
236 114 
296 114 
371 114 
407 114 
450 114 
474 114 
516 114 
623 114 
651 114 
689 114 
702 114 
729 114 
2 115 
4 115 
6 115 
36 115 
64 115 
90 115 
125 115 
220 115 
298 115 
383 115 
491 115 
714 115 
792 115 
2 116 
5 116 
18 116 
34 116 
100 116 
161 116 
185 116 
314 116 
320 116 
326 116 
423 116 
436 116 
447 116 
518 116 
603 116 
3 117 
21 117 
48 117 
59 117 
98 117 
114 117 
133 117 
151 117 
265 117 
296 117 
439 117 
450 117 
611 117 
638 117 
1 118 
12 118 
26 118 
32 118 
45 118 
132 118 
169 118 
267 118 
302 118 
318 118 
331 118 
419 118 
451 118 
496 118 
622 118 
692 118 
755 118 
1 119 
8 119 
18 119 
22 119 
53 119 
57 119 
125 119 
170 119 
209 119 
216 119 
252 119 
256 119 
290 119 
310 119 
335 119 
349 119 
354 119 
365 119 
404 119 
444 119 
551 119 
588 119 
661 119 
727 119 
731 119 
745 119 
761 119 
5 120 
6 120 
13 120 
36 120 
65 120 
76 120 
530 120 
565 120 
6 121 
40 121 
79 121 
86 121 
87 121 
105 121 
139 121 
167 121 
175 121 
188 121 
200 121 
248 121 
280 121 
285 121 
315 121 
405 121 
425 121 
447 121 
625 121 
628 121 
640 121 
648 121 
697 121 
718 121 
726 121 
744 121 
787 121 
4 122 
34 122 
47 122 
99 122 
103 122 
108 122 
212 122 
226 122 
244 122 
282 122 
387 122 
497 122 
621 122 
4 123 
17 123 
26 123 
69 123 
78 123 
85 123 
135 123 
255 123 
269 123 
416 123 
431 123 
452 123 
455 123 
468 123 
572 123 
579 123 
6 124 
17 124 
36 124 
57 124 
93 124 
102 124 
150 124 
153 124 
306 124 
330 124 
442 124 
658 124 
679 124 
772 124 
6 125 
18 125 
22 125 
115 125 
119 125 
146 125 
170 125 
255 125 
349 125 
381 125 
404 125 
444 125 
588 125 
675 125 
2 126 
9 126 
13 126 
25 126 
36 126 
52 126 
132 126 
194 126 
211 126 
270 126 
274 126 
360 126 
396 126 
424 126 
479 126 
683 126 
725 126 
757 126 
8 127 
9 127 
26 127 
46 127 
97 127 
102 127 
129 127 
136 127 
190 127 
195 127 
208 127 
248 127 
293 127 
294 127 
297 127 
326 127 
356 127 
373 127 
390 127 
414 127 
486 127 
502 127 
513 127 
531 127 
608 127 
648 127 
741 127 
750 127 
770 127 
788 127 
18 128 
27 128 
63 128 
77 128 
103 128 
110 128 
233 128 
247 128 
315 128 
373 128 
385 128 
505 128 
517 128 
75 129 
82 129 
97 129 
102 129 
109 129 
127 129 
200 129 
248 129 
352 129 
608 129 
738 129 
765 129 
2 130 
5 130 
9 130 
40 130 
76 130 
87 130 
154 130 
244 130 
258 130 
284 130 
475 130 
494 130 
534 130 
4 131 
20 131 
24 131 
70 131 
97 131 
105 131 
222 131 
524 131 
618 131 
700 131 
1 132 
2 132 
26 132 
36 132 
118 132 
126 132 
286 132 
306 132 
331 132 
408 132 
424 132 
451 132 
687 132 
723 132 
1 133 
9 133 
12 133 
21 133 
98 133 
117 133 
151 133 
177 133 
195 133 
216 133 
237 133 
254 133 
265 133 
282 133 
289 133 
304 133 
439 133 
462 133 
516 133 
558 133 
566 133 
782 133 
1 134 
18 134 
22 134 
31 134 
53 134 
75 134 
141 134 
161 134 
177 134 
181 134 
242 134 
276 134 
389 134 
426 134 
463 134 
557 134 
612 134 
642 134 
670 134 
785 134 
17 135 
64 135 
69 135 
78 135 
85 135 
123 135 
158 135 
163 135 
166 135 
167 135 
416 135 
421 135 
478 135 
521 135 
586 135 
796 135 
3 136 
8 136 
26 136 
83 136 
93 136 
127 136 
190 136 
193 136 
195 136 
250 136 
279 136 
301 136 
312 136 
326 136 
356 136 
359 136 
375 136 
411 136 
414 136 
458 136 
483 136 
493 136 
707 136 
741 136 
751 136 
22 137 
38 137 
41 137 
48 137 
61 137 
64 137 
160 137 
201 137 
217 137 
224 137 
291 137 
548 137 
563 137 
693 137 
735 137 
774 137 
6 138 
18 138 
47 138 
67 138 
75 138 
109 138 
159 138 
174 138 
210 138 
259 138 
266 138 
276 138 
358 138 
410 138 
555 138 
569 138 
577 138 
595 138 
610 138 
797 138 
4 139 
22 139 
74 139 
86 139 
105 139 
121 139 
144 139 
167 139 
175 139 
640 139 
740 139 
1 140 
4 140 
5 140 
17 140 
65 140 
73 140 
241 140 
285 140 
342 140 
370 140 
499 140 
507 140 
544 140 
546 140 
556 140 
568 140 
605 140 
606 140 
644 140 
31 141 
46 141 
53 141 
110 141 
134 141 
196 141 
273 141 
327 141 
426 141 
683 141 
710 141 
756 141 
1 142 
3 142 
4 142 
12 142 
16 142 
107 142 
259 142 
281 142 
436 142 
485 142 
563 142 
573 142 
739 142 
757 142 
778 142 
10 143 
14 143 
27 143 
30 143 
46 143 
110 143 
145 143 
153 143 
171 143 
223 143 
260 143 
337 143 
339 143 
344 143 
362 143 
585 143 
773 143 
6 144 
22 144 
43 144 
67 144 
74 144 
139 144 
178 144 
287 144 
301 144 
363 144 
699 144 
5 145 
27 145 
28 145 
74 145 
110 145 
143 145 
179 145 
190 145 
329 145 
356 145 
460 145 
520 145 
5 146 
6 146 
9 146 
36 146 
107 146 
125 146 
176 146 
283 146 
318 146 
381 146 
604 146 
731 146 
742 146 
1 147 
2 147 
32 147 
36 147 
45 147 
57 147 
204 147 
316 147 
365 147 
6 148 
14 148 
33 148 
44 148 
48 148 
82 148 
297 148 
621 148 
726 148 
4 149 
5 149 
24 149 
40 149 
104 149 
113 149 
188 149 
231 149 
366 149 
465 149 
484 149 
758 149 
775 149 
785 149 
794 149 
17 150 
48 150 
102 150 
104 150 
114 150 
124 150 
153 150 
172 150 
210 150 
239 150 
247 150 
330 150 
353 150 
367 150 
371 150 
393 150 
489 150 
505 150 
522 150 
541 150 
574 150 
575 150 
606 150 
637 150 
711 150 
721 150 
725 150 
744 150 
2 151 
21 151 
52 151 
76 151 
117 151 
133 151 
439 151 
611 151 
786 151 
2 152 
9 152 
11 152 
17 152 
21 152 
23 152 
317 152 
10 153 
14 153 
102 153 
124 153 
143 153 
150 153 
171 153 
330 153 
489 153 
522 153 
535 153 
658 153 
679 153 
14 154 
27 154 
37 154 
40 154 
87 154 
130 154 
289 154 
494 154 
534 154 
652 154 
795 154 
1 155 
4 155 
18 155 
22 155 
42 155 
59 155 
271 155 
433 155 
459 155 
587 155 
624 155 
758 155 
793 155 
3 156 
4 156 
5 156 
7 156 
38 156 
40 156 
197 156 
310 156 
361 156 
688 156 
724 156 
763 156 
774 156 
5 157 
24 157 
71 157 
79 157 
92 157 
105 157 
163 157 
202 157 
227 157 
228 157 
249 157 
504 157 
552 157 
654 157 
767 157 
5 158 
17 158 
52 158 
69 158 
107 158 
135 158 
163 158 
167 158 
199 158 
420 158 
521 158 
586 158 
752 158 
2 159 
6 159 
18 159 
94 159 
109 159 
138 159 
174 159 
210 159 
223 159 
276 159 
287 159 
372 159 
384 159 
489 159 
509 159 
540 159 
555 159 
28 160 
48 160 
64 160 
68 160 
109 160 
137 160 
425 160 
693 160 
735 160 
5 161 
18 161 
75 161 
116 161 
134 161 
181 161 
185 161 
423 161 
473 161 
498 161 
630 161 
1 162 
4 162 
6 162 
13 162 
26 162 
30 162 
197 162 
201 162 
254 162 
286 162 
400 162 
458 162 
473 162 
593 162 
669 162 
708 162 
69 163 
71 163 
79 163 
135 163 
157 163 
158 163 
202 163 
390 163 
406 163 
478 163 
654 163 
686 163 
701 163 
796 163 
1 164 
30 164 
57 164 
65 164 
73 164 
91 164 
203 164 
214 164 
434 164 
468 164 
568 164 
5 165 
7 165 
10 165 
38 165 
41 165 
74 165 
174 165 
230 165 
261 165 
448 165 
491 165 
787 165 
3 166 
38 166 
64 166 
81 166 
85 166 
135 166 
217 166 
228 166 
378 166 
418 166 
612 166 
17 167 
105 167 
121 167 
135 167 
139 167 
158 167 
175 167 
521 167 
648 167 
744 167 
6 168 
41 168 
51 168 
61 168 
108 168 
303 168 
433 168 
510 168 
536 168 
585 168 
632 168 
4 169 
7 169 
26 169 
32 169 
118 169 
267 169 
622 169 
686 169 
722 169 
780 169 
6 170 
22 170 
40 170 
50 170 
119 170 
125 170 
175 170 
209 170 
216 170 
275 170 
310 170 
790 170 
14 171 
73 171 
99 171 
103 171 
143 171 
153 171 
260 171 
583 171 
640 171 
8 172 
13 172 
43 172 
104 172 
114 172 
150 172 
182 172 
210 172 
239 172 
251 172 
258 172 
343 172 
422 172 
725 172 
732 172 
16 173 
22 173 
53 173 
54 173 
62 173 
68 173 
179 173 
202 173 
211 173 
229 173 
246 173 
349 173 
380 173 
518 173 
593 173 
741 173 
5 174 
18 174 
41 174 
138 174 
159 174 
165 174 
210 174 
261 174 
319 174 
372 174 
448 174 
509 174 
668 174 
797 174 
6 175 
50 175 
121 175 
139 175 
167 175 
170 175 
275 175 
681 175 
744 175 
790 175 
6 176 
33 176 
36 176 
45 176 
70 176 
146 176 
245 176 
283 176 
294 176 
318 176 
343 176 
413 176 
478 176 
539 176 
554 176 
579 176 
590 176 
695 176 
706 176 
734 176 
748 176 
768 176 
1 177 
12 177 
22 177 
53 177 
133 177 
134 177 
242 177 
328 177 
329 177 
417 177 
516 177 
558 177 
6 178 
22 178 
31 178 
43 178 
49 178 
144 178 
363 178 
376 178 
550 178 
581 178 
616 178 
712 178 
729 178 
16 179 
28 179 
68 179 
74 179 
145 179 
173 179 
187 179 
190 179 
211 179 
242 179 
246 179 
329 179 
380 179 
388 179 
448 179 
634 179 
792 179 
25 180 
33 180 
38 180 
50 180 
75 180 
104 180 
251 180 
690 180 
713 180 
18 181 
33 181 
35 181 
134 181 
161 181 
191 181 
246 181 
641 181 
717 181 
13 182 
38 182 
40 182 
43 182 
54 182 
172 182 
183 182 
184 182 
196 182 
205 182 
251 182 
258 182 
271 182 
339 182 
343 182 
414 182 
622 182 
740 182 
7 183 
10 183 
13 183 
14 183 
43 183 
182 183 
268 183 
412 183 
452 183 
627 183 
3 184 
38 184 
40 184 
80 184 
114 184 
182 184 
271 184 
465 184 
474 184 
529 184 
537 184 
556 184 
622 184 
689 184 
778 184 
781 184 
6 185 
18 185 
66 185 
116 185 
161 185 
314 185 
677 185 
692 185 
3 186 
4 186 
52 186 
67 186 
69 186 
93 186 
371 186 
445 186 
16 187 
28 187 
74 187 
179 187 
242 187 
300 187 
369 187 
534 187 
634 187 
792 187 
5 188 
6 188 
24 188 
87 188 
121 188 
149 188 
200 188 
398 188 
628 188 
769 188 
787 188 
4 189 
9 189 
15 189 
26 189 
46 189 
77 189 
299 189 
312 189 
330 189 
799 189 
8 190 
74 190 
127 190 
136 190 
145 190 
179 190 
297 190 
326 190 
329 190 
356 190 
375 190 
460 190 
542 190 
698 190 
770 190 
25 191 
33 191 
35 191 
42 191 
58 191 
181 191 
215 191 
335 191 
717 191 
6 192 
9 192 
51 192 
61 192 
87 192 
111 192 
232 192 
455 192 
685 192 
3 193 
52 193 
73 193 
76 193 
93 193 
136 193 
312 193 
325 193 
382 193 
389 193 
582 193 
2 194 
4 194 
12 194 
25 194 
26 194 
126 194 
274 194 
334 194 
449 194 
725 194 
21 195 
26 195 
98 195 
127 195 
133 195 
136 195 
254 195 
282 195 
289 195 
293 195 
294 195 
304 195 
414 195 
421 195 
458 195 
459 195 
461 195 
493 195 
502 195 
623 195 
693 195 
38 196 
54 196 
77 196 
110 196 
141 196 
182 196 
205 196 
262 196 
272 196 
273 196 
278 196 
414 196 
435 196 
514 196 
704 196 
710 196 
723 196 
770 196 
798 196 
4 197 
7 197 
26 197 
156 197 
162 197 
201 197 
269 197 
277 197 
310 197 
361 197 
429 197 
458 197 
688 197 
763 197 
774 197 
4 198 
20 198 
33 198 
40 198 
60 198 
63 198 
351 198 
397 198 
470 198 
1 199 
26 199 
45 199 
52 199 
107 199 
158 199 
377 199 
420 199 
527 199 
560 199 
728 199 
752 199 
87 200 
97 200 
102 200 
121 200 
129 200 
188 200 
248 200 
628 200 
747 200 
4 201 
38 201 
64 201 
137 201 
162 201 
197 201 
203 201 
279 201 
54 202 
68 202 
79 202 
157 202 
163 202 
173 202 
229 202 
349 202 
390 202 
518 202 
701 202 
708 202 
796 202 
30 203 
38 203 
64 203 
73 203 
164 203 
201 203 
214 203 
279 203 
359 203 
1 204 
21 204 
45 204 
104 204 
114 204 
147 204 
207 204 
316 204 
365 204 
368 204 
407 204 
467 204 
540 204 
570 204 
572 204 
746 204 
9 205 
38 205 
55 205 
79 205 
182 205 
196 205 
262 205 
290 205 
323 205 
392 205 
414 205 
467 205 
514 205 
701 205 
779 205 
3 206 
22 206 
63 206 
84 206 
103 206 
106 206 
230 206 
14 207 
21 207 
29 207 
70 207 
104 207 
204 207 
298 207 
364 207 
368 207 
393 207 
438 207 
467 207 
676 207 
722 207 
4 208 
9 208 
19 208 
29 208 
97 208 
127 208 
358 208 
486 208 
514 208 
531 208 
651 208 
22 209 
29 209 
37 209 
97 209 
119 209 
170 209 
216 209 
335 209 
603 209 
104 210 
138 210 
150 210 
159 210 
172 210 
174 210 
239 210 
247 210 
367 210 
372 210 
541 210 
9 211 
52 211 
68 211 
126 211 
173 211 
179 211 
246 211 
360 211 
388 211 
593 211 
4 212 
5 212 
6 212 
88 212 
103 212 
122 212 
226 212 
282 212 
341 212 
497 212 
610 212 
665 212 
759 212 
5 213 
8 213 
33 213 
60 213 
221 213 
30 214 
34 214 
82 214 
100 214 
164 214 
203 214 
359 214 
428 214 
2 215 
8 215 
18 215 
42 215 
58 215 
191 215 
264 215 
416 215 
712 215 
715 215 
1 216 
9 216 
119 216 
133 216 
170 216 
209 216 
310 216 
365 216 
462 216 
3 217 
41 217 
81 217 
137 217 
166 217 
418 217 
499 217 
612 217 
774 217 
2 218 
38 218 
47 218 
48 218 
76 218 
89 218 
238 218 
253 218 
383 218 
398 218 
434 218 
500 218 
575 218 
676 218 
23 219 
42 219 
47 219 
56 219 
59 219 
233 219 
340 219 
412 219 
629 219 
721 219 
4 220 
5 220 
8 220 
41 220 
90 220 
115 220 
771 220 
1 221 
5 221 
8 221 
24 221 
60 221 
213 221 
332 221 
385 221 
614 221 
652 221 
7 222 
10 222 
20 222 
21 222 
24 222 
131 222 
508 222 
524 222 
618 222 
653 222 
719 222 
6 223 
27 223 
46 223 
94 223 
143 223 
159 223 
337 223 
362 223 
489 223 
548 223 
764 223 
765 223 
1 224 
26 224 
27 224 
41 224 
61 224 
137 224 
548 224 
4 225 
37 225 
56 225 
70 225 
78 225 
97 225 
241 225 
399 225 
402 225 
532 225 
577 225 
642 225 
748 225 
4 226 
64 226 
85 226 
90 226 
122 226 
212 226 
430 226 
17 227 
24 227 
30 227 
92 227 
110 227 
157 227 
235 227 
291 227 
381 227 
403 227 
450 227 
470 227 
472 227 
545 227 
555 227 
581 227 
617 227 
694 227 
698 227 
767 227 
38 228 
71 228 
81 228 
105 228 
157 228 
166 228 
249 228 
307 228 
351 228 
528 228 
716 228 
28 229 
42 229 
68 229 
113 229 
173 229 
202 229 
3 230 
41 230 
74 230 
106 230 
165 230 
206 230 
280 230 
324 230 
491 230 
719 230 
4 231 
10 231 
104 231 
113 231 
149 231 
391 231 
392 231 
440 231 
484 231 
664 231 
670 231 
673 231 
5 232 
6 232 
9 232 
41 232 
51 232 
192 232 
293 232 
538 232 
645 232 
735 232 
23 233 
27 233 
59 233 
77 233 
128 233 
219 233 
325 233 
629 233 
721 233 
742 233 
790 233 
1 234 
5 234 
17 234 
24 234 
49 234 
89 234 
257 234 
384 234 
506 234 
519 234 
594 234 
696 234 
2 235 
5 235 
17 235 
101 235 
110 235 
227 235 
291 235 
327 235 
381 235 
403 235 
501 235 
545 235 
549 235 
698 235 
23 236 
42 236 
59 236 
80 236 
113 236 
114 236 
9 237 
12 237 
14 237 
21 237 
27 237 
133 237 
733 237 
5 238 
20 238 
47 238 
48 238 
72 238 
218 238 
383 238 
419 238 
494 238 
564 238 
674 238 
2 239 
25 239 
28 239 
150 239 
172 239 
210 239 
367 239 
606 239 
715 239 
725 239 
9 240 
20 240 
27 240 
31 240 
37 240 
90 240 
370 240 
1 241 
5 241 
56 241 
78 241 
140 241 
225 241 
305 241 
370 241 
399 241 
499 241 
501 241 
16 242 
53 242 
134 242 
177 242 
179 242 
187 242 
276 242 
295 242 
300 242 
328 242 
348 242 
360 242 
389 242 
463 242 
550 242 
569 242 
634 242 
785 242 
2 243 
4 243 
8 243 
27 243 
62 243 
69 243 
300 243 
354 243 
547 243 
784 243 
9 244 
34 244 
40 244 
47 244 
122 244 
130 244 
350 244 
355 244 
487 244 
690 244 
1 245 
6 245 
30 245 
45 245 
70 245 
176 245 
274 245 
294 245 
343 245 
395 245 
478 245 
695 245 
718 245 
33 246 
45 246 
173 246 
179 246 
181 246 
211 246 
380 246 
388 246 
448 246 
593 246 
641 246 
27 247 
104 247 
110 247 
128 247 
150 247 
210 247 
87 248 
97 248 
121 248 
127 248 
129 248 
200 248 
285 248 
486 248 
608 248 
747 248 
765 248 
8 249 
41 249 
66 249 
105 249 
157 249 
228 249 
351 249 
423 249 
565 249 
667 249 
674 249 
3 250 
47 250 
80 250 
83 250 
93 250 
136 250 
301 250 
345 250 
707 250 
751 250 
769 250 
13 251 
38 251 
75 251 
172 251 
180 251 
182 251 
258 251 
336 251 
339 251 
732 251 
7 252 
8 252 
22 252 
47 252 
56 252 
119 252 
266 252 
314 252 
2 253 
63 253 
89 253 
218 253 
284 253 
575 253 
13 254 
21 254 
30 254 
133 254 
162 254 
195 254 
282 254 
421 254 
473 254 
18 255 
22 255 
26 255 
69 255 
123 255 
125 255 
431 255 
452 255 
695 255 
1 256 
33 256 
53 256 
54 256 
75 256 
119 256 
311 256 
474 256 
551 256 
7 257 
24 257 
47 257 
48 257 
49 257 
234 257 
336 257 
355 257 
384 257 
545 257 
594 257 
631 257 
2 258 
76 258 
130 258 
172 258 
182 258 
251 258 
284 258 
339 258 
343 258 
424 258 
732 258 
740 258 
1 259 
3 259 
18 259 
75 259 
138 259 
142 259 
264 259 
266 259 
281 259 
410 259 
466 259 
485 259 
597 259 
636 259 
14 260 
47 260 
59 260 
80 260 
143 260 
171 260 
753 260 
3 261 
41 261 
68 261 
84 261 
165 261 
174 261 
319 261 
374 261 
9 262 
38 262 
51 262 
79 262 
196 262 
205 262 
449 262 
514 262 
644 262 
768 262 
770 262 
22 263 
28 263 
29 263 
37 263 
88 263 
109 263 
363 263 
564 263 
739 263 
1 264 
3 264 
42 264 
58 264 
215 264 
259 264 
754 264 
1 265 
8 265 
62 265 
98 265 
117 265 
133 265 
8 266 
18 266 
22 266 
138 266 
252 266 
259 266 
410 266 
466 266 
636 266 
4 267 
32 267 
45 267 
118 267 
169 267 
591 267 
686 267 
10 268 
14 268 
19 268 
74 268 
83 268 
183 268 
452 268 
456 268 
567 268 
627 268 
724 268 
4 269 
7 269 
85 269 
123 269 
197 269 
277 269 
429 269 
572 269 
626 269 
25 270 
36 270 
39 270 
46 270 
99 270 
126 270 
479 270 
552 270 
580 270 
683 270 
757 270 
1 271 
4 271 
38 271 
155 271 
182 271 
184 271 
367 271 
459 271 
465 271 
511 271 
520 271 
615 271 
624 271 
38 272 
54 272 
77 272 
110 272 
196 272 
278 272 
595 272 
798 272 
14 273 
21 273 
77 273 
82 273 
141 273 
196 273 
292 273 
327 273 
361 273 
704 273 
710 273 
788 273 
2 274 
45 274 
70 274 
126 274 
194 274 
245 274 
334 274 
526 274 
50 275 
69 275 
83 275 
93 275 
170 275 
175 275 
388 275 
53 276 
109 276 
134 276 
138 276 
159 276 
242 276 
295 276 
348 276 
384 276 
389 276 
569 276 
4 277 
14 277 
48 277 
96 277 
197 277 
269 277 
406 277 
429 277 
615 277 
636 277 
638 277 
23 278 
28 278 
77 278 
113 278 
196 278 
272 278 
422 278 
435 278 
454 278 
546 278 
595 278 
620 278 
723 278 
751 278 
3 279 
38 279 
83 279 
136 279 
201 279 
203 279 
500 279 
40 280 
41 280 
74 280 
87 280 
121 280 
230 280 
315 280 
324 280 
655 280 
3 281 
4 281 
20 281 
90 281 
142 281 
259 281 
404 281 
485 281 
537 281 
573 281 
598 281 
757 281 
103 282 
122 282 
133 282 
195 282 
212 282 
254 282 
289 282 
341 282 
497 282 
693 282 
6 283 
14 283 
30 283 
65 283 
146 283 
176 283 
318 283 
413 283 
579 283 
706 283 
742 283 
752 283 
2 284 
4 284 
63 284 
130 284 
253 284 
258 284 
424 284 
65 285 
73 285 
87 285 
121 285 
140 285 
248 285 
342 285 
425 285 
507 285 
556 285 
605 285 
629 285 
633 285 
697 285 
1 286 
2 286 
26 286 
36 286 
132 286 
162 286 
408 286 
786 286 
2 287 
22 287 
74 287 
94 287 
144 287 
159 287 
301 287 
432 287 
540 287 
567 287 
699 287 
1 288 
9 288 
16 288 
25 288 
27 288 
62 288 
405 288 
756 288 
40 289 
87 289 
133 289 
154 289 
195 289 
282 289 
693 289 
8 290 
9 290 
18 290 
55 290 
119 290 
205 290 
554 290 
731 290 
745 290 
755 290 
17 291 
38 291 
48 291 
137 291 
227 291 
235 291 
327 291 
381 291 
472 291 
501 291 
515 291 
555 291 
563 291 
694 291 
8 292 
14 292 
17 292 
21 292 
78 292 
273 292 
361 292 
403 292 
415 292 
504 292 
510 292 
783 292 
26 293 
41 293 
51 293 
127 293 
195 293 
232 293 
294 293 
648 293 
735 293 
70 294 
127 294 
176 294 
195 294 
245 294 
293 294 
695 294 
718 294 
734 294 
15 295 
17 295 
53 295 
78 295 
242 295 
276 295 
348 295 
442 295 
3 296 
25 296 
66 296 
87 296 
114 296 
117 296 
347 296 
450 296 
623 296 
638 296 
8 297 
14 297 
48 297 
127 297 
148 297 
190 297 
410 297 
621 297 
2 298 
21 298 
36 298 
104 298 
115 298 
207 298 
364 298 
382 298 
491 298 
22 299 
26 299 
68 299 
77 299 
109 299 
189 299 
584 299 
4 300 
16 300 
69 300 
187 300 
242 300 
243 300 
360 300 
550 300 
74 301 
83 301 
136 301 
144 301 
250 301 
287 301 
567 301 
699 301 
751 301 
20 302 
24 302 
26 302 
45 302 
112 302 
118 302 
309 302 
362 302 
419 302 
427 302 
617 302 
1 303 
17 303 
32 303 
41 303 
61 303 
168 303 
395 303 
417 303 
433 303 
503 303 
1 304 
16 304 
34 304 
98 304 
133 304 
195 304 
342 304 
377 304 
461 304 
469 304 
561 304 
566 304 
588 304 
623 304 
732 304 
5 305 
56 305 
71 305 
78 305 
86 305 
241 305 
394 305 
1 306 
17 306 
26 306 
93 306 
124 306 
132 306 
439 306 
687 306 
703 306 
4 307 
5 307 
38 307 
56 307 
81 307 
228 307 
528 307 
2 308 
4 308 
45 308 
84 308 
99 308 
321 308 
22 309 
26 309 
45 309 
61 309 
106 309 
302 309 
338 309 
457 309 
617 309 
4 310 
119 310 
156 310 
170 310 
197 310 
216 310 
361 310 
365 310 
1 311 
18 311 
31 311 
53 311 
63 311 
256 311 
380 311 
26 312 
46 312 
93 312 
136 312 
189 312 
193 312 
582 312 
684 312 
762 312 
764 312 
8 313 
22 313 
23 313 
62 313 
78 313 
98 313 
479 313 
502 313 
7 314 
18 314 
56 314 
116 314 
185 314 
252 314 
677 314 
692 314 
63 315 
87 315 
103 315 
121 315 
128 315 
280 315 
373 315 
385 315 
405 315 
517 315 
587 315 
658 315 
726 315 
1 316 
9 316 
17 316 
101 316 
147 316 
204 316 
322 316 
492 316 
607 316 
2 317 
11 317 
69 317 
83 317 
152 317 
553 317 
647 317 
672 317 
799 317 
12 318 
26 318 
118 318 
146 318 
176 318 
283 318 
413 318 
742 318 
1 319 
6 319 
12 319 
41 319 
174 319 
261 319 
420 319 
515 319 
605 319 
655 319 
668 319 
669 319 
711 319 
797 319 
9 320 
13 320 
15 320 
18 320 
34 320 
116 320 
493 320 
3 321 
16 321 
35 321 
72 321 
84 321 
308 321 
322 321 
400 321 
3 322 
9 322 
72 322 
101 322 
316 322 
321 322 
761 322 
55 323 
64 323 
78 323 
79 323 
81 323 
205 323 
379 323 
427 323 
467 323 
589 323 
662 323 
2 324 
73 324 
74 324 
76 324 
230 324 
280 324 
350 324 
543 324 
655 324 
727 324 
23 325 
59 325 
73 325 
193 325 
233 325 
742 325 
2 326 
18 326 
116 326 
127 326 
136 326 
190 326 
356 326 
359 326 
373 326 
436 326 
603 326 
677 326 
770 326 
788 326 
17 327 
77 327 
141 327 
235 327 
273 327 
291 327 
501 327 
33 328 
43 328 
53 328 
60 328 
177 328 
242 328 
443 328 
476 328 
601 328 
1 329 
12 329 
145 329 
177 329 
179 329 
190 329 
356 329 
4 330 
9 330 
124 330 
150 330 
153 330 
189 330 
489 330 
3 331 
11 331 
23 331 
26 331 
118 331 
132 331 
338 331 
496 331 
508 331 
1 332 
2 332 
24 332 
57 332 
100 332 
221 332 
394 332 
462 332 
571 332 
7 333 
32 333 
44 333 
71 333 
86 333 
111 333 
602 333 
709 333 
793 333 
2 334 
6 334 
47 334 
108 334 
194 334 
274 334 
353 334 
446 334 
471 334 
664 334 
22 335 
25 335 
58 335 
119 335 
191 335 
209 335 
348 335 
7 336 
38 336 
47 336 
75 336 
251 336 
257 336 
355 336 
368 336 
487 336 
490 336 
538 336 
7 337 
10 337 
29 337 
46 337 
143 337 
223 337 
344 337 
418 337 
548 337 
627 337 
637 337 
665 337 
765 337 
3 338 
11 338 
61 338 
106 338 
309 338 
331 338 
457 338 
508 338 
10 339 
30 339 
143 339 
182 339 
251 339 
258 339 
352 339 
411 339 
585 339 
740 339 
8 340 
42 340 
43 340 
59 340 
60 340 
219 340 
498 340 
525 340 
5 341 
35 341 
56 341 
103 341 
212 341 
282 341 
386 341 
519 341 
657 341 
1 342 
34 342 
73 342 
140 342 
285 342 
304 342 
377 342 
507 342 
525 342 
633 342 
647 342 
172 343 
176 343 
182 343 
245 343 
258 343 
395 343 
478 343 
539 343 
590 343 
596 343 
768 343 
5 344 
13 344 
46 344 
52 344 
143 344 
337 344 
549 344 
558 344 
627 344 
5 345 
6 345 
83 345 
93 345 
108 345 
250 345 
517 345 
559 345 
3 346 
10 346 
11 346 
22 346 
41 346 
68 346 
17 347 
25 347 
32 347 
66 347 
102 347 
296 347 
524 347 
613 347 
25 348 
58 348 
242 348 
276 348 
295 348 
335 348 
378 348 
789 348 
18 349 
54 349 
119 349 
125 349 
173 349 
202 349 
404 349 
518 349 
675 349 
761 349 
2 350 
34 350 
47 350 
73 350 
244 350 
324 350 
355 350 
487 350 
529 350 
551 350 
20 351 
63 351 
105 351 
198 351 
228 351 
249 351 
397 351 
470 351 
530 351 
10 352 
30 352 
75 352 
109 352 
129 352 
339 352 
411 352 
428 352 
600 352 
616 352 
738 352 
17 353 
47 353 
102 353 
108 353 
150 353 
334 353 
393 353 
451 353 
711 353 
22 354 
27 354 
62 354 
119 354 
243 354 
7 355 
47 355 
244 355 
257 355 
336 355 
350 355 
368 355 
487 355 
545 355 
551 355 
690 355 
710 355 
794 355 
798 355 
127 356 
136 356 
145 356 
190 356 
326 356 
329 356 
359 356 
373 356 
677 356 
4 357 
34 357 
37 357 
43 357 
58 357 
88 357 
592 357 
773 357 
4 358 
6 358 
29 358 
47 358 
138 358 
208 358 
364 358 
486 358 
514 358 
577 358 
730 358 
30 359 
136 359 
203 359 
214 359 
326 359 
356 359 
9 360 
16 360 
126 360 
211 360 
242 360 
300 360 
550 360 
14 361 
156 361 
197 361 
273 361 
292 361 
310 361 
763 361 
788 361 
20 362 
24 362 
27 362 
143 362 
223 362 
302 362 
37 363 
43 363 
88 363 
144 363 
178 363 
263 363 
550 363 
4 364 
29 364 
104 364 
207 364 
298 364 
358 364 
393 364 
482 364 
45 365 
119 365 
147 365 
204 365 
216 365 
310 365 
540 365 
645 365 
9 366 
25 366 
40 366 
87 366 
104 366 
149 366 
553 366 
794 366 
1 367 
4 367 
150 367 
210 367 
239 367 
271 367 
511 367 
541 367 
606 367 
615 367 
7 368 
104 368 
204 368 
207 368 
336 368 
355 368 
487 368 
490 368 
668 368 
24 369 
28 369 
71 369 
74 369 
111 369 
187 369 
534 369 
590 369 
5 370 
9 370 
37 370 
140 370 
240 370 
241 370 
546 370 
568 370 
606 370 
4 371 
48 371 
52 371 
114 371 
150 371 
186 371 
445 371 
516 371 
34 372 
43 372 
47 372 
159 372 
174 372 
210 372 
509 372 
591 372 
714 372 
103 373 
127 373 
128 373 
315 373 
326 373 
356 373 
385 373 
505 373 
522 373 
587 373 
677 373 
5 374 
13 374 
46 374 
68 374 
84 374 
261 374 
689 374 
8 375 
56 375 
78 375 
81 375 
136 375 
190 375 
411 375 
466 375 
542 375 
597 375 
698 375 
766 375 
3 376 
4 376 
22 376 
31 376 
69 376 
178 376 
432 376 
435 376 
616 376 
1 377 
52 377 
107 377 
199 377 
304 377 
342 377 
525 377 
560 377 
602 377 
25 378 
58 378 
64 378 
85 378 
166 378 
348 378 
513 378 
675 378 
760 378 
789 378 
4 379 
52 379 
64 379 
78 379 
95 379 
323 379 
18 380 
31 380 
173 380 
179 380 
246 380 
311 380 
598 380 
691 380 
36 381 
125 381 
146 381 
227 381 
235 381 
291 381 
403 381 
450 381 
470 381 
555 381 
604 381 
639 381 
731 381 
743 381 
2 382 
3 382 
36 382 
93 382 
193 382 
298 382 
4 383 
47 383 
64 383 
115 383 
218 383 
238 383 
398 383 
49 384 
159 384 
234 384 
257 384 
276 384 
555 384 
594 384 
610 384 
631 384 
1 385 
8 385 
128 385 
221 385 
315 385 
373 385 
614 385 
652 385 
7 386 
38 386 
56 386 
64 386 
341 386 
457 386 
519 386 
527 386 
582 386 
609 386 
646 386 
699 386 
760 386 
5 387 
43 387 
58 387 
99 387 
103 387 
122 387 
401 387 
408 387 
532 387 
536 387 
621 387 
720 387 
69 388 
93 388 
179 388 
211 388 
246 388 
275 388 
448 388 
73 389 
76 389 
134 389 
193 389 
242 389 
276 389 
463 389 
569 389 
612 389 
26 390 
46 390 
79 390 
127 390 
163 390 
202 390 
701 390 
4 391 
10 391 
18 391 
35 391 
231 391 
392 391 
407 391 
441 391 
481 391 
574 391 
600 391 
694 391 
700 391 
4 392 
9 392 
79 392 
205 392 
231 392 
391 392 
574 392 
685 392 
701 392 
779 392 
102 393 
104 393 
150 393 
207 393 
353 393 
364 393 
451 393 
482 393 
505 393 
575 393 
637 393 
657 393 
711 393 
1 394 
24 394 
56 394 
78 394 
305 394 
332 394 
1 395 
32 395 
45 395 
245 395 
303 395 
343 395 
2 396 
7 396 
13 396 
21 396 
52 396 
126 396 
20 397 
28 397 
41 397 
68 397 
198 397 
351 397 
470 397 
484 397 
528 397 
530 397 
5 398 
24 398 
47 398 
188 398 
218 398 
383 398 
500 398 
769 398 
8 399 
15 399 
78 399 
98 399 
225 399 
241 399 
641 399 
750 399 
6 400 
13 400 
35 400 
84 400 
162 400 
321 400 
5 401 
58 401 
86 401 
96 401 
112 401 
387 401 
409 401 
507 401 
532 401 
607 401 
2 402 
6 402 
37 402 
97 402 
225 402 
17 403 
78 403 
227 403 
235 403 
292 403 
381 403 
450 403 
460 403 
464 403 
504 403 
545 403 
617 403 
783 403 
20 404 
90 404 
119 404 
125 404 
281 404 
349 404 
430 404 
444 404 
675 404 
761 404 
9 405 
16 405 
87 405 
121 405 
288 405 
315 405 
726 405 
48 406 
69 406 
96 406 
163 406 
277 406 
421 406 
478 406 
503 406 
619 406 
636 406 
686 406 
4 407 
35 407 
104 407 
114 407 
204 407 
391 407 
441 407 
584 407 
600 407 
651 407 
696 407 
2 408 
5 408 
43 408 
132 408 
286 408 
387 408 
523 408 
578 408 
684 408 
3 409 
4 409 
12 409 
86 409 
112 409 
401 409 
653 409 
688 409 
14 410 
48 410 
138 410 
259 410 
266 410 
297 410 
8 411 
30 411 
136 411 
339 411 
352 411 
375 411 
7 412 
10 412 
47 412 
59 412 
183 412 
219 412 
495 412 
14 413 
17 413 
96 413 
176 413 
283 413 
318 413 
438 413 
706 413 
734 413 
752 413 
127 414 
136 414 
182 414 
195 414 
196 414 
205 414 
502 414 
741 414 
8 415 
22 415 
23 415 
59 415 
78 415 
292 415 
2 416 
18 416 
69 416 
123 416 
135 416 
215 416 
712 416 
730 416 
762 416 
17 417 
22 417 
32 417 
53 417 
177 417 
303 417 
503 417 
776 417 
3 418 
7 418 
10 418 
166 418 
217 418 
337 418 
612 418 
637 418 
720 418 
20 419 
45 419 
72 419 
118 419 
238 419 
302 419 
427 419 
494 419 
509 419 
674 419 
692 419 
755 419 
6 420 
12 420 
52 420 
158 420 
199 420 
319 420 
728 420 
752 420 
21 421 
69 421 
135 421 
195 421 
254 421 
406 421 
8 422 
28 422 
43 422 
113 422 
172 422 
278 422 
546 422 
620 422 
783 422 
5 423 
8 423 
66 423 
116 423 
161 423 
249 423 
565 423 
674 423 
2 424 
36 424 
126 424 
132 424 
258 424 
284 424 
28 425 
87 425 
109 425 
121 425 
160 425 
285 425 
464 425 
629 425 
697 425 
718 425 
13 426 
33 426 
44 426 
53 426 
134 426 
141 426 
557 426 
670 426 
683 426 
791 426 
45 427 
64 427 
81 427 
302 427 
323 427 
419 427 
10 428 
30 428 
82 428 
100 428 
214 428 
352 428 
463 428 
600 428 
616 428 
639 428 
706 428 
776 428 
5 429 
23 429 
28 429 
197 429 
269 429 
277 429 
20 430 
64 430 
90 430 
226 430 
404 430 
38 431 
69 431 
71 431 
79 431 
123 431 
255 431 
4 432 
22 432 
69 432 
74 432 
287 432 
376 432 
1 433 
18 433 
61 433 
155 433 
168 433 
303 433 
446 433 
587 433 
793 433 
30 434 
38 434 
48 434 
65 434 
164 434 
218 434 
468 434 
3 435 
4 435 
77 435 
196 435 
278 435 
376 435 
723 435 
751 435 
2 436 
4 436 
107 436 
116 436 
142 436 
326 436 
603 436 
3 437 
56 437 
64 437 
81 437 
482 437 
521 437 
601 437 
611 437 
619 437 
736 437 
746 437 
759 437 
17 438 
29 438 
70 438 
96 438 
207 438 
413 438 
17 439 
93 439 
117 439 
133 439 
151 439 
306 439 
35 440 
38 440 
84 440 
104 440 
113 440 
231 440 
646 440 
670 440 
737 440 
13 441 
35 441 
46 441 
99 441 
391 441 
407 441 
481 441 
533 441 
566 441 
584 441 
600 441 
608 441 
626 441 
671 441 
696 441 
6 442 
15 442 
17 442 
57 442 
124 442 
295 442 
6 443 
33 443 
50 443 
60 443 
88 443 
328 443 
476 443 
631 443 
3 444 
53 444 
57 444 
119 444 
125 444 
404 444 
588 444 
33 445 
38 445 
52 445 
70 445 
186 445 
371 445 
1 446 
6 446 
18 446 
47 446 
334 446 
433 446 
471 446 
481 446 
2 447 
5 447 
6 447 
40 447 
116 447 
121 447 
518 447 
165 448 
174 448 
179 448 
246 448 
388 448 
9 449 
12 449 
26 449 
51 449 
194 449 
262 449 
114 450 
117 450 
227 450 
296 450 
381 450 
403 450 
470 450 
617 450 
639 450 
1 451 
102 451 
118 451 
132 451 
353 451 
393 451 
723 451 
10 452 
26 452 
123 452 
183 452 
255 452 
268 452 
455 452 
627 452 
695 452 
6 453 
19 453 
20 453 
22 453 
34 453 
108 453 
5 454 
23 454 
28 454 
86 454 
96 454 
278 454 
26 455 
61 455 
111 455 
123 455 
192 455 
452 455 
468 455 
477 455 
5 456 
19 456 
58 456 
74 456 
268 456 
724 456 
7 457 
64 457 
106 457 
309 457 
338 457 
386 457 
471 457 
582 457 
26 458 
136 458 
162 458 
195 458 
197 458 
493 458 
593 458 
669 458 
1 459 
21 459 
98 459 
155 459 
195 459 
271 459 
624 459 
17 460 
74 460 
78 460 
145 460 
190 460 
403 460 
464 460 
4 461 
19 461 
74 461 
98 461 
195 461 
304 461 
469 461 
623 461 
2 462 
9 462 
57 462 
133 462 
216 462 
332 462 
780 462 
82 463 
100 463 
134 463 
242 463 
389 463 
428 463 
569 463 
571 463 
589 463 
612 463 
639 463 
707 463 
785 463 
17 464 
28 464 
109 464 
403 464 
425 464 
460 464 
38 465 
40 465 
113 465 
149 465 
184 465 
271 465 
520 465 
537 465 
758 465 
785 465 
18 466 
78 466 
81 466 
259 466 
266 466 
375 466 
636 466 
766 466 
21 467 
55 467 
204 467 
205 467 
207 467 
323 467 
26 468 
30 468 
123 468 
164 468 
434 468 
455 468 
13 469 
44 469 
65 469 
98 469 
304 469 
461 469 
198 470 
227 470 
351 470 
381 470 
397 470 
450 470 
639 470 
6 471 
7 471 
64 471 
334 471 
446 471 
457 471 
5 472 
17 472 
41 472 
108 472 
227 472 
291 472 
515 472 
581 472 
5 473 
18 473 
30 473 
161 473 
162 473 
254 473 
33 474 
75 474 
80 474 
114 474 
184 474 
256 474 
543 474 
663 474 
702 474 
2 475 
4 475 
5 475 
14 475 
39 475 
130 475 
523 475 
5 476 
33 476 
40 476 
60 476 
328 476 
443 476 
631 476 
3 477 
4 477 
61 477 
72 477 
111 477 
455 477 
673 477 
135 478 
163 478 
176 478 
245 478 
343 478 
406 478 
686 478 
768 478 
22 479 
36 479 
62 479 
126 479 
270 479 
313 479 
757 479 
771 479 
3 480 
5 480 
35 480 
54 480 
68 480 
506 480 
635 480 
650 480 
666 480 
6 481 
35 481 
47 481 
391 481 
441 481 
446 481 
566 481 
608 481 
671 481 
694 481 
700 481 
749 481 
56 482 
59 482 
104 482 
364 482 
393 482 
437 482 
736 482 
8 483 
10 483 
17 483 
26 483 
92 483 
136 483 
542 483 
560 483 
678 483 
68 484 
104 484 
149 484 
231 484 
397 484 
528 484 
664 484 
5 485 
6 485 
101 485 
142 485 
259 485 
281 485 
573 485 
29 486 
97 486 
127 486 
208 486 
248 486 
358 486 
514 486 
730 486 
750 486 
7 487 
244 487 
336 487 
350 487 
355 487 
368 487 
490 487 
668 487 
4 488 
8 488 
24 488 
33 488 
35 488 
71 488 
94 489 
150 489 
153 489 
159 489 
223 489 
330 489 
522 489 
5 490 
8 490 
22 490 
336 490 
368 490 
487 490 
2 491 
41 491 
115 491 
165 491 
230 491 
298 491 
719 491 
5 492 
14 492 
17 492 
39 492 
101 492 
316 492 
539 492 
544 492 
607 492 
643 492 
13 493 
15 493 
136 493 
195 493 
320 493 
458 493 
20 494 
40 494 
130 494 
154 494 
238 494 
419 494 
509 494 
795 494 
2 495 
7 495 
10 495 
21 495 
412 495 
2 496 
14 496 
19 496 
26 496 
118 496 
331 496 
659 496 
733 496 
56 497 
64 497 
91 497 
122 497 
212 497 
282 497 
18 498 
42 498 
59 498 
75 498 
161 498 
340 498 
525 498 
630 498 
1 499 
22 499 
41 499 
140 499 
217 499 
241 499 
501 499 
667 499 
3 500 
47 500 
83 500 
218 500 
279 500 
398 500 
1 501 
235 501 
241 501 
291 501 
327 501 
499 501 
23 502 
62 502 
127 502 
195 502 
313 502 
414 502 
17 503 
48 503 
96 503 
303 503 
406 503 
417 503 
619 503 
78 504 
79 504 
105 504 
157 504 
292 504 
403 504 
783 504 
102 505 
103 505 
128 505 
150 505 
373 505 
393 505 
522 505 
574 505 
575 505 
657 505 
660 505 
744 505 
1 506 
5 506 
17 506 
35 506 
234 506 
480 506 
519 506 
526 506 
599 506 
614 506 
650 506 
666 506 
96 507 
112 507 
140 507 
285 507 
342 507 
401 507 
605 507 
633 507 
644 507 
647 507 
654 507 
11 508 
20 508 
24 508 
222 508 
331 508 
338 508 
20 509 
159 509 
174 509 
372 509 
419 509 
494 509 
8 510 
17 510 
41 510 
51 510 
168 510 
292 510 
4 511 
25 511 
66 511 
271 511 
367 511 
592 511 
1 512 
4 512 
32 512 
73 512 
103 512 
9 513 
25 513 
58 513 
102 513 
127 513 
378 513 
675 513 
760 513 
196 514 
205 514 
208 514 
262 514 
358 514 
486 514 
1 515 
12 515 
17 515 
291 515 
319 515 
472 515 
605 515 
655 515 
669 515 
12 516 
48 516 
114 516 
133 516 
177 516 
371 516 
558 516 
5 517 
6 517 
63 517 
128 517 
315 517 
345 517 
541 517 
2 518 
116 518 
173 518 
202 518 
349 518 
447 518 
17 519 
56 519 
234 519 
341 519 
386 519 
506 519 
27 520 
38 520 
110 520 
145 520 
271 520 
465 520 
576 520 
713 520 
56 521 
64 521 
135 521 
158 521 
167 521 
437 521 
586 521 
601 521 
661 521 
746 521 
796 521 
103 522 
150 522 
153 522 
373 522 
489 522 
505 522 
660 522 
4 523 
5 523 
14 523 
43 523 
408 523 
475 523 
578 523 
596 523 
684 523 
17 524 
24 524 
102 524 
131 524 
222 524 
347 524 
1 525 
59 525 
340 525 
342 525 
377 525 
498 525 
602 525 
1 526 
17 526 
45 526 
70 526 
274 526 
506 526 
1 527 
26 527 
35 527 
56 527 
199 527 
386 527 
609 527 
646 527 
699 527 
760 527 
28 528 
38 528 
228 528 
307 528 
397 528 
484 528 
716 528 
3 529 
34 529 
47 529 
80 529 
184 529 
350 529 
556 529 
576 529 
680 529 
781 529 
20 530 
36 530 
120 530 
351 530 
397 530 
3 531 
16 531 
97 531 
106 531 
127 531 
208 531 
775 531 
37 532 
58 532 
70 532 
225 532 
387 532 
401 532 
536 532 
559 532 
599 532 
13 533 
40 533 
46 533 
51 533 
55 533 
441 533 
728 533 
74 534 
87 534 
130 534 
154 534 
187 534 
369 534 
10 535 
14 535 
25 535 
40 535 
51 535 
153 535 
650 535 
703 535 
41 536 
58 536 
108 536 
168 536 
387 536 
532 536 
559 536 
632 536 
766 536 
4 537 
38 537 
90 537 
184 537 
281 537 
465 537 
5 538 
7 538 
47 538 
51 538 
232 538 
336 538 
645 538 
14 539 
39 539 
45 539 
176 539 
343 539 
492 539 
544 539 
590 539 
596 539 
618 539 
643 539 
2 540 
45 540 
159 540 
204 540 
287 540 
365 540 
570 540 
645 540 
5 541 
6 541 
150 541 
210 541 
367 541 
517 541 
8 542 
10 542 
17 542 
190 542 
375 542 
483 542 
698 542 
2 543 
33 543 
75 543 
76 543 
324 543 
474 543 
663 543 
14 544 
17 544 
65 544 
140 544 
492 544 
539 544 
7 545 
227 545 
235 545 
257 545 
355 545 
403 545 
698 545 
5 546 
113 546 
140 546 
278 546 
370 546 
422 546 
568 546 
8 547 
13 547 
33 547 
39 547 
62 547 
243 547 
583 547 
586 547 
763 547 
784 547 
789 547 
46 548 
61 548 
137 548 
223 548 
224 548 
337 548 
764 548 
765 548 
5 549 
13 549 
52 549 
101 549 
235 549 
344 549 
558 549 
43 550 
178 550 
242 550 
300 550 
360 550 
363 550 
47 551 
53 551 
119 551 
256 551 
350 551 
355 551 
710 551 
5 552 
24 552 
39 552 
46 552 
157 552 
270 552 
2 553 
40 553 
69 553 
104 553 
317 553 
366 553 
9 554 
33 554 
45 554 
55 554 
176 554 
290 554 
748 554 
138 555 
159 555 
227 555 
291 555 
381 555 
384 555 
610 555 
694 555 
65 556 
80 556 
140 556 
184 556 
285 556 
529 556 
680 556 
781 556 
26 557 
32 557 
53 557 
134 557 
426 557 
573 557 
642 557 
670 557 
780 557 
13 558 
133 558 
177 558 
344 558 
516 558 
549 558 
5 559 
58 559 
108 559 
345 559 
532 559 
536 559 
8 560 
26 560 
107 560 
199 560 
377 560 
483 560 
1 561 
16 561 
70 561 
71 561 
304 561 
588 561 
1 562 
4 562 
7 562 
11 562 
31 562 
90 562 
628 562 
635 562 
747 562 
754 562 
1 563 
12 563 
38 563 
137 563 
142 563 
291 563 
604 563 
739 563 
767 563 
5 564 
29 564 
37 564 
72 564 
238 564 
263 564 
739 564 
5 565 
8 565 
36 565 
120 565 
249 565 
423 565 
667 565 
674 565 
35 566 
98 566 
133 566 
304 566 
441 566 
481 566 
608 566 
626 566 
732 566 
782 566 
10 567 
14 567 
74 567 
268 567 
287 567 
301 567 
659 567 
65 568 
73 568 
140 568 
164 568 
370 568 
546 568 
606 568 
109 569 
138 569 
242 569 
276 569 
389 569 
463 569 
797 569 
6 570 
36 570 
45 570 
55 570 
204 570 
540 570 
572 570 
57 571 
82 571 
100 571 
332 571 
463 571 
589 571 
4 572 
45 572 
123 572 
204 572 
269 572 
570 572 
746 572 
26 573 
32 573 
142 573 
281 573 
485 573 
557 573 
4 574 
102 574 
150 574 
391 574 
392 574 
505 574 
89 575 
150 575 
218 575 
253 575 
393 575 
505 575 
637 575 
721 575 
744 575 
27 576 
34 576 
47 576 
110 576 
520 576 
529 576 
713 576 
6 577 
70 577 
97 577 
138 577 
225 577 
358 577 
642 577 
748 577 
749 577 
7 578 
43 578 
67 578 
408 578 
523 578 
656 578 
4 579 
6 579 
78 579 
123 579 
176 579 
283 579 
16 580 
46 580 
72 580 
99 580 
107 580 
270 580 
17 581 
31 581 
49 581 
178 581 
227 581 
472 581 
712 581 
64 582 
93 582 
193 582 
312 582 
386 582 
457 582 
764 582 
13 583 
39 583 
99 583 
103 583 
171 583 
547 583 
22 584 
35 584 
68 584 
299 584 
407 584 
441 584 
6 585 
10 585 
41 585 
143 585 
168 585 
339 585 
33 586 
39 586 
135 586 
158 586 
521 586 
547 586 
763 586 
796 586 
1 587 
103 587 
155 587 
315 587 
373 587 
433 587 
658 587 
793 587 
1 588 
119 588 
125 588 
304 588 
444 588 
561 588 
78 589 
81 589 
100 589 
323 589 
463 589 
571 589 
662 589 
707 589 
777 589 
24 590 
71 590 
176 590 
343 590 
369 590 
539 590 
32 591 
43 591 
45 591 
47 591 
267 591 
372 591 
714 591 
4 592 
34 592 
58 592 
357 592 
511 592 
162 593 
173 593 
211 593 
246 593 
458 593 
669 593 
708 593 
3 594 
7 594 
56 594 
234 594 
257 594 
384 594 
47 595 
67 595 
138 595 
272 595 
278 595 
798 595 
4 596 
14 596 
45 596 
343 596 
523 596 
539 596 
18 597 
56 597 
75 597 
81 597 
259 597 
375 597 
4 598 
18 598 
20 598 
31 598 
281 598 
380 598 
691 598 
5 599 
35 599 
37 599 
70 599 
506 599 
532 599 
614 599 
660 599 
10 600 
352 600 
391 600 
407 600 
428 600 
441 600 
696 600 
33 601 
43 601 
56 601 
328 601 
437 601 
521 601 
620 601 
746 601 
1 602 
7 602 
44 602 
333 602 
377 602 
525 602 
624 602 
793 602 
37 603 
97 603 
116 603 
209 603 
326 603 
436 603 
1 604 
12 604 
36 604 
146 604 
381 604 
563 604 
731 604 
743 604 
767 604 
1 605 
140 605 
285 605 
319 605 
507 605 
515 605 
644 605 
669 605 
140 606 
150 606 
239 606 
367 606 
370 606 
568 606 
86 607 
96 607 
101 607 
316 607 
401 607 
492 607 
682 607 
737 607 
127 608 
129 608 
248 608 
441 608 
481 608 
566 608 
671 608 
22 609 
49 609 
56 609 
386 609 
527 609 
699 609 
6 610 
88 610 
138 610 
212 610 
384 610 
555 610 
649 610 
21 611 
59 611 
117 611 
151 611 
437 611 
736 611 
134 612 
166 612 
217 612 
389 612 
418 612 
463 612 
1 613 
17 613 
32 613 
44 613 
347 613 
681 613 
1 614 
35 614 
221 614 
385 614 
506 614 
599 614 
1 615 
14 615 
96 615 
271 615 
277 615 
367 615 
697 615 
800 615 
30 616 
31 616 
178 616 
352 616 
376 616 
428 616 
45 617 
227 617 
302 617 
309 617 
403 617 
450 617 
14 618 
20 618 
39 618 
131 618 
222 618 
539 618 
3 619 
56 619 
96 619 
406 619 
437 619 
503 619 
28 620 
33 620 
43 620 
278 620 
422 620 
601 620 
14 621 
122 621 
148 621 
297 621 
387 621 
720 621 
26 622 
40 622 
118 622 
169 622 
182 622 
184 622 
3 623 
114 623 
195 623 
296 623 
304 623 
461 623 
7 624 
44 624 
155 624 
271 624 
459 624 
602 624 
4 625 
7 625 
67 625 
79 625 
86 625 
121 625 
687 625 
4 626 
35 626 
85 626 
269 626 
441 626 
566 626 
705 626 
46 627 
183 627 
268 627 
337 627 
344 627 
452 627 
1 628 
7 628 
121 628 
188 628 
200 628 
562 628 
787 628 
59 629 
87 629 
219 629 
233 629 
285 629 
425 629 
721 629 
790 629 
21 630 
75 630 
82 630 
104 630 
161 630 
498 630 
33 631 
49 631 
257 631 
384 631 
443 631 
476 631 
33 632 
40 632 
54 632 
108 632 
168 632 
536 632 
643 632 
682 632 
702 632 
766 632 
784 632 
9 633 
40 633 
285 633 
342 633 
507 633 
647 633 
5 634 
6 634 
55 634 
179 634 
187 634 
242 634 
1 635 
3 635 
11 635 
68 635 
480 635 
562 635 
747 635 
754 635 
48 636 
259 636 
266 636 
277 636 
406 636 
466 636 
638 636 
672 636 
10 637 
150 637 
337 637 
393 637 
418 637 
575 637 
720 637 
721 637 
3 638 
48 638 
117 638 
277 638 
296 638 
636 638 
672 638 
82 639 
381 639 
428 639 
450 639 
463 639 
470 639 
73 640 
86 640 
99 640 
121 640 
139 640 
171 640 
740 640 
8 641 
15 641 
33 641 
181 641 
246 641 
399 641 
662 641 
750 641 
53 642 
97 642 
134 642 
225 642 
557 642 
577 642 
749 642 
39 643 
40 643 
54 643 
492 643 
539 643 
632 643 
9 644 
79 644 
140 644 
262 644 
507 644 
605 644 
45 645 
51 645 
232 645 
365 645 
538 645 
540 645 
35 646 
104 646 
113 646 
386 646 
440 646 
527 646 
760 646 
11 647 
23 647 
317 647 
342 647 
507 647 
633 647 
672 647 
745 647 
799 647 
26 648 
105 648 
121 648 
127 648 
167 648 
293 648 
6 649 
8 649 
71 649 
85 649 
88 649 
610 649 
35 650 
40 650 
51 650 
480 650 
506 650 
535 650 
703 650 
19 651 
29 651 
104 651 
114 651 
208 651 
407 651 
781 651 
795 651 
8 652 
14 652 
27 652 
154 652 
221 652 
385 652 
3 653 
10 653 
12 653 
21 653 
222 653 
409 653 
688 653 
719 653 
71 654 
96 654 
112 654 
157 654 
163 654 
507 654 
12 655 
74 655 
280 655 
319 655 
324 655 
515 655 
727 655 
5 656 
7 656 
18 656 
23 656 
52 656 
578 656 
5 657 
56 657 
102 657 
341 657 
393 657 
505 657 
103 658 
124 658 
153 658 
315 658 
587 658 
679 658 
772 658 
10 659 
14 659 
19 659 
496 659 
567 659 
37 660 
70 660 
103 660 
505 660 
522 660 
599 660 
53 661 
56 661 
57 661 
64 661 
119 661 
521 661 
8 662 
15 662 
78 662 
323 662 
589 662 
641 662 
663 662 
666 662 
8 663 
15 663 
33 663 
474 663 
543 663 
662 663 
666 663 
717 663 
800 663 
6 664 
104 664 
108 664 
231 664 
334 664 
484 664 
4 665 
10 665 
29 665 
103 665 
212 665 
337 665 
759 665 
5 666 
8 666 
480 666 
506 666 
662 666 
663 666 
800 666 
8 667 
22 667 
41 667 
249 667 
499 667 
565 667 
7 668 
41 668 
174 668 
319 668 
368 668 
487 668 
711 668 
797 668 
162 669 
319 669 
458 669 
515 669 
593 669 
605 669 
708 669 
104 670 
134 670 
231 670 
426 670 
440 670 
557 670 
5 671 
35 671 
38 671 
441 671 
481 671 
608 671 
11 672 
48 672 
317 672 
636 672 
638 672 
647 672 
745 672 
799 672 
3 673 
10 673 
72 673 
231 673 
477 673 
72 674 
238 674 
249 674 
419 674 
423 674 
565 674 
58 675 
125 675 
349 675 
378 675 
404 675 
513 675 
2 676 
14 676 
29 676 
76 676 
207 676 
218 676 
722 676 
18 677 
185 677 
314 677 
326 677 
356 677 
373 677 
692 677 
6 678 
17 678 
25 678 
36 678 
92 678 
483 678 
5 679 
20 679 
49 679 
124 679 
153 679 
658 679 
772 679 
17 680 
80 680 
92 680 
110 680 
529 680 
556 680 
1 681 
6 681 
32 681 
50 681 
175 681 
613 681 
33 682 
54 682 
86 682 
96 682 
607 682 
632 682 
702 682 
737 682 
784 682 
25 683 
53 683 
126 683 
141 683 
270 683 
426 683 
5 684 
26 684 
46 684 
312 684 
408 684 
523 684 
762 684 
9 685 
51 685 
79 685 
111 685 
192 685 
392 685 
32 686 
163 686 
169 686 
267 686 
406 686 
478 686 
1 687 
4 687 
7 687 
132 687 
306 687 
625 687 
7 688 
12 688 
156 688 
197 688 
409 688 
653 688 
3 689 
5 689 
46 689 
114 689 
184 689 
374 689 
778 689 
25 690 
47 690 
104 690 
180 690 
244 690 
355 690 
5 691 
8 691 
31 691 
85 691 
380 691 
598 691 
705 691 
45 692 
118 692 
185 692 
314 692 
419 692 
677 692 
755 692 
48 693 
137 693 
160 693 
195 693 
282 693 
289 693 
735 693 
35 694 
227 694 
291 694 
391 694 
481 694 
555 694 
700 694 
26 695 
176 695 
245 695 
255 695 
294 695 
452 695 
5 696 
24 696 
234 696 
407 696 
441 696 
600 696 
14 697 
96 697 
121 697 
285 697 
425 697 
615 697 
704 697 
800 697 
190 698 
227 698 
235 698 
375 698 
542 698 
545 698 
144 699 
287 699 
301 699 
386 699 
527 699 
609 699 
24 700 
131 700 
391 700 
481 700 
694 700 
79 701 
163 701 
202 701 
205 701 
390 701 
392 701 
779 701 
796 701 
54 702 
80 702 
114 702 
474 702 
632 702 
682 702 
784 702 
26 703 
40 703 
306 703 
535 703 
650 703 
743 703 
772 703 
14 704 
77 704 
96 704 
196 704 
273 704 
697 704 
4 705 
5 705 
85 705 
626 705 
691 705 
10 706 
30 706 
176 706 
283 706 
413 706 
428 706 
734 706 
752 706 
776 706 
93 707 
100 707 
136 707 
250 707 
463 707 
589 707 
777 707 
54 708 
68 708 
162 708 
202 708 
593 708 
669 708 
5 709 
8 709 
71 709 
72 709 
86 709 
333 709 
47 710 
141 710 
196 710 
273 710 
355 710 
551 710 
794 710 
798 710 
41 711 
150 711 
319 711 
353 711 
393 711 
668 711 
18 712 
49 712 
178 712 
215 712 
416 712 
581 712 
730 712 
27 713 
33 713 
38 713 
180 713 
520 713 
576 713 
2 714 
6 714 
43 714 
115 714 
372 714 
591 714 
2 715 
8 715 
25 715 
28 715 
215 715 
239 715 
5 716 
33 716 
38 716 
39 716 
228 716 
528 716 
8 717 
15 717 
35 717 
181 717 
191 717 
663 717 
70 718 
87 718 
121 718 
245 718 
294 718 
425 718 
21 719 
41 719 
222 719 
230 719 
491 719 
653 719 
10 720 
103 720 
387 720 
418 720 
621 720 
637 720 
150 721 
219 721 
233 721 
575 721 
629 721 
637 721 
7 722 
29 722 
32 722 
169 722 
207 722 
676 722 
1 723 
132 723 
196 723 
278 723 
435 723 
451 723 
5 724 
19 724 
38 724 
156 724 
268 724 
456 724 
25 725 
126 725 
150 725 
172 725 
194 725 
239 725 
14 726 
121 726 
148 726 
315 726 
405 726 
53 727 
74 727 
119 727 
324 727 
655 727 
40 728 
51 728 
52 728 
199 728 
420 728 
533 728 
22 729 
49 729 
104 729 
114 729 
178 729 
781 729 
795 729 
18 730 
29 730 
358 730 
416 730 
486 730 
712 730 
18 731 
119 731 
146 731 
290 731 
381 731 
604 731 
745 731 
755 731 
98 732 
172 732 
251 732 
258 732 
304 732 
566 732 
2 733 
14 733 
27 733 
237 733 
496 733 
70 734 
176 734 
294 734 
413 734 
706 734 
41 735 
137 735 
160 735 
232 735 
293 735 
693 735 
5 736 
39 736 
46 736 
437 736 
482 736 
611 736 
38 737 
84 737 
96 737 
440 737 
607 737 
682 737 
22 738 
51 738 
75 738 
106 738 
129 738 
352 738 
779 738 
1 739 
37 739 
142 739 
263 739 
563 739 
564 739 
778 739 
86 740 
139 740 
182 740 
258 740 
339 740 
640 740 
22 741 
62 741 
127 741 
136 741 
173 741 
414 741 
59 742 
146 742 
233 742 
283 742 
318 742 
325 742 
1 743 
26 743 
36 743 
381 743 
604 743 
703 743 
772 743 
121 744 
150 744 
167 744 
175 744 
505 744 
575 744 
11 745 
119 745 
290 745 
647 745 
672 745 
731 745 
45 746 
204 746 
437 746 
521 746 
572 746 
601 746 
11 747 
87 747 
200 747 
248 747 
562 747 
635 747 
33 748 
70 748 
176 748 
225 748 
554 748 
577 748 
6 749 
47 749 
97 749 
481 749 
577 749 
642 749 
8 750 
97 750 
127 750 
399 750 
486 750 
641 750 
77 751 
136 751 
250 751 
278 751 
301 751 
435 751 
158 752 
199 752 
283 752 
413 752 
420 752 
706 752 
22 753 
31 753 
59 753 
63 753 
80 753 
260 753 
1 754 
42 754 
264 754 
562 754 
635 754 
18 755 
118 755 
290 755 
419 755 
692 755 
731 755 
1 756 
27 756 
31 756 
53 756 
141 756 
288 756 
3 757 
126 757 
142 757 
270 757 
281 757 
479 757 
22 758 
40 758 
42 758 
149 758 
155 758 
465 758 
64 759 
81 759 
103 759 
212 759 
437 759 
665 759 
25 760 
378 760 
386 760 
513 760 
527 760 
646 760 
3 761 
72 761 
119 761 
322 761 
349 761 
404 761 
2 762 
18 762 
46 762 
312 762 
416 762 
684 762 
39 763 
156 763 
197 763 
361 763 
547 763 
586 763 
774 763 
46 764 
93 764 
223 764 
312 764 
548 764 
582 764 
97 765 
129 765 
223 765 
248 765 
337 765 
548 765 
78 766 
108 766 
375 766 
466 766 
536 766 
632 766 
1 767 
24 767 
157 767 
227 767 
563 767 
604 767 
51 768 
79 768 
176 768 
262 768 
343 768 
478 768 
3 769 
5 769 
47 769 
188 769 
250 769 
398 769 
38 770 
127 770 
190 770 
196 770 
262 770 
326 770 
788 770 
8 771 
22 771 
41 771 
62 771 
220 771 
479 771 
26 772 
124 772 
658 772 
679 772 
703 772 
743 772 
14 773 
30 773 
37 773 
88 773 
143 773 
357 773 
41 774 
137 774 
156 774 
197 774 
217 774 
763 774 
4 775 
5 775 
16 775 
106 775 
149 775 
531 775 
17 776 
30 776 
32 776 
417 776 
428 776 
706 776 
36 777 
76 777 
89 777 
100 777 
589 777 
707 777 
1 778 
142 778 
184 778 
689 778 
739 778 
22 779 
106 779 
205 779 
392 779 
701 779 
738 779 
2 780 
26 780 
57 780 
169 780 
462 780 
557 780 
104 781 
184 781 
529 781 
556 781 
651 781 
729 781 
6 782 
25 782 
50 782 
98 782 
133 782 
566 782 
28 783 
113 783 
292 783 
403 783 
422 783 
504 783 
8 784 
243 784 
547 784 
632 784 
682 784 
702 784 
113 785 
134 785 
149 785 
242 785 
463 785 
465 785 
1 786 
26 786 
52 786 
76 786 
151 786 
286 786 
5 787 
74 787 
121 787 
165 787 
188 787 
628 787 
14 788 
127 788 
273 788 
326 788 
361 788 
770 788 
13 789 
33 789 
58 789 
348 789 
378 789 
547 789 
6 790 
59 790 
170 790 
175 790 
233 790 
629 790 
13 791 
33 791 
35 791 
56 791 
91 791 
426 791 
64 792 
68 792 
90 792 
115 792 
179 792 
187 792 
7 793 
155 793 
333 793 
433 793 
587 793 
602 793 
47 794 
104 794 
149 794 
355 794 
366 794 
710 794 
798 794 
40 795 
154 795 
494 795 
651 795 
729 795 
135 796 
163 796 
202 796 
521 796 
586 796 
701 796 
109 797 
138 797 
174 797 
319 797 
569 797 
668 797 
196 798 
272 798 
355 798 
595 798 
710 798 
794 798 
9 799 
15 799 
189 799 
317 799 
647 799 
672 799 
8 800 
14 800 
615 800 
663 800 
666 800 
697 800 
