2 1 
3 1 
4 1 
5 1 
6 1 
7 1 
8 1 
9 1 
11 1 
12 1 
14 1 
15 1 
18 1 
22 1 
25 1 
26 1 
28 1 
29 1 
34 1 
36 1 
37 1 
45 1 
46 1 
54 1 
68 1 
70 1 
74 1 
81 1 
89 1 
92 1 
101 1 
102 1 
104 1 
107 1 
114 1 
115 1 
119 1 
131 1 
136 1 
137 1 
138 1 
141 1 
145 1 
146 1 
156 1 
162 1 
186 1 
193 1 
201 1 
204 1 
215 1 
216 1 
219 1 
220 1 
225 1 
231 1 
232 1 
244 1 
247 1 
254 1 
269 1 
270 1 
284 1 
296 1 
302 1 
317 1 
320 1 
321 1 
337 1 
342 1 
350 1 
357 1 
384 1 
393 1 
395 1 
429 1 
432 1 
434 1 
454 1 
482 1 
496 1 
499 1 
509 1 
512 1 
546 1 
559 1 
563 1 
570 1 
582 1 
588 1 
589 1 
607 1 
646 1 
648 1 
686 1 
723 1 
725 1 
736 1 
742 1 
755 1 
757 1 
762 1 
778 1 
1 2 
3 2 
4 2 
5 2 
6 2 
7 2 
9 2 
10 2 
11 2 
12 2 
13 2 
17 2 
18 2 
24 2 
25 2 
29 2 
37 2 
38 2 
54 2 
65 2 
72 2 
76 2 
82 2 
96 2 
98 2 
99 2 
103 2 
117 2 
121 2 
130 2 
134 2 
144 2 
147 2 
169 2 
177 2 
180 2 
184 2 
190 2 
192 2 
193 2 
206 2 
218 2 
232 2 
239 2 
240 2 
254 2 
259 2 
262 2 
303 2 
308 2 
313 2 
319 2 
328 2 
331 2 
342 2 
348 2 
350 2 
355 2 
362 2 
368 2 
410 2 
413 2 
424 2 
455 2 
503 2 
508 2 
538 2 
567 2 
575 2 
580 2 
598 2 
605 2 
668 2 
677 2 
703 2 
717 2 
720 2 
741 2 
742 2 
759 2 
765 2 
1 3 
2 3 
4 3 
6 3 
8 3 
9 3 
10 3 
11 3 
12 3 
13 3 
14 3 
17 3 
19 3 
20 3 
22 3 
25 3 
33 3 
35 3 
43 3 
45 3 
48 3 
54 3 
64 3 
65 3 
68 3 
79 3 
91 3 
94 3 
97 3 
99 3 
100 3 
105 3 
117 3 
123 3 
127 3 
129 3 
135 3 
137 3 
140 3 
143 3 
144 3 
150 3 
152 3 
160 3 
169 3 
173 3 
183 3 
198 3 
201 3 
203 3 
207 3 
229 3 
237 3 
242 3 
256 3 
257 3 
274 3 
299 3 
315 3 
320 3 
363 3 
391 3 
408 3 
423 3 
435 3 
449 3 
456 3 
474 3 
501 3 
528 3 
534 3 
555 3 
574 3 
600 3 
609 3 
624 3 
650 3 
671 3 
680 3 
699 3 
703 3 
733 3 
780 3 
1 4 
2 4 
3 4 
5 4 
6 4 
7 4 
8 4 
9 4 
10 4 
11 4 
12 4 
13 4 
14 4 
16 4 
17 4 
19 4 
20 4 
21 4 
23 4 
24 4 
26 4 
27 4 
28 4 
30 4 
31 4 
32 4 
34 4 
35 4 
36 4 
38 4 
43 4 
44 4 
46 4 
49 4 
56 4 
61 4 
62 4 
63 4 
65 4 
67 4 
69 4 
72 4 
73 4 
75 4 
78 4 
79 4 
82 4 
83 4 
89 4 
90 4 
98 4 
106 4 
108 4 
110 4 
119 4 
120 4 
127 4 
132 4 
142 4 
144 4 
149 4 
155 4 
161 4 
169 4 
171 4 
172 4 
177 4 
178 4 
179 4 
181 4 
189 4 
191 4 
204 4 
207 4 
212 4 
218 4 
220 4 
227 4 
237 4 
243 4 
245 4 
247 4 
251 4 
252 4 
259 4 
264 4 
265 4 
266 4 
273 4 
277 4 
293 4 
294 4 
319 4 
323 4 
324 4 
338 4 
339 4 
341 4 
361 4 
366 4 
369 4 
381 4 
414 4 
421 4 
430 4 
438 4 
453 4 
461 4 
465 4 
470 4 
481 4 
510 4 
511 4 
524 4 
532 4 
535 4 
540 4 
560 4 
577 4 
578 4 
583 4 
592 4 
594 4 
595 4 
600 4 
602 4 
620 4 
627 4 
632 4 
635 4 
638 4 
684 4 
698 4 
701 4 
703 4 
707 4 
716 4 
722 4 
725 4 
726 4 
730 4 
754 4 
797 4 
1 5 
2 5 
4 5 
6 5 
9 5 
26 5 
32 5 
36 5 
46 5 
70 5 
72 5 
74 5 
78 5 
95 5 
98 5 
107 5 
113 5 
131 5 
149 5 
167 5 
185 5 
186 5 
191 5 
209 5 
214 5 
219 5 
225 5 
232 5 
238 5 
250 5 
262 5 
284 5 
287 5 
289 5 
292 5 
353 5 
356 5 
361 5 
364 5 
369 5 
370 5 
430 5 
452 5 
463 5 
495 5 
496 5 
520 5 
521 5 
535 5 
546 5 
549 5 
555 5 
562 5 
583 5 
588 5 
607 5 
636 5 
638 5 
670 5 
730 5 
742 5 
755 5 
759 5 
760 5 
1 6 
2 6 
3 6 
4 6 
5 6 
7 6 
8 6 
13 6 
14 6 
15 6 
32 6 
47 6 
48 6 
51 6 
53 6 
55 6 
57 6 
58 6 
60 6 
63 6 
79 6 
85 6 
95 6 
108 6 
111 6 
113 6 
116 6 
119 6 
122 6 
130 6 
155 6 
165 6 
174 6 
187 6 
211 6 
222 6 
225 6 
231 6 
233 6 
249 6 
253 6 
268 6 
269 6 
270 6 
302 6 
335 6 
360 6 
375 6 
394 6 
417 6 
449 6 
453 6 
472 6 
476 6 
488 6 
505 6 
532 6 
540 6 
556 6 
583 6 
585 6 
620 6 
652 6 
673 6 
674 6 
696 6 
724 6 
729 6 
730 6 
735 6 
738 6 
752 6 
761 6 
788 6 
1 7 
2 7 
4 7 
6 7 
8 7 
10 7 
27 7 
41 7 
51 7 
57 7 
60 7 
85 7 
89 7 
101 7 
103 7 
128 7 
149 7 
155 7 
159 7 
164 7 
174 7 
179 7 
191 7 
195 7 
227 7 
231 7 
233 7 
239 7 
326 7 
339 7 
364 7 
381 7 
398 7 
407 7 
415 7 
428 7 
457 7 
472 7 
494 7 
512 7 
522 7 
537 7 
544 7 
593 7 
677 7 
716 7 
717 7 
727 7 
767 7 
1 8 
3 8 
4 8 
6 8 
7 8 
13 8 
15 8 
18 8 
27 8 
28 8 
31 8 
32 8 
34 8 
39 8 
40 8 
41 8 
47 8 
50 8 
51 8 
53 8 
54 8 
59 8 
62 8 
63 8 
69 8 
73 8 
84 8 
86 8 
89 8 
91 8 
93 8 
94 8 
95 8 
96 8 
101 8 
106 8 
110 8 
112 8 
113 8 
119 8 
120 8 
121 8 
123 8 
128 8 
129 8 
143 8 
149 8 
170 8 
186 8 
205 8 
211 8 
223 8 
227 8 
235 8 
246 8 
253 8 
258 8 
268 8 
270 8 
283 8 
285 8 
300 8 
331 8 
334 8 
340 8 
346 8 
347 8 
374 8 
380 8 
382 8 
387 8 
396 8 
399 8 
401 8 
406 8 
407 8 
418 8 
421 8 
433 8 
437 8 
456 8 
461 8 
470 8 
488 8 
494 8 
500 8 
507 8 
515 8 
518 8 
523 8 
554 8 
566 8 
568 8 
569 8 
570 8 
574 8 
575 8 
601 8 
604 8 
608 8 
610 8 
614 8 
622 8 
626 8 
630 8 
634 8 
641 8 
643 8 
661 8 
669 8 
674 8 
705 8 
732 8 
760 8 
768 8 
772 8 
781 8 
800 8 
1 9 
2 9 
3 9 
4 9 
5 9 
11 9 
25 9 
26 9 
37 9 
65 9 
77 9 
91 9 
92 9 
96 9 
100 9 
102 9 
113 9 
117 9 
128 9 
134 9 
145 9 
150 9 
165 9 
217 9 
224 9 
237 9 
259 9 
262 9 
275 9 
276 9 
286 9 
290 9 
303 9 
309 9 
327 9 
328 9 
340 9 
348 9 
361 9 
364 9 
376 9 
389 9 
403 9 
410 9 
429 9 
430 9 
459 9 
463 9 
471 9 
489 9 
525 9 
572 9 
581 9 
589 9 
593 9 
597 9 
659 9 
712 9 
734 9 
736 9 
737 9 
787 9 
791 9 
800 9 
2 10 
3 10 
4 10 
7 10 
12 10 
13 10 
16 10 
17 10 
19 10 
20 10 
21 10 
23 10 
30 10 
31 10 
33 10 
41 10 
42 10 
44 10 
48 10 
50 10 
67 10 
69 10 
72 10 
77 10 
79 10 
80 10 
88 10 
93 10 
103 10 
110 10 
114 10 
122 10 
133 10 
164 10 
166 10 
173 10 
181 10 
187 10 
194 10 
197 10 
229 10 
240 10 
288 10 
299 10 
301 10 
303 10 
305 10 
314 10 
323 10 
326 10 
357 10 
386 10 
403 10 
408 10 
412 10 
413 10 
420 10 
445 10 
448 10 
450 10 
454 10 
479 10 
484 10 
499 10 
510 10 
513 10 
515 10 
516 10 
517 10 
518 10 
521 10 
534 10 
537 10 
538 10 
553 10 
586 10 
651 10 
671 10 
704 10 
733 10 
787 10 
795 10 
797 10 
799 10 
1 11 
2 11 
3 11 
4 11 
9 11 
20 11 
25 11 
140 11 
150 11 
203 11 
232 11 
262 11 
290 11 
361 11 
440 11 
464 11 
471 11 
560 11 
581 11 
595 11 
598 11 
627 11 
654 11 
1 12 
2 12 
3 12 
4 12 
10 12 
14 12 
15 12 
16 12 
19 12 
24 12 
26 12 
36 12 
44 12 
45 12 
68 12 
71 12 
74 12 
81 12 
104 12 
115 12 
201 12 
206 12 
230 12 
242 12 
247 12 
265 12 
273 12 
281 12 
306 12 
319 12 
413 12 
429 12 
485 12 
570 12 
642 12 
654 12 
700 12 
774 12 
775 12 
783 12 
2 13 
3 13 
4 13 
6 13 
8 13 
10 13 
14 13 
17 13 
18 13 
21 13 
22 13 
46 13 
47 13 
49 13 
52 13 
57 13 
68 13 
70 13 
82 13 
91 13 
93 13 
121 13 
139 13 
143 13 
147 13 
158 13 
163 13 
172 13 
180 13 
183 13 
204 13 
221 13 
235 13 
246 13 
258 13 
263 13 
273 13 
283 13 
295 13 
303 13 
307 13 
311 13 
324 13 
329 13 
332 13 
339 13 
376 13 
391 13 
404 13 
443 13 
460 13 
469 13 
487 13 
499 13 
504 13 
506 13 
533 13 
537 13 
550 13 
558 13 
621 13 
623 13 
643 13 
653 13 
655 13 
663 13 
673 13 
714 13 
729 13 
796 13 
1 14 
3 14 
4 14 
6 14 
12 14 
13 14 
15 14 
22 14 
26 14 
36 14 
45 14 
46 14 
48 14 
49 14 
52 14 
57 14 
61 14 
83 14 
84 14 
151 14 
156 14 
175 14 
180 14 
182 14 
199 14 
202 14 
212 14 
213 14 
221 14 
224 14 
243 14 
253 14 
260 14 
266 14 
267 14 
279 14 
291 14 
306 14 
325 14 
352 14 
358 14 
389 14 
391 14 
446 14 
460 14 
475 14 
555 14 
564 14 
569 14 
578 14 
648 14 
701 14 
707 14 
708 14 
717 14 
745 14 
766 14 
782 14 
1 15 
6 15 
8 15 
12 15 
14 15 
18 15 
22 15 
28 15 
29 15 
32 15 
38 15 
40 15 
53 15 
55 15 
58 15 
68 15 
90 15 
96 15 
104 15 
111 15 
116 15 
134 15 
190 15 
194 15 
215 15 
217 15 
222 15 
238 15 
248 15 
266 15 
281 15 
321 15 
342 15 
357 15 
378 15 
436 15 
512 15 
559 15 
568 15 
569 15 
576 15 
582 15 
603 15 
629 15 
642 15 
656 15 
667 15 
674 15 
695 15 
702 15 
718 15 
729 15 
769 15 
4 16 
10 16 
12 16 
21 16 
23 16 
44 16 
69 16 
71 16 
75 16 
77 16 
93 16 
111 16 
133 16 
151 16 
183 16 
204 16 
209 16 
221 16 
288 16 
290 16 
305 16 
354 16 
403 16 
420 16 
448 16 
454 16 
460 16 
471 16 
533 16 
540 16 
541 16 
577 16 
581 16 
585 16 
728 16 
770 16 
796 16 
2 17 
3 17 
4 17 
10 17 
13 17 
18 17 
19 17 
20 17 
29 17 
31 17 
33 17 
35 17 
38 17 
42 17 
43 17 
50 17 
56 17 
65 17 
94 17 
99 17 
108 17 
123 17 
148 17 
166 17 
172 17 
188 17 
189 17 
240 17 
250 17 
259 17 
265 17 
294 17 
330 17 
332 17 
335 17 
368 17 
402 17 
428 17 
431 17 
462 17 
490 17 
511 17 
517 17 
596 17 
629 17 
657 17 
665 17 
706 17 
776 17 
1 18 
2 18 
8 18 
13 18 
15 18 
17 18 
28 18 
29 18 
32 18 
34 18 
37 18 
51 18 
54 18 
59 18 
62 18 
71 18 
73 18 
76 18 
81 18 
82 18 
87 18 
90 18 
101 18 
109 18 
114 18 
118 18 
124 18 
125 18 
126 18 
148 18 
158 18 
177 18 
184 18 
205 18 
210 18 
217 18 
236 18 
243 18 
277 18 
297 18 
300 18 
308 18 
322 18 
332 18 
345 18 
349 18 
359 18 
367 18 
380 18 
395 18 
401 18 
412 18 
455 18 
469 18 
474 18 
479 18 
493 18 
497 18 
522 18 
530 18 
539 18 
558 18 
587 18 
628 18 
649 18 
699 18 
702 18 
709 18 
728 18 
745 18 
778 18 
3 19 
4 19 
10 19 
12 19 
17 19 
21 19 
23 19 
24 19 
27 19 
43 19 
53 19 
56 19 
59 19 
60 19 
82 19 
83 19 
120 19 
132 19 
138 19 
140 19 
164 19 
188 19 
207 19 
240 19 
251 19 
281 19 
294 19 
371 19 
379 19 
399 19 
400 19 
410 19 
434 19 
441 19 
480 19 
516 19 
527 19 
529 19 
601 19 
657 19 
750 19 
775 19 
3 20 
4 20 
10 20 
11 20 
17 20 
31 20 
33 20 
41 20 
66 20 
108 20 
140 20 
166 20 
198 20 
293 20 
301 20 
312 20 
320 20 
323 20 
324 20 
392 20 
428 20 
437 20 
440 20 
464 20 
534 20 
551 20 
595 20 
620 20 
684 20 
733 20 
4 21 
10 21 
13 21 
16 21 
19 21 
23 21 
27 21 
30 21 
93 21 
111 21 
133 21 
143 21 
164 21 
178 21 
181 21 
194 21 
242 21 
247 21 
354 21 
434 21 
452 21 
460 21 
499 21 
553 21 
586 21 
595 21 
714 21 
755 21 
1 22 
3 22 
13 22 
14 22 
15 22 
45 22 
46 22 
61 22 
68 22 
70 22 
97 22 
115 22 
117 22 
139 22 
142 22 
154 22 
173 22 
202 22 
266 22 
314 22 
321 22 
358 22 
384 22 
436 22 
440 22 
648 22 
713 22 
718 22 
782 22 
4 23 
10 23 
16 23 
19 23 
21 23 
27 23 
30 23 
33 23 
35 23 
60 23 
77 23 
83 23 
114 23 
122 23 
151 23 
152 23 
166 23 
200 23 
234 23 
242 23 
288 23 
310 23 
334 23 
351 23 
410 23 
450 23 
452 23 
461 23 
477 23 
515 23 
520 23 
545 23 
550 23 
566 23 
616 23 
623 23 
637 23 
700 23 
714 23 
721 23 
2 24 
4 24 
12 24 
19 24 
43 24 
53 24 
55 24 
61 24 
64 24 
138 24 
206 24 
216 24 
319 24 
438 24 
580 24 
601 24 
633 24 
654 24 
673 24 
758 24 
1 25 
2 25 
3 25 
9 25 
11 25 
37 25 
54 25 
65 25 
76 25 
77 25 
91 25 
105 25 
128 25 
193 25 
200 25 
203 25 
207 25 
217 25 
233 25 
275 25 
276 25 
285 25 
310 25 
311 25 
328 25 
333 25 
423 25 
424 25 
427 25 
430 25 
514 25 
519 25 
549 25 
611 25 
750 25 
754 25 
1 26 
4 26 
5 26 
9 26 
12 26 
14 26 
36 26 
49 26 
52 26 
83 26 
90 26 
92 26 
113 26 
131 26 
146 26 
158 26 
175 26 
182 26 
186 26 
199 26 
204 26 
208 26 
214 26 
245 26 
265 26 
284 26 
403 26 
499 26 
528 26 
562 26 
564 26 
688 26 
739 26 
783 26 
4 27 
7 27 
8 27 
19 27 
21 27 
23 27 
28 27 
41 27 
60 27 
67 27 
84 27 
102 27 
110 27 
140 27 
159 27 
179 27 
236 27 
242 27 
336 27 
434 27 
595 27 
606 27 
666 27 
687 27 
689 27 
700 27 
714 27 
740 27 
1 28 
4 28 
8 28 
15 28 
18 28 
27 28 
29 28 
31 28 
34 28 
38 28 
39 28 
67 28 
69 28 
84 28 
87 28 
102 28 
104 28 
136 28 
138 28 
141 28 
142 28 
217 28 
241 28 
252 28 
256 28 
292 28 
293 28 
336 28 
390 28 
398 28 
451 28 
455 28 
507 28 
552 28 
646 28 
786 28 
1 29 
2 29 
15 29 
17 29 
18 29 
28 29 
37 29 
38 29 
39 29 
71 29 
109 29 
130 29 
138 29 
139 29 
148 29 
157 29 
162 29 
192 29 
269 29 
316 29 
337 29 
342 29 
416 29 
455 29 
493 29 
507 29 
509 29 
558 29 
615 29 
771 29 
780 29 
793 29 
4 30 
10 30 
21 30 
23 30 
33 30 
35 30 
44 30 
48 30 
72 30 
79 30 
118 30 
170 30 
181 30 
210 30 
234 30 
264 30 
294 30 
330 30 
354 30 
365 30 
379 30 
450 30 
532 30 
551 30 
613 30 
623 30 
4 31 
8 31 
10 31 
17 31 
20 31 
28 31 
34 31 
39 31 
40 31 
41 31 
42 31 
58 31 
66 31 
69 31 
75 31 
80 31 
85 31 
88 31 
92 31 
97 31 
100 31 
142 31 
153 31 
166 31 
175 31 
186 31 
189 31 
208 31 
230 31 
241 31 
283 31 
293 31 
296 31 
312 31 
362 31 
383 31 
444 31 
517 31 
591 31 
636 31 
656 31 
660 31 
753 31 
756 31 
788 31 
4 32 
5 32 
6 32 
8 32 
15 32 
18 32 
40 32 
51 32 
62 32 
63 32 
86 32 
90 32 
95 32 
98 32 
118 32 
134 32 
157 32 
176 32 
184 32 
232 32 
238 32 
269 32 
271 32 
322 32 
343 32 
378 32 
396 32 
402 32 
411 32 
414 32 
433 32 
439 32 
452 32 
501 32 
526 32 
535 32 
545 32 
656 32 
667 32 
710 32 
721 32 
730 32 
752 32 
776 32 
3 33 
10 33 
17 33 
20 33 
23 33 
30 33 
35 33 
44 33 
64 33 
108 33 
114 33 
135 33 
170 33 
197 33 
198 33 
250 33 
259 33 
330 33 
335 33 
348 33 
356 33 
377 33 
397 33 
426 33 
437 33 
439 33 
442 33 
445 33 
477 33 
484 33 
493 33 
615 33 
671 33 
731 33 
783 33 
1 34 
4 34 
8 34 
18 34 
28 34 
31 34 
39 34 
40 34 
42 34 
50 34 
58 34 
62 34 
73 34 
78 34 
87 34 
112 34 
114 34 
136 34 
141 34 
153 34 
163 34 
171 34 
235 34 
258 34 
263 34 
270 34 
298 34 
315 34 
320 34 
322 34 
367 34 
372 34 
385 34 
397 34 
400 34 
412 34 
447 34 
517 34 
568 34 
599 34 
610 34 
641 34 
643 34 
679 34 
686 34 
691 34 
694 34 
763 34 
786 34 
3 35 
4 35 
17 35 
23 35 
30 35 
33 35 
43 35 
64 35 
99 35 
135 35 
160 35 
226 35 
234 35 
250 35 
265 35 
294 35 
298 35 
350 35 
365 35 
368 35 
381 35 
426 35 
451 35 
461 35 
519 35 
531 35 
602 35 
607 35 
615 35 
637 35 
648 35 
710 35 
1 36 
4 36 
5 36 
12 36 
14 36 
26 36 
74 36 
83 36 
89 36 
107 36 
119 36 
185 36 
208 36 
237 36 
296 36 
306 36 
466 36 
560 36 
688 36 
783 36 
1 37 
2 37 
9 37 
18 37 
25 37 
29 37 
71 37 
77 37 
102 37 
105 37 
106 37 
125 37 
130 37 
139 37 
165 37 
176 37 
184 37 
192 37 
193 37 
264 37 
280 37 
286 37 
297 37 
337 37 
383 37 
455 37 
618 37 
771 37 
798 37 
2 38 
4 38 
15 38 
17 38 
28 38 
29 38 
39 38 
104 38 
169 38 
238 38 
241 38 
342 38 
438 38 
592 38 
8 39 
28 39 
29 39 
31 39 
34 39 
38 39 
40 39 
42 39 
47 39 
50 39 
88 39 
94 39 
116 39 
124 39 
129 39 
186 39 
263 39 
298 39 
347 39 
349 39 
443 39 
455 39 
472 39 
645 39 
702 39 
781 39 
8 40 
15 40 
31 40 
32 40 
34 40 
39 40 
42 40 
47 40 
58 40 
66 40 
78 40 
86 40 
97 40 
112 40 
134 40 
153 40 
163 40 
167 40 
185 40 
248 40 
383 40 
396 40 
417 40 
547 40 
665 40 
7 41 
8 41 
10 41 
20 41 
27 41 
31 41 
66 41 
89 41 
110 41 
155 41 
159 41 
301 41 
324 41 
326 41 
437 41 
486 41 
495 41 
523 41 
619 41 
733 41 
772 41 
10 42 
17 42 
31 42 
34 42 
39 42 
40 42 
47 42 
50 42 
67 42 
80 42 
85 42 
86 42 
88 42 
112 42 
125 42 
175 42 
195 42 
230 42 
321 42 
357 42 
359 42 
362 42 
365 42 
448 42 
450 42 
462 42 
468 42 
582 42 
609 42 
645 42 
719 42 
727 42 
793 42 
3 43 
4 43 
17 43 
19 43 
24 43 
35 43 
53 43 
55 43 
56 43 
59 43 
61 43 
64 43 
87 43 
94 43 
99 43 
222 43 
226 43 
229 43 
251 43 
298 43 
467 43 
490 43 
618 43 
629 43 
630 43 
632 43 
633 43 
638 43 
685 43 
776 43 
798 43 
4 44 
10 44 
12 44 
16 44 
30 44 
33 44 
48 44 
71 44 
75 44 
118 44 
133 44 
150 44 
168 44 
170 44 
197 44 
279 44 
290 44 
348 44 
356 44 
483 44 
541 44 
723 44 
731 44 
770 44 
787 44 
1 45 
3 45 
12 45 
14 45 
22 45 
104 45 
107 45 
137 45 
141 45 
201 45 
230 45 
435 45 
485 45 
531 45 
603 45 
1 46 
4 46 
5 46 
13 46 
14 46 
22 46 
49 46 
61 46 
70 46 
84 46 
115 46 
136 46 
205 46 
219 46 
273 46 
279 46 
283 46 
287 46 
369 46 
393 46 
440 46 
480 46 
492 46 
504 46 
576 46 
676 46 
715 46 
6 47 
8 47 
13 47 
39 47 
40 47 
42 47 
86 47 
88 47 
91 47 
116 47 
124 47 
185 47 
231 47 
263 47 
456 47 
505 47 
550 47 
609 47 
617 47 
640 47 
673 47 
735 47 
772 47 
3 48 
6 48 
10 48 
14 48 
30 48 
44 48 
72 48 
118 48 
173 48 
187 48 
253 48 
279 48 
301 48 
391 48 
509 48 
521 48 
680 48 
704 48 
723 48 
753 48 
787 48 
4 49 
13 49 
14 49 
26 49 
46 49 
52 49 
84 49 
90 49 
151 49 
161 49 
212 49 
214 49 
224 49 
244 49 
245 49 
267 49 
273 49 
275 49 
318 49 
323 49 
351 49 
360 49 
371 49 
394 49 
413 49 
470 49 
536 49 
558 49 
594 49 
667 49 
676 49 
701 49 
711 49 
759 49 
779 49 
789 49 
8 50 
10 50 
17 50 
34 50 
39 50 
42 50 
67 50 
94 50 
263 50 
321 50 
443 50 
462 50 
472 50 
542 50 
641 50 
643 50 
669 50 
676 50 
702 50 
6 51 
7 51 
8 51 
18 51 
32 51 
57 51 
62 51 
73 51 
76 51 
86 51 
113 51 
128 51 
174 51 
176 51 
271 51 
277 51 
326 51 
336 51 
406 51 
407 51 
414 51 
461 51 
470 51 
476 51 
489 51 
628 51 
630 51 
658 51 
784 51 
13 52 
14 52 
26 52 
49 52 
57 52 
175 52 
199 52 
212 52 
224 52 
291 52 
347 52 
352 52 
389 52 
502 52 
558 52 
621 52 
667 52 
717 52 
759 52 
763 52 
6 53 
8 53 
15 53 
19 53 
24 53 
43 53 
55 53 
56 53 
87 53 
96 53 
138 53 
146 53 
188 53 
216 53 
249 53 
280 53 
304 53 
388 53 
467 53 
490 53 
738 53 
1 54 
2 54 
3 54 
8 54 
18 54 
25 54 
59 54 
63 54 
76 54 
81 54 
99 54 
135 54 
168 54 
190 54 
196 54 
207 54 
233 54 
255 54 
257 54 
286 54 
311 54 
313 54 
319 54 
327 54 
333 54 
341 54 
378 54 
409 54 
425 54 
465 54 
468 54 
500 54 
514 54 
527 54 
562 54 
570 54 
588 54 
610 54 
628 54 
678 54 
680 54 
683 54 
697 54 
712 54 
725 54 
738 54 
770 54 
778 54 
6 55 
15 55 
24 55 
43 55 
53 55 
58 55 
87 55 
146 55 
187 55 
194 55 
216 55 
251 55 
255 55 
274 55 
280 55 
282 55 
304 55 
325 55 
369 55 
372 55 
422 55 
457 55 
462 55 
475 55 
524 55 
612 55 
633 55 
673 55 
724 55 
4 56 
17 56 
19 56 
43 56 
53 56 
59 56 
82 56 
132 56 
188 56 
222 56 
227 56 
281 56 
371 56 
425 56 
527 56 
605 56 
775 56 
6 57 
7 57 
13 57 
14 57 
51 57 
52 57 
60 57 
180 57 
191 57 
199 57 
212 57 
213 57 
220 57 
260 57 
306 57 
326 57 
347 57 
407 57 
415 57 
443 57 
476 57 
537 57 
577 57 
621 57 
627 57 
631 57 
687 57 
692 57 
724 57 
757 57 
6 58 
15 58 
31 58 
34 58 
40 58 
55 58 
66 58 
75 58 
78 58 
80 58 
111 58 
167 58 
187 58 
190 58 
194 58 
213 58 
215 58 
225 58 
255 58 
308 58 
332 58 
394 58 
411 58 
453 58 
457 58 
478 58 
505 58 
517 58 
532 58 
591 58 
599 58 
617 58 
644 58 
651 58 
672 58 
715 58 
752 58 
761 58 
796 58 
8 59 
18 59 
19 59 
43 59 
54 59 
56 59 
63 59 
121 59 
132 59 
171 59 
205 59 
222 59 
226 59 
282 59 
480 59 
566 59 
569 59 
604 59 
608 59 
746 59 
6 60 
7 60 
19 60 
23 60 
27 60 
57 60 
85 60 
140 60 
191 60 
195 60 
198 60 
220 60 
302 60 
367 60 
390 60 
399 60 
552 60 
565 60 
606 60 
687 60 
714 60 
740 60 
777 60 
4 61 
14 61 
22 61 
24 61 
43 61 
46 61 
64 61 
202 61 
279 61 
325 61 
438 61 
476 61 
480 61 
618 61 
630 61 
764 61 
4 62 
8 62 
18 62 
32 62 
34 62 
51 62 
73 62 
106 62 
118 62 
148 62 
161 62 
235 62 
236 62 
258 62 
261 62 
271 62 
277 62 
315 62 
385 62 
406 62 
489 62 
539 62 
545 62 
644 62 
657 62 
709 62 
731 62 
4 63 
6 63 
8 63 
32 63 
54 63 
59 63 
108 63 
121 63 
165 63 
171 63 
179 63 
189 63 
269 63 
282 63 
343 63 
501 63 
580 63 
601 63 
610 63 
722 63 
769 63 
3 64 
24 64 
33 64 
35 64 
43 64 
61 64 
135 64 
160 64 
226 64 
493 64 
567 64 
630 64 
732 64 
765 64 
2 65 
3 65 
4 65 
9 65 
17 65 
25 65 
96 65 
127 65 
193 65 
217 65 
299 65 
368 65 
370 65 
423 65 
424 65 
427 65 
442 65 
465 65 
525 65 
597 65 
754 65 
20 66 
31 66 
40 66 
41 66 
58 66 
75 66 
80 66 
97 66 
126 66 
154 66 
160 66 
293 66 
312 66 
324 66 
358 66 
392 66 
396 66 
411 66 
453 66 
644 66 
665 66 
684 66 
756 66 
4 67 
10 67 
27 67 
28 67 
42 67 
50 67 
102 67 
236 67 
293 67 
321 67 
392 67 
448 67 
689 67 
719 67 
725 67 
1 68 
3 68 
12 68 
13 68 
15 68 
22 68 
74 68 
81 68 
97 68 
139 68 
163 68 
215 68 
228 68 
261 68 
272 68 
281 68 
314 68 
352 68 
353 68 
429 68 
436 68 
478 68 
484 68 
512 68 
573 68 
582 68 
587 68 
695 68 
729 68 
795 68 
4 69 
8 69 
10 69 
16 69 
28 69 
31 69 
110 69 
283 69 
288 69 
312 69 
529 69 
540 69 
1 70 
5 70 
13 70 
22 70 
46 70 
115 70 
131 70 
136 70 
142 70 
205 70 
219 70 
244 70 
254 70 
262 70 
287 70 
292 70 
317 70 
345 70 
353 70 
492 70 
504 70 
511 70 
546 70 
563 70 
584 70 
614 70 
621 70 
715 70 
757 70 
760 70 
12 71 
16 71 
18 71 
29 71 
37 71 
44 71 
109 71 
125 71 
133 71 
150 71 
157 71 
176 71 
209 71 
211 71 
316 71 
359 71 
401 71 
483 71 
536 71 
682 71 
693 71 
771 71 
790 71 
2 72 
4 72 
5 72 
10 72 
30 72 
48 72 
79 72 
98 72 
132 72 
147 72 
149 72 
167 72 
172 72 
173 72 
178 72 
181 72 
182 72 
197 72 
210 72 
239 72 
299 72 
304 72 
385 72 
466 72 
485 72 
503 72 
535 72 
590 72 
619 72 
634 72 
666 72 
759 72 
4 73 
8 73 
18 73 
34 73 
51 73 
62 73 
76 73 
109 73 
124 73 
161 73 
171 73 
235 73 
277 73 
346 73 
397 73 
401 73 
539 73 
564 73 
589 73 
602 73 
649 73 
657 73 
686 73 
699 73 
706 73 
743 73 
784 73 
1 74 
5 74 
12 74 
36 74 
68 74 
81 74 
215 74 
228 74 
261 74 
587 74 
588 74 
4 75 
16 75 
31 75 
44 75 
58 75 
66 75 
80 75 
92 75 
126 75 
154 75 
290 75 
419 75 
426 75 
444 75 
543 75 
571 75 
581 75 
591 75 
635 75 
656 75 
690 75 
788 75 
2 76 
18 76 
25 76 
51 76 
54 76 
73 76 
109 76 
210 76 
300 76 
311 76 
313 76 
328 76 
331 76 
395 76 
698 76 
784 76 
9 77 
10 77 
16 77 
23 77 
25 77 
37 77 
105 77 
106 77 
151 77 
166 77 
183 77 
196 77 
200 77 
203 77 
303 77 
317 77 
351 77 
366 77 
408 77 
420 77 
471 77 
487 77 
545 77 
639 77 
4 78 
5 78 
34 78 
40 78 
58 78 
107 78 
163 78 
167 78 
213 78 
417 78 
560 78 
579 78 
599 78 
610 78 
625 78 
638 78 
715 78 
3 79 
4 79 
6 79 
10 79 
30 79 
72 79 
210 79 
379 79 
408 79 
449 79 
453 79 
474 79 
797 79 
10 80 
31 80 
42 80 
58 80 
66 80 
75 80 
85 80 
88 80 
100 80 
103 80 
125 80 
126 80 
160 80 
357 80 
358 80 
411 80 
419 80 
426 80 
479 80 
543 80 
582 80 
705 80 
1 81 
12 81 
18 81 
54 81 
68 81 
74 81 
101 81 
261 81 
429 81 
570 81 
700 81 
725 81 
2 82 
4 82 
13 82 
18 82 
19 82 
56 82 
120 82 
121 82 
147 82 
227 82 
281 82 
295 82 
308 82 
345 82 
425 82 
491 82 
506 82 
516 82 
529 82 
565 82 
567 82 
652 82 
653 82 
709 82 
716 82 
741 82 
4 83 
14 83 
19 83 
23 83 
26 83 
36 83 
207 83 
208 83 
410 83 
8 84 
14 84 
27 84 
28 84 
46 84 
49 84 
151 84 
161 84 
416 84 
460 84 
536 84 
697 84 
767 84 
6 85 
7 85 
31 85 
42 85 
60 85 
80 85 
100 85 
103 85 
125 85 
153 85 
159 85 
175 85 
195 85 
198 85 
302 85 
359 85 
364 85 
365 85 
367 85 
390 85 
398 85 
491 85 
590 85 
718 85 
766 85 
8 86 
32 86 
40 86 
42 86 
47 86 
51 86 
95 86 
112 86 
157 86 
176 86 
185 86 
336 86 
343 86 
407 86 
477 86 
597 86 
609 86 
617 86 
708 86 
18 87 
28 87 
34 87 
43 87 
53 87 
55 87 
146 87 
188 87 
251 87 
322 87 
325 87 
344 87 
372 87 
374 87 
377 87 
421 87 
462 87 
467 87 
475 87 
544 87 
579 87 
786 87 
10 88 
31 88 
39 88 
42 88 
47 88 
80 88 
116 88 
349 88 
505 88 
645 88 
1 89 
4 89 
7 89 
8 89 
36 89 
41 89 
101 89 
119 89 
123 89 
127 89 
155 89 
202 89 
206 89 
218 89 
220 89 
237 89 
245 89 
399 89 
418 89 
446 89 
466 89 
495 89 
523 89 
593 89 
767 89 
4 90 
15 90 
18 90 
26 90 
32 90 
49 90 
184 90 
214 90 
243 90 
275 90 
323 90 
371 90 
378 90 
557 90 
702 90 
3 91 
8 91 
9 91 
13 91 
25 91 
47 91 
93 91 
100 91 
105 91 
170 91 
263 91 
276 91 
295 91 
339 91 
404 91 
424 91 
430 91 
456 91 
489 91 
494 91 
572 91 
616 91 
659 91 
772 91 
1 92 
9 92 
26 92 
31 92 
75 92 
145 92 
146 92 
154 92 
158 92 
162 92 
307 92 
382 92 
444 92 
542 92 
593 92 
635 92 
641 92 
650 92 
690 92 
704 92 
8 93 
10 93 
13 93 
16 93 
21 93 
91 93 
111 93 
133 93 
143 93 
170 93 
178 93 
235 93 
295 93 
305 93 
339 93 
412 93 
424 93 
500 93 
510 93 
533 93 
575 93 
623 93 
671 93 
3 94 
8 94 
17 94 
39 94 
43 94 
50 94 
123 94 
129 94 
229 94 
300 94 
346 94 
402 94 
443 94 
542 94 
574 94 
596 94 
669 94 
5 95 
6 95 
8 95 
32 95 
86 95 
98 95 
112 95 
157 95 
209 95 
246 95 
271 95 
322 95 
373 95 
411 95 
439 95 
526 95 
597 95 
752 95 
794 95 
2 96 
8 96 
9 96 
15 96 
53 96 
65 96 
117 96 
193 96 
597 96 
674 96 
3 97 
22 97 
31 97 
40 97 
66 97 
68 97 
117 97 
129 97 
154 97 
169 97 
314 97 
383 97 
396 97 
419 97 
484 97 
547 97 
573 97 
660 97 
713 97 
726 97 
746 97 
756 97 
2 98 
4 98 
5 98 
32 98 
72 98 
95 98 
132 98 
144 98 
147 98 
182 98 
209 98 
218 98 
232 98 
254 98 
271 98 
313 98 
373 98 
402 98 
458 98 
485 98 
498 98 
530 98 
594 98 
612 98 
631 98 
742 98 
754 98 
794 98 
2 99 
3 99 
17 99 
35 99 
43 99 
54 99 
135 99 
144 99 
168 99 
190 99 
196 99 
240 99 
286 99 
298 99 
355 99 
368 99 
431 99 
456 99 
473 99 
490 99 
508 99 
629 99 
798 99 
3 100 
9 100 
31 100 
80 100 
85 100 
91 100 
153 100 
159 100 
208 100 
237 100 
276 100 
389 100 
491 100 
659 100 
792 100 
1 101 
7 101 
8 101 
18 101 
81 101 
89 101 
123 101 
127 101 
202 101 
206 101 
216 101 
278 101 
340 101 
539 101 
593 101 
707 101 
1 102 
9 102 
27 102 
28 102 
37 102 
67 102 
165 102 
192 102 
236 102 
336 102 
392 102 
429 102 
451 102 
666 102 
2 103 
7 103 
10 103 
80 103 
85 103 
159 103 
537 103 
717 103 
1 104 
12 104 
15 104 
28 104 
38 104 
45 104 
107 104 
115 104 
145 104 
238 104 
241 104 
287 104 
387 104 
485 104 
531 104 
568 104 
603 104 
683 104 
3 105 
25 105 
37 105 
77 105 
91 105 
106 105 
196 105 
200 105 
317 105 
383 105 
639 105 
4 106 
8 106 
37 106 
62 106 
77 106 
105 106 
196 106 
383 106 
421 106 
618 106 
1 107 
5 107 
36 107 
45 107 
78 107 
104 107 
141 107 
145 107 
185 107 
214 107 
370 107 
531 107 
4 108 
6 108 
17 108 
20 108 
33 108 
63 108 
165 108 
189 108 
259 108 
335 108 
377 108 
428 108 
437 108 
583 108 
665 108 
698 108 
726 108 
769 108 
18 109 
29 109 
71 109 
73 109 
76 109 
124 109 
126 109 
157 109 
177 109 
210 109 
291 109 
346 109 
401 109 
420 109 
493 109 
548 109 
653 109 
682 109 
728 109 
4 110 
8 110 
10 110 
27 110 
41 110 
69 110 
437 110 
486 110 
6 111 
15 111 
16 111 
21 111 
58 111 
93 111 
116 111 
122 111 
130 111 
143 111 
156 111 
190 111 
234 111 
297 111 
338 111 
405 111 
432 111 
473 111 
533 111 
556 111 
626 111 
651 111 
689 111 
690 111 
751 111 
755 111 
785 111 
796 111 
8 112 
34 112 
40 112 
42 112 
86 112 
95 112 
153 112 
400 112 
526 112 
763 112 
5 113 
6 113 
8 113 
9 113 
26 113 
51 113 
131 113 
356 113 
364 113 
403 113 
528 113 
736 113 
739 113 
800 113 
1 114 
10 114 
18 114 
23 114 
33 114 
34 114 
122 114 
152 114 
223 114 
270 114 
778 114 
1 115 
12 115 
22 115 
46 115 
70 115 
104 115 
142 115 
219 115 
247 115 
345 115 
434 115 
440 115 
511 115 
736 115 
6 116 
15 116 
39 116 
47 116 
88 116 
111 116 
122 116 
124 116 
156 116 
222 116 
231 116 
297 116 
349 116 
498 116 
505 116 
603 116 
2 117 
3 117 
9 117 
22 117 
96 117 
97 117 
129 117 
134 117 
137 117 
152 117 
154 117 
173 117 
272 117 
329 117 
384 117 
415 117 
458 117 
488 117 
496 117 
502 117 
573 117 
613 117 
655 117 
726 117 
746 117 
18 118 
30 118 
32 118 
44 118 
48 118 
62 118 
148 118 
279 118 
301 118 
545 118 
731 118 
753 118 
1 119 
4 119 
6 119 
8 119 
36 119 
89 119 
120 119 
253 119 
296 119 
302 119 
366 119 
375 119 
449 119 
466 119 
554 119 
559 119 
572 119 
620 119 
4 120 
8 120 
19 120 
82 120 
119 120 
366 120 
516 120 
565 120 
716 120 
2 121 
8 121 
13 121 
59 121 
63 121 
82 121 
147 121 
171 121 
179 121 
180 121 
246 121 
497 121 
569 121 
601 121 
720 121 
760 121 
786 121 
6 122 
10 122 
23 122 
111 122 
114 122 
116 122 
130 122 
152 122 
156 122 
223 122 
288 122 
338 122 
360 122 
515 122 
616 122 
689 122 
756 122 
785 122 
3 123 
8 123 
17 123 
89 123 
94 123 
101 123 
127 123 
340 123 
399 123 
402 123 
518 123 
574 123 
18 124 
39 124 
47 124 
73 124 
109 124 
116 124 
126 124 
231 124 
380 124 
564 124 
18 125 
37 125 
42 125 
71 125 
80 125 
85 125 
195 125 
211 125 
264 125 
297 125 
309 125 
318 125 
359 125 
474 125 
479 125 
497 125 
18 126 
66 126 
75 126 
80 126 
109 126 
124 126 
160 126 
177 126 
291 126 
380 126 
419 126 
469 126 
548 126 
645 126 
649 126 
705 126 
761 126 
794 126 
3 127 
4 127 
65 127 
89 127 
101 127 
123 127 
202 127 
299 127 
465 127 
7 128 
8 128 
9 128 
25 128 
51 128 
149 128 
164 128 
239 128 
276 128 
374 128 
471 128 
481 128 
3 129 
8 129 
39 129 
94 129 
97 129 
117 129 
137 129 
169 129 
272 129 
278 129 
300 129 
333 129 
347 129 
382 129 
384 129 
393 129 
415 129 
419 129 
486 129 
508 129 
554 129 
573 129 
694 129 
2 130 
6 130 
29 130 
37 130 
111 130 
122 130 
139 130 
162 130 
174 130 
184 130 
192 130 
234 130 
338 130 
360 130 
416 130 
432 130 
445 130 
575 130 
626 130 
690 130 
1 131 
5 131 
26 131 
70 131 
113 131 
244 131 
262 131 
284 131 
356 131 
431 131 
562 131 
664 131 
739 131 
4 132 
19 132 
56 132 
59 132 
72 132 
98 132 
144 132 
172 132 
182 132 
252 132 
341 132 
385 132 
480 132 
600 132 
746 132 
10 133 
16 133 
21 133 
44 133 
71 133 
93 133 
150 133 
168 133 
178 133 
194 133 
209 133 
316 133 
541 133 
797 133 
2 134 
9 134 
15 134 
32 134 
40 134 
117 134 
248 134 
410 134 
576 134 
656 134 
677 134 
721 134 
3 135 
33 135 
35 135 
54 135 
64 135 
99 135 
168 135 
255 135 
257 135 
456 135 
493 135 
500 135 
527 135 
556 135 
678 135 
732 135 
1 136 
28 136 
34 136 
46 136 
70 136 
141 136 
205 136 
254 136 
292 136 
320 136 
390 136 
393 136 
398 136 
504 136 
546 136 
561 136 
576 136 
646 136 
661 136 
1 137 
3 137 
45 137 
117 137 
129 137 
152 137 
256 137 
272 137 
278 137 
329 137 
333 137 
373 137 
393 137 
444 137 
496 137 
508 137 
554 137 
744 137 
1 138 
19 138 
24 138 
28 138 
29 138 
53 138 
269 138 
601 138 
13 139 
22 139 
29 139 
37 139 
68 139 
130 139 
162 139 
163 139 
316 139 
337 139 
352 139 
353 139 
436 139 
591 139 
3 140 
11 140 
19 140 
20 140 
27 140 
60 140 
203 140 
320 140 
399 140 
440 140 
560 140 
600 140 
606 140 
699 140 
1 141 
28 141 
34 141 
45 141 
107 141 
136 141 
292 141 
552 141 
661 141 
4 142 
22 142 
28 142 
31 142 
70 142 
115 142 
241 142 
252 142 
256 142 
338 142 
345 142 
414 142 
503 142 
3 143 
8 143 
13 143 
21 143 
93 143 
111 143 
183 143 
257 143 
258 143 
268 143 
609 143 
632 143 
643 143 
755 143 
799 143 
2 144 
3 144 
4 144 
98 144 
99 144 
132 144 
240 144 
252 144 
594 144 
605 144 
668 144 
1 145 
9 145 
92 145 
104 145 
107 145 
162 145 
201 145 
224 145 
289 145 
307 145 
309 145 
337 145 
427 145 
454 145 
459 145 
593 145 
650 145 
695 145 
1 146 
26 146 
53 146 
55 146 
87 146 
92 146 
158 146 
188 146 
204 146 
249 146 
280 146 
282 146 
325 146 
344 146 
377 146 
382 146 
388 146 
405 146 
422 146 
542 146 
544 146 
625 146 
662 146 
686 146 
704 146 
785 146 
2 147 
13 147 
72 147 
82 147 
98 147 
121 147 
239 147 
254 147 
506 147 
652 147 
655 147 
17 148 
18 148 
29 148 
62 148 
118 148 
236 148 
261 148 
558 148 
615 148 
745 148 
780 148 
4 149 
5 149 
7 149 
8 149 
72 149 
128 149 
167 149 
191 149 
197 149 
227 149 
228 149 
239 149 
267 149 
285 149 
344 149 
374 149 
428 149 
457 149 
463 149 
467 149 
481 149 
584 149 
624 149 
661 149 
716 149 
789 149 
3 150 
9 150 
11 150 
44 150 
71 150 
133 150 
168 150 
290 150 
316 150 
483 150 
682 150 
14 151 
16 151 
23 151 
49 151 
77 151 
84 151 
161 151 
183 151 
244 151 
351 151 
416 151 
460 151 
550 151 
566 151 
639 151 
728 151 
3 152 
23 152 
114 152 
117 152 
122 152 
137 152 
223 152 
256 152 
288 152 
310 152 
315 152 
329 152 
744 152 
31 153 
34 153 
40 153 
85 153 
100 153 
112 153 
208 153 
400 153 
491 153 
718 153 
753 153 
22 154 
66 154 
75 154 
92 154 
97 154 
117 154 
635 154 
713 154 
726 154 
4 155 
6 155 
7 155 
41 155 
89 155 
233 155 
249 155 
381 155 
418 155 
435 155 
495 155 
510 155 
522 155 
544 155 
578 155 
647 155 
652 155 
675 155 
733 155 
758 155 
1 156 
14 156 
111 156 
116 156 
122 156 
243 156 
297 156 
498 156 
689 156 
756 156 
29 157 
32 157 
71 157 
86 157 
95 157 
109 157 
411 157 
597 157 
13 158 
18 158 
26 158 
92 158 
146 158 
295 158 
329 158 
345 158 
382 158 
391 158 
491 158 
530 158 
622 158 
7 159 
27 159 
41 159 
85 159 
100 159 
103 159 
3 160 
35 160 
64 160 
66 160 
80 160 
126 160 
226 160 
350 160 
358 160 
567 160 
648 160 
705 160 
710 160 
761 160 
4 161 
49 161 
62 161 
73 161 
84 161 
151 161 
244 161 
277 161 
318 161 
416 161 
536 161 
697 161 
743 161 
767 161 
1 162 
29 162 
92 162 
130 162 
139 162 
145 162 
307 162 
316 162 
13 163 
34 163 
40 163 
68 163 
78 163 
139 163 
352 163 
591 163 
610 163 
625 163 
679 163 
694 163 
7 164 
10 164 
19 164 
21 164 
128 164 
174 164 
586 164 
6 165 
9 165 
37 165 
63 165 
102 165 
108 165 
192 165 
280 165 
286 165 
335 165 
670 165 
769 165 
10 166 
17 166 
20 166 
23 166 
31 166 
77 166 
189 166 
200 166 
330 166 
408 166 
487 166 
5 167 
40 167 
58 167 
72 167 
78 167 
149 167 
197 167 
213 167 
228 167 
267 167 
304 167 
344 167 
388 167 
417 167 
467 167 
543 167 
579 167 
711 167 
719 167 
44 168 
54 168 
99 168 
133 168 
135 168 
150 168 
255 168 
286 168 
341 168 
378 168 
675 168 
683 168 
748 168 
2 169 
3 169 
4 169 
38 169 
97 169 
129 169 
177 169 
419 169 
592 169 
8 170 
30 170 
33 170 
44 170 
91 170 
93 170 
295 170 
305 170 
356 170 
616 170 
662 170 
681 170 
792 170 
4 171 
34 171 
59 171 
63 171 
73 171 
121 171 
179 171 
282 171 
497 171 
602 171 
686 171 
706 171 
722 171 
4 172 
13 172 
17 172 
72 172 
132 172 
178 172 
266 172 
363 172 
385 172 
511 172 
600 172 
634 172 
666 172 
3 173 
10 173 
22 173 
48 173 
72 173 
117 173 
181 173 
187 173 
229 173 
248 173 
314 173 
509 173 
516 173 
596 173 
6 174 
7 174 
51 174 
130 174 
164 174 
234 174 
405 174 
556 174 
751 174 
14 175 
26 175 
31 175 
42 175 
52 175 
85 175 
182 175 
199 175 
230 175 
260 175 
291 175 
502 175 
32 176 
37 176 
51 176 
71 176 
86 176 
211 176 
264 176 
309 176 
336 176 
343 176 
536 176 
708 176 
798 176 
2 177 
4 177 
18 177 
109 177 
126 177 
169 177 
291 177 
420 177 
469 177 
645 177 
794 177 
4 178 
21 178 
72 178 
93 178 
133 178 
172 178 
266 178 
363 178 
447 178 
535 178 
635 178 
4 179 
7 179 
27 179 
63 179 
121 179 
171 179 
339 179 
494 179 
497 179 
2 180 
13 180 
14 180 
57 180 
121 180 
199 180 
221 180 
246 180 
376 180 
443 180 
577 180 
692 180 
720 180 
737 180 
786 180 
4 181 
10 181 
21 181 
30 181 
72 181 
173 181 
229 181 
247 181 
248 181 
264 181 
299 181 
386 181 
466 181 
481 181 
513 181 
553 181 
596 181 
606 181 
701 181 
764 181 
14 182 
26 182 
72 182 
98 182 
132 182 
175 182 
260 182 
485 182 
530 182 
547 182 
564 182 
766 182 
3 183 
13 183 
16 183 
77 183 
143 183 
151 183 
257 183 
258 183 
268 183 
311 183 
423 183 
533 183 
624 183 
728 183 
771 183 
2 184 
18 184 
32 184 
37 184 
90 184 
130 184 
243 184 
557 184 
5 185 
36 185 
40 185 
47 185 
86 185 
107 185 
495 185 
617 185 
636 185 
1 186 
5 186 
8 186 
26 186 
31 186 
39 186 
296 186 
499 186 
546 186 
583 186 
6 187 
10 187 
48 187 
55 187 
58 187 
173 187 
225 187 
255 187 
274 187 
314 187 
369 187 
417 187 
509 187 
521 187 
534 187 
660 187 
668 187 
724 187 
752 187 
799 187 
17 188 
19 188 
53 188 
56 188 
87 188 
146 188 
249 188 
294 188 
344 188 
371 188 
379 188 
386 188 
400 188 
405 188 
441 188 
571 188 
747 188 
4 189 
17 189 
31 189 
63 189 
108 189 
166 189 
330 189 
698 189 
2 190 
15 190 
54 190 
58 190 
99 190 
111 190 
196 190 
319 190 
425 190 
473 190 
651 190 
765 190 
4 191 
5 191 
7 191 
57 191 
60 191 
149 191 
220 191 
361 191 
407 191 
520 191 
565 191 
727 191 
2 192 
29 192 
37 192 
102 192 
130 192 
165 192 
280 192 
416 192 
575 192 
670 192 
793 192 
1 193 
2 193 
25 193 
37 193 
65 193 
96 193 
368 193 
370 193 
525 193 
10 194 
15 194 
21 194 
55 194 
58 194 
133 194 
215 194 
308 194 
332 194 
482 194 
663 194 
797 194 
7 195 
42 195 
60 195 
85 195 
125 195 
198 195 
359 195 
364 195 
552 195 
590 195 
766 195 
54 196 
77 196 
99 196 
105 196 
106 196 
190 196 
317 196 
473 196 
10 197 
33 197 
44 197 
72 197 
149 197 
167 197 
228 197 
304 197 
348 197 
388 197 
422 197 
445 197 
590 197 
3 198 
20 198 
33 198 
60 198 
85 198 
195 198 
367 198 
397 198 
534 198 
552 198 
671 198 
14 199 
26 199 
52 199 
57 199 
175 199 
180 199 
213 199 
221 199 
260 199 
23 200 
25 200 
77 200 
105 200 
166 200 
545 200 
639 200 
1 201 
3 201 
12 201 
45 201 
145 201 
224 201 
230 201 
242 201 
274 201 
289 201 
327 201 
427 201 
435 201 
528 201 
561 201 
589 201 
723 201 
779 201 
14 202 
22 202 
61 202 
89 202 
101 202 
127 202 
206 202 
218 202 
278 202 
325 202 
358 202 
446 202 
475 202 
476 202 
781 202 
3 203 
11 203 
25 203 
77 203 
140 203 
275 203 
285 203 
303 203 
310 203 
328 203 
355 203 
366 203 
376 203 
409 203 
538 203 
549 203 
599 203 
600 203 
611 203 
650 203 
659 203 
737 203 
1 204 
4 204 
13 204 
16 204 
26 204 
146 204 
221 204 
284 204 
307 204 
324 204 
354 204 
448 204 
524 204 
577 204 
663 204 
686 204 
692 204 
735 204 
8 205 
18 205 
46 205 
59 205 
70 205 
136 205 
492 205 
566 205 
2 206 
12 206 
24 206 
89 206 
101 206 
202 206 
218 206 
278 206 
446 206 
580 206 
654 206 
3 207 
4 207 
19 207 
25 207 
54 207 
83 207 
233 207 
251 207 
409 207 
26 208 
31 208 
36 208 
83 208 
100 208 
153 208 
688 208 
739 208 
753 208 
5 209 
16 209 
71 209 
95 209 
98 209 
133 209 
18 210 
30 210 
72 210 
76 210 
79 210 
109 210 
300 210 
379 210 
587 210 
728 210 
6 211 
8 211 
71 211 
125 211 
176 211 
536 211 
738 211 
790 211 
4 212 
14 212 
49 212 
52 212 
57 212 
347 212 
389 212 
578 212 
594 212 
631 212 
701 212 
14 213 
57 213 
58 213 
78 213 
167 213 
199 213 
260 213 
306 213 
492 213 
633 213 
719 213 
5 214 
26 214 
49 214 
90 214 
107 214 
245 214 
275 214 
360 214 
370 214 
394 214 
413 214 
495 214 
548 214 
1 215 
15 215 
58 215 
68 215 
74 215 
194 215 
228 215 
272 215 
308 215 
478 215 
482 215 
573 215 
1 216 
24 216 
53 216 
55 216 
101 216 
539 216 
673 216 
707 216 
758 216 
9 217 
15 217 
18 217 
25 217 
28 217 
65 217 
423 217 
2 218 
4 218 
89 218 
98 218 
202 218 
206 218 
313 218 
446 218 
754 218 
1 219 
5 219 
46 219 
70 219 
115 219 
225 219 
250 219 
342 219 
362 219 
432 219 
459 219 
483 219 
511 219 
715 219 
747 219 
1 220 
4 220 
57 220 
60 220 
89 220 
191 220 
245 220 
565 220 
687 220 
777 220 
13 221 
14 221 
16 221 
180 221 
199 221 
204 221 
307 221 
354 221 
692 221 
784 221 
796 221 
6 222 
15 222 
43 222 
56 222 
59 222 
116 222 
226 222 
603 222 
8 223 
114 223 
122 223 
152 223 
246 223 
331 223 
526 223 
9 224 
14 224 
49 224 
52 224 
145 224 
201 224 
267 224 
309 224 
327 224 
352 224 
427 224 
561 224 
667 224 
1 225 
5 225 
6 225 
58 225 
187 225 
219 225 
250 225 
394 225 
417 225 
496 225 
660 225 
670 225 
747 225 
752 225 
35 226 
43 226 
59 226 
64 226 
160 226 
222 226 
350 226 
451 226 
567 226 
602 226 
4 227 
7 227 
8 227 
56 227 
82 227 
149 227 
285 227 
406 227 
428 227 
463 227 
68 228 
74 228 
149 228 
167 228 
197 228 
215 228 
267 228 
272 228 
388 228 
422 228 
543 228 
587 228 
679 228 
3 229 
10 229 
43 229 
94 229 
173 229 
181 229 
248 229 
513 229 
553 229 
606 229 
651 229 
764 229 
12 230 
31 230 
42 230 
45 230 
175 230 
201 230 
362 230 
1 231 
6 231 
7 231 
47 231 
116 231 
124 231 
512 231 
1 232 
2 232 
5 232 
11 232 
32 232 
98 232 
238 232 
289 232 
6 233 
7 233 
25 233 
54 233 
155 233 
207 233 
249 233 
333 233 
375 233 
409 233 
418 233 
435 233 
468 233 
472 233 
519 233 
522 233 
557 233 
604 233 
23 234 
30 234 
35 234 
111 234 
130 234 
174 234 
365 234 
405 234 
432 234 
473 234 
551 234 
592 234 
607 234 
623 234 
637 234 
8 235 
13 235 
34 235 
62 235 
73 235 
93 235 
315 235 
397 235 
447 235 
500 235 
539 235 
589 235 
649 235 
18 236 
27 236 
62 236 
67 236 
102 236 
148 236 
261 236 
392 236 
644 236 
689 236 
709 236 
782 236 
3 237 
4 237 
9 237 
36 237 
89 237 
100 237 
389 237 
792 237 
5 238 
15 238 
32 238 
38 238 
104 238 
232 238 
241 238 
287 238 
289 238 
387 238 
438 238 
452 238 
549 238 
568 238 
683 238 
776 238 
2 239 
7 239 
72 239 
128 239 
147 239 
149 239 
457 239 
503 239 
619 239 
2 240 
10 240 
17 240 
19 240 
99 240 
144 240 
517 240 
605 240 
657 240 
750 240 
795 240 
28 241 
31 241 
38 241 
104 241 
142 241 
238 241 
287 241 
438 241 
3 242 
12 242 
21 242 
23 242 
27 242 
201 242 
274 242 
452 242 
700 242 
4 243 
14 243 
18 243 
90 243 
156 243 
184 243 
557 243 
707 243 
722 243 
1 244 
49 244 
70 244 
131 244 
151 244 
161 244 
317 244 
318 244 
351 244 
395 244 
4 245 
26 245 
49 245 
89 245 
214 245 
220 245 
394 245 
548 245 
711 245 
8 246 
13 246 
95 246 
121 246 
180 246 
223 246 
331 246 
334 246 
376 246 
705 246 
737 246 
762 246 
786 246 
1 247 
4 247 
12 247 
21 247 
115 247 
181 247 
434 247 
481 247 
15 248 
40 248 
134 248 
173 248 
181 248 
229 248 
576 248 
596 248 
764 248 
6 249 
53 249 
146 249 
155 249 
188 249 
233 249 
375 249 
405 249 
418 249 
585 249 
637 249 
652 249 
730 249 
734 249 
748 249 
785 249 
788 249 
5 250 
17 250 
33 250 
35 250 
219 250 
225 250 
265 250 
426 250 
519 250 
706 250 
747 250 
4 251 
19 251 
43 251 
55 251 
87 251 
207 251 
462 251 
4 252 
28 252 
132 252 
142 252 
144 252 
256 252 
338 252 
341 252 
503 252 
6 253 
8 253 
14 253 
48 253 
119 253 
268 253 
375 253 
449 253 
540 253 
554 253 
1 254 
2 254 
70 254 
98 254 
136 254 
147 254 
504 254 
561 254 
563 254 
621 254 
742 254 
749 254 
751 254 
54 255 
55 255 
58 255 
135 255 
168 255 
187 255 
274 255 
341 255 
457 255 
524 255 
562 255 
617 255 
668 255 
675 255 
738 255 
3 256 
28 256 
137 256 
142 256 
152 256 
252 256 
315 256 
3 257 
54 257 
135 257 
143 257 
183 257 
268 257 
363 257 
423 257 
465 257 
500 257 
556 257 
609 257 
632 257 
680 257 
697 257 
712 257 
770 257 
771 257 
799 257 
8 258 
13 258 
34 258 
62 258 
143 258 
183 258 
311 258 
568 258 
2 259 
4 259 
9 259 
17 259 
33 259 
108 259 
335 259 
377 259 
439 259 
442 259 
464 259 
777 259 
783 259 
791 259 
14 260 
57 260 
175 260 
182 260 
199 260 
213 260 
306 260 
492 260 
633 260 
757 260 
62 261 
68 261 
74 261 
81 261 
148 261 
236 261 
644 261 
782 261 
2 262 
5 262 
9 262 
11 262 
70 262 
131 262 
284 262 
292 262 
348 262 
431 262 
525 262 
555 262 
598 262 
614 262 
664 262 
13 263 
34 263 
39 263 
47 263 
50 263 
91 263 
298 263 
404 263 
550 263 
640 263 
643 263 
772 263 
4 264 
30 264 
37 264 
125 264 
176 264 
181 264 
309 264 
318 264 
404 264 
541 264 
701 264 
798 264 
4 265 
12 265 
17 265 
26 265 
35 265 
250 265 
273 265 
519 265 
531 265 
706 265 
4 266 
14 266 
15 266 
22 266 
172 266 
178 266 
363 266 
436 266 
447 266 
569 266 
708 266 
782 266 
14 267 
49 267 
149 267 
167 267 
224 267 
228 267 
344 267 
543 267 
679 267 
789 267 
6 268 
8 268 
143 268 
183 268 
253 268 
257 268 
270 268 
380 268 
433 268 
540 268 
574 268 
732 268 
1 269 
6 269 
29 269 
32 269 
63 269 
138 269 
343 269 
509 269 
1 270 
6 270 
8 270 
34 270 
114 270 
268 270 
380 270 
387 270 
433 270 
441 270 
488 270 
586 270 
611 270 
626 270 
674 270 
696 270 
32 271 
51 271 
62 271 
95 271 
98 271 
322 271 
373 271 
402 271 
414 271 
458 271 
489 271 
498 271 
631 271 
710 271 
68 272 
117 272 
129 272 
137 272 
215 272 
228 272 
278 272 
373 272 
384 272 
478 272 
496 272 
502 272 
613 272 
655 272 
4 273 
12 273 
13 273 
46 273 
49 273 
265 273 
283 273 
487 273 
676 273 
3 274 
55 274 
187 274 
201 274 
242 274 
255 274 
369 274 
524 274 
668 274 
9 275 
25 275 
49 275 
90 275 
203 275 
214 275 
285 275 
360 275 
371 275 
599 275 
659 275 
9 276 
25 276 
91 276 
100 276 
128 276 
572 276 
659 276 
4 277 
18 277 
51 277 
62 277 
73 277 
161 277 
349 277 
406 277 
628 277 
658 277 
678 277 
743 277 
101 278 
129 278 
137 278 
202 278 
206 278 
272 278 
333 278 
373 278 
14 279 
44 279 
46 279 
48 279 
61 279 
118 279 
301 279 
480 279 
723 279 
764 279 
37 280 
53 280 
55 280 
146 280 
165 280 
192 280 
282 280 
304 280 
372 280 
388 280 
612 280 
662 280 
670 280 
12 281 
15 281 
19 281 
56 281 
68 281 
82 281 
425 281 
512 281 
529 281 
605 281 
642 281 
740 281 
774 281 
775 281 
55 282 
59 282 
63 282 
146 282 
171 282 
280 282 
422 282 
612 282 
662 282 
722 282 
8 283 
13 283 
31 283 
46 283 
69 283 
273 283 
312 283 
487 283 
504 283 
529 283 
636 283 
1 284 
5 284 
26 284 
131 284 
204 284 
262 284 
431 284 
8 285 
25 285 
149 285 
203 285 
227 285 
275 285 
310 285 
355 285 
406 285 
599 285 
661 285 
768 285 
9 286 
37 286 
54 286 
99 286 
165 286 
168 286 
683 286 
5 287 
46 287 
70 287 
104 287 
238 287 
241 287 
387 287 
10 288 
16 288 
23 288 
69 288 
122 288 
152 288 
310 288 
334 288 
721 288 
5 289 
145 289 
201 289 
232 289 
238 289 
337 289 
549 289 
723 289 
779 289 
9 290 
11 290 
16 290 
44 290 
75 290 
150 290 
581 290 
14 291 
52 291 
109 291 
126 291 
175 291 
177 291 
420 291 
469 291 
502 291 
548 291 
653 291 
5 292 
28 292 
70 292 
136 292 
141 292 
262 292 
353 292 
390 292 
552 292 
555 292 
614 292 
661 292 
4 293 
20 293 
28 293 
31 293 
66 293 
67 293 
312 293 
551 293 
725 293 
4 294 
17 294 
19 294 
30 294 
35 294 
188 294 
381 294 
400 294 
513 294 
532 294 
571 294 
13 295 
82 295 
91 295 
93 295 
158 295 
170 295 
305 295 
329 295 
616 295 
622 295 
662 295 
792 295 
1 296 
31 296 
36 296 
119 296 
186 296 
302 296 
18 297 
37 297 
111 297 
116 297 
125 297 
156 297 
474 297 
498 297 
522 297 
34 298 
35 298 
39 298 
43 298 
99 298 
263 298 
798 298 
3 299 
10 299 
65 299 
72 299 
127 299 
181 299 
386 299 
466 299 
8 300 
18 300 
76 300 
94 300 
129 300 
210 300 
346 300 
395 300 
587 300 
698 300 
741 300 
10 301 
20 301 
41 301 
48 301 
118 301 
279 301 
323 301 
326 301 
753 301 
1 302 
6 302 
60 302 
85 302 
119 302 
296 302 
559 302 
572 302 
2 303 
9 303 
10 303 
13 303 
77 303 
203 303 
328 303 
340 303 
366 303 
409 303 
538 303 
664 303 
53 304 
55 304 
72 304 
167 304 
197 304 
280 304 
372 304 
590 304 
10 305 
16 305 
93 305 
170 305 
295 305 
403 305 
412 305 
585 305 
662 305 
681 305 
12 306 
14 306 
36 306 
57 306 
213 306 
260 306 
492 306 
757 306 
13 307 
92 307 
145 307 
162 307 
204 307 
221 307 
650 307 
663 307 
692 307 
735 307 
784 307 
2 308 
18 308 
58 308 
82 308 
194 308 
215 308 
332 308 
478 308 
482 308 
506 308 
567 308 
663 308 
709 308 
9 309 
125 309 
145 309 
176 309 
224 309 
264 309 
318 309 
404 309 
459 309 
541 309 
695 309 
790 309 
23 310 
25 310 
152 310 
203 310 
285 310 
288 310 
334 310 
355 310 
520 310 
549 310 
608 310 
13 311 
25 311 
54 311 
76 311 
183 311 
258 311 
313 311 
327 311 
514 311 
533 311 
750 311 
20 312 
31 312 
66 312 
69 312 
283 312 
293 312 
392 312 
529 312 
551 312 
620 312 
636 312 
2 313 
54 313 
76 313 
98 313 
218 313 
311 313 
327 313 
10 314 
22 314 
68 314 
97 314 
173 314 
187 314 
484 314 
516 314 
534 314 
3 315 
34 315 
62 315 
152 315 
235 315 
256 315 
385 315 
29 316 
71 316 
133 316 
139 316 
150 316 
162 316 
1 317 
70 317 
77 317 
105 317 
196 317 
244 317 
395 317 
757 317 
49 318 
125 318 
161 318 
244 318 
264 318 
309 318 
351 318 
404 318 
2 319 
4 319 
12 319 
24 319 
54 319 
190 319 
425 319 
765 319 
1 320 
3 320 
20 320 
34 320 
136 320 
140 320 
1 321 
15 321 
22 321 
42 321 
50 321 
67 321 
357 321 
384 321 
482 321 
629 321 
646 321 
658 321 
713 321 
718 321 
744 321 
18 322 
32 322 
34 322 
87 322 
95 322 
271 322 
367 322 
372 322 
374 322 
439 322 
526 322 
4 323 
10 323 
20 323 
49 323 
90 323 
301 323 
470 323 
684 323 
4 324 
13 324 
20 324 
41 324 
66 324 
204 324 
524 324 
684 324 
14 325 
55 325 
61 325 
87 325 
146 325 
202 325 
377 325 
446 325 
476 325 
745 325 
781 325 
7 326 
10 326 
41 326 
51 326 
57 326 
301 326 
9 327 
54 327 
201 327 
224 327 
311 327 
313 327 
561 327 
2 328 
9 328 
25 328 
76 328 
203 328 
303 328 
331 328 
340 328 
376 328 
409 328 
538 328 
664 328 
720 328 
13 329 
117 329 
137 329 
152 329 
158 329 
295 329 
391 329 
622 329 
744 329 
17 330 
30 330 
33 330 
166 330 
189 330 
450 330 
477 330 
2 331 
8 331 
76 331 
223 331 
246 331 
328 331 
334 331 
614 331 
622 331 
762 331 
13 332 
17 332 
18 332 
58 332 
194 332 
308 332 
469 332 
478 332 
506 332 
514 332 
25 333 
54 333 
129 333 
137 333 
233 333 
278 333 
393 333 
444 333 
519 333 
8 334 
23 334 
246 334 
288 334 
310 334 
331 334 
520 334 
608 334 
614 334 
705 334 
721 334 
762 334 
6 335 
17 335 
33 335 
108 335 
165 335 
259 335 
439 335 
464 335 
27 336 
28 336 
51 336 
86 336 
102 336 
176 336 
451 336 
477 336 
666 336 
1 337 
29 337 
37 337 
139 337 
145 337 
289 337 
454 337 
4 338 
111 338 
122 338 
130 338 
142 338 
252 338 
414 338 
445 338 
503 338 
626 338 
4 339 
7 339 
13 339 
91 339 
93 339 
179 339 
424 339 
494 339 
623 339 
8 340 
9 340 
101 340 
123 340 
303 340 
328 340 
518 340 
664 340 
720 340 
4 341 
54 341 
132 341 
168 341 
252 341 
255 341 
378 341 
562 341 
675 341 
748 341 
1 342 
2 342 
15 342 
29 342 
38 342 
219 342 
350 342 
362 342 
432 342 
459 342 
483 342 
32 343 
63 343 
86 343 
176 343 
269 343 
477 343 
501 343 
580 343 
708 343 
87 344 
146 344 
149 344 
167 344 
188 344 
267 344 
467 344 
544 344 
584 344 
642 344 
669 344 
685 344 
711 344 
789 344 
18 345 
70 345 
82 345 
115 345 
142 345 
158 345 
491 345 
530 345 
8 346 
73 346 
94 346 
109 346 
300 346 
564 346 
8 347 
39 347 
52 347 
57 347 
129 347 
212 347 
382 347 
631 347 
634 347 
781 347 
2 348 
9 348 
33 348 
44 348 
197 348 
262 348 
525 348 
712 348 
731 348 
18 349 
39 349 
88 349 
116 349 
277 349 
1 350 
2 350 
35 350 
160 350 
226 350 
342 350 
451 350 
648 350 
23 351 
49 351 
77 351 
151 351 
244 351 
318 351 
550 351 
639 351 
14 352 
52 352 
68 352 
139 352 
163 352 
224 352 
353 352 
591 352 
5 353 
68 353 
70 353 
139 353 
292 353 
352 353 
436 353 
760 353 
16 354 
21 354 
30 354 
204 354 
221 354 
448 354 
553 354 
2 355 
99 355 
203 355 
285 355 
310 355 
508 355 
5 356 
33 356 
44 356 
113 356 
131 356 
170 356 
739 356 
1 357 
10 357 
15 357 
42 357 
80 357 
321 357 
450 357 
479 357 
482 357 
518 357 
582 357 
629 357 
713 357 
773 357 
14 358 
22 358 
66 358 
80 358 
160 358 
202 358 
18 359 
42 359 
71 359 
85 359 
125 359 
195 359 
365 359 
468 359 
766 359 
6 360 
49 360 
122 360 
130 360 
214 360 
275 360 
413 360 
4 361 
5 361 
9 361 
11 361 
191 361 
430 361 
520 361 
581 361 
598 361 
2 362 
31 362 
42 362 
219 362 
230 362 
342 362 
3 363 
172 363 
178 363 
257 363 
266 363 
447 363 
465 363 
5 364 
7 364 
9 364 
85 364 
113 364 
195 364 
398 364 
463 364 
521 364 
590 364 
787 364 
30 365 
35 365 
42 365 
85 365 
234 365 
359 365 
468 365 
607 365 
613 365 
640 365 
727 365 
4 366 
77 366 
119 366 
120 366 
203 366 
303 366 
18 367 
34 367 
60 367 
85 367 
198 367 
322 367 
390 367 
412 367 
2 368 
17 368 
35 368 
65 368 
99 368 
193 368 
370 368 
431 368 
442 368 
4 369 
5 369 
46 369 
55 369 
187 369 
274 369 
5 370 
65 370 
107 370 
193 370 
214 370 
368 370 
442 370 
525 370 
19 371 
49 371 
56 371 
90 371 
188 371 
275 371 
379 371 
386 371 
527 371 
34 372 
55 372 
87 372 
280 372 
304 372 
322 372 
374 372 
749 372 
95 373 
98 373 
137 373 
271 373 
272 373 
278 373 
458 373 
794 373 
8 374 
87 374 
128 374 
149 374 
322 374 
372 374 
421 374 
481 374 
579 374 
749 374 
6 375 
119 375 
233 375 
249 375 
253 375 
449 375 
585 375 
637 375 
9 376 
13 376 
180 376 
203 376 
246 376 
328 376 
737 376 
33 377 
87 377 
108 377 
146 377 
259 377 
325 377 
15 378 
32 378 
54 378 
90 378 
168 378 
341 378 
667 378 
748 378 
769 378 
19 379 
30 379 
79 379 
188 379 
210 379 
371 379 
386 379 
441 379 
747 379 
8 380 
18 380 
124 380 
126 380 
268 380 
270 380 
387 380 
441 380 
586 380 
611 380 
647 380 
649 380 
4 381 
7 381 
35 381 
155 381 
294 381 
510 381 
544 381 
578 381 
677 381 
8 382 
92 382 
129 382 
146 382 
158 382 
347 382 
542 382 
625 382 
634 382 
641 382 
672 382 
688 382 
773 382 
774 382 
800 382 
31 383 
37 383 
40 383 
97 383 
105 383 
106 383 
618 383 
660 383 
1 384 
22 384 
117 384 
129 384 
272 384 
321 384 
415 384 
458 384 
486 384 
646 384 
658 384 
34 385 
62 385 
72 385 
132 385 
172 385 
315 385 
634 385 
10 386 
181 386 
188 386 
299 386 
371 386 
379 386 
8 387 
104 387 
238 387 
270 387 
287 387 
380 387 
586 387 
626 387 
647 387 
683 387 
53 388 
146 388 
167 388 
197 388 
228 388 
280 388 
422 388 
9 389 
14 389 
52 389 
100 389 
212 389 
237 389 
717 389 
763 389 
28 390 
60 390 
85 390 
136 390 
292 390 
367 390 
398 390 
3 391 
13 391 
14 391 
48 391 
158 391 
329 391 
555 391 
680 391 
780 391 
20 392 
66 392 
67 392 
102 392 
236 392 
312 392 
620 392 
1 393 
46 393 
129 393 
136 393 
137 393 
333 393 
444 393 
508 393 
576 393 
6 394 
49 394 
58 394 
214 394 
225 394 
245 394 
505 394 
548 394 
711 394 
779 394 
1 395 
18 395 
76 395 
244 395 
300 395 
317 395 
698 395 
8 396 
32 396 
40 396 
66 396 
97 396 
433 396 
515 396 
547 396 
665 396 
696 396 
33 397 
34 397 
73 397 
198 397 
235 397 
447 397 
649 397 
691 397 
693 397 
7 398 
28 398 
85 398 
136 398 
364 398 
390 398 
646 398 
8 399 
19 399 
60 399 
89 399 
123 399 
140 399 
418 399 
507 399 
19 400 
34 400 
112 400 
153 400 
188 400 
294 400 
513 400 
571 400 
763 400 
8 401 
18 401 
71 401 
73 401 
109 401 
682 401 
699 401 
17 402 
32 402 
94 402 
98 402 
123 402 
271 402 
596 402 
631 402 
710 402 
9 403 
10 403 
16 403 
26 403 
113 403 
305 403 
528 403 
585 403 
736 403 
13 404 
91 404 
263 404 
264 404 
309 404 
318 404 
541 404 
111 405 
146 405 
174 405 
188 405 
234 405 
249 405 
473 405 
592 405 
785 405 
8 406 
51 406 
62 406 
227 406 
277 406 
285 406 
658 406 
678 406 
691 406 
768 406 
7 407 
8 407 
51 407 
57 407 
86 407 
191 407 
415 407 
461 407 
724 407 
727 407 
3 408 
10 408 
77 408 
79 408 
166 408 
487 408 
703 408 
54 409 
203 409 
207 409 
233 409 
303 409 
328 409 
468 409 
538 409 
557 409 
2 410 
9 410 
19 410 
23 410 
83 410 
134 410 
677 410 
32 411 
58 411 
66 411 
80 411 
95 411 
157 411 
453 411 
10 412 
18 412 
34 412 
93 412 
305 412 
367 412 
510 412 
2 413 
10 413 
12 413 
49 413 
214 413 
360 413 
4 414 
32 414 
51 414 
142 414 
271 414 
338 414 
7 415 
57 415 
117 415 
129 415 
384 415 
407 415 
458 415 
486 415 
488 415 
694 415 
724 415 
29 416 
84 416 
130 416 
151 416 
161 416 
192 416 
767 416 
793 416 
6 417 
40 417 
78 417 
167 417 
187 417 
225 417 
579 417 
660 417 
8 418 
89 418 
155 418 
233 418 
249 418 
399 418 
435 418 
507 418 
647 418 
75 419 
80 419 
97 419 
126 419 
129 419 
169 419 
426 419 
10 420 
16 420 
77 420 
109 420 
177 420 
291 420 
454 420 
471 420 
653 420 
4 421 
8 421 
87 421 
106 421 
374 421 
579 421 
749 421 
55 422 
146 422 
197 422 
228 422 
282 422 
388 422 
3 423 
25 423 
65 423 
183 423 
217 423 
257 423 
624 423 
754 423 
771 423 
2 424 
25 424 
65 424 
91 424 
93 424 
339 424 
427 424 
54 425 
56 425 
82 425 
190 425 
281 425 
319 425 
605 425 
33 426 
35 426 
75 426 
80 426 
250 426 
419 426 
543 426 
571 426 
615 426 
25 427 
65 427 
145 427 
201 427 
224 427 
424 427 
7 428 
17 428 
20 428 
108 428 
149 428 
227 428 
463 428 
624 428 
665 428 
716 428 
1 429 
9 429 
12 429 
68 429 
81 429 
102 429 
570 429 
4 430 
5 430 
9 430 
25 430 
91 430 
361 430 
489 430 
734 430 
791 430 
17 431 
99 431 
131 431 
262 431 
284 431 
368 431 
490 431 
664 431 
1 432 
111 432 
130 432 
219 432 
234 432 
342 432 
459 432 
690 432 
8 433 
32 433 
268 433 
270 433 
396 433 
441 433 
515 433 
523 433 
696 433 
1 434 
19 434 
21 434 
27 434 
115 434 
247 434 
595 434 
687 434 
736 434 
3 435 
45 435 
155 435 
201 435 
233 435 
418 435 
528 435 
647 435 
15 436 
22 436 
68 436 
139 436 
266 436 
353 436 
8 437 
20 437 
33 437 
41 437 
108 437 
110 437 
486 437 
772 437 
4 438 
24 438 
38 438 
61 438 
238 438 
241 438 
32 439 
33 439 
95 439 
259 439 
322 439 
335 439 
442 439 
464 439 
526 439 
768 439 
777 439 
11 440 
20 440 
22 440 
46 440 
115 440 
140 440 
464 440 
560 440 
19 441 
188 441 
270 441 
379 441 
380 441 
433 441 
611 441 
747 441 
33 442 
65 442 
259 442 
368 442 
370 442 
439 442 
768 442 
783 442 
791 442 
13 443 
39 443 
50 443 
57 443 
94 443 
180 443 
472 443 
537 443 
542 443 
577 443 
627 443 
676 443 
681 443 
31 444 
75 444 
92 444 
137 444 
333 444 
393 444 
690 444 
10 445 
33 445 
130 445 
197 445 
338 445 
484 445 
14 446 
89 446 
202 446 
206 446 
218 446 
325 446 
475 446 
745 446 
34 447 
178 447 
235 447 
266 447 
363 447 
397 447 
691 447 
693 447 
10 448 
16 448 
42 448 
67 448 
204 448 
354 448 
719 448 
3 449 
6 449 
79 449 
119 449 
253 449 
375 449 
474 449 
501 449 
10 450 
23 450 
30 450 
42 450 
330 450 
357 450 
518 450 
28 451 
35 451 
102 451 
226 451 
336 451 
350 451 
602 451 
5 452 
21 452 
23 452 
32 452 
238 452 
242 452 
535 452 
776 452 
4 453 
6 453 
58 453 
66 453 
79 453 
411 453 
644 453 
672 453 
797 453 
1 454 
10 454 
16 454 
145 454 
337 454 
420 454 
2 455 
18 455 
28 455 
29 455 
37 455 
39 455 
507 455 
3 456 
8 456 
47 456 
91 456 
99 456 
135 456 
494 456 
7 457 
55 457 
58 457 
149 457 
239 457 
255 457 
617 457 
98 458 
117 458 
271 458 
373 458 
384 458 
415 458 
488 458 
498 458 
9 459 
145 459 
219 459 
309 459 
342 459 
432 459 
483 459 
695 459 
790 459 
13 460 
14 460 
16 460 
21 460 
84 460 
151 460 
714 460 
4 461 
8 461 
23 461 
35 461 
51 461 
407 461 
470 461 
17 462 
42 462 
50 462 
55 462 
87 462 
251 462 
475 462 
5 463 
9 463 
149 463 
227 463 
364 463 
428 463 
521 463 
624 463 
787 463 
11 464 
20 464 
259 464 
335 464 
439 464 
440 464 
777 464 
4 465 
54 465 
65 465 
127 465 
257 465 
363 465 
697 465 
36 466 
72 466 
89 466 
119 466 
181 466 
299 466 
43 467 
53 467 
87 467 
149 467 
167 467 
344 467 
490 467 
584 467 
642 467 
711 467 
743 467 
42 468 
54 468 
233 468 
359 468 
365 468 
409 468 
557 468 
604 468 
727 468 
793 468 
13 469 
18 469 
126 469 
177 469 
291 469 
332 469 
645 469 
4 470 
8 470 
49 470 
51 470 
323 470 
461 470 
630 470 
684 470 
9 471 
11 471 
16 471 
77 471 
128 471 
420 471 
6 472 
7 472 
39 472 
50 472 
233 472 
443 472 
676 472 
681 472 
702 472 
99 473 
111 473 
190 473 
196 473 
234 473 
405 473 
592 473 
3 474 
18 474 
79 474 
125 474 
297 474 
449 474 
479 474 
501 474 
522 474 
14 475 
55 475 
87 475 
202 475 
446 475 
462 475 
6 476 
51 476 
57 476 
61 476 
202 476 
325 476 
781 476 
23 477 
33 477 
86 477 
330 477 
336 477 
343 477 
58 478 
68 478 
215 478 
272 478 
308 478 
332 478 
506 478 
514 478 
563 478 
573 478 
795 478 
10 479 
18 479 
80 479 
125 479 
357 479 
474 479 
497 479 
19 480 
46 480 
59 480 
61 480 
132 480 
279 480 
764 480 
4 481 
128 481 
149 481 
181 481 
247 481 
374 481 
1 482 
194 482 
215 482 
308 482 
321 482 
357 482 
663 482 
44 483 
71 483 
150 483 
219 483 
342 483 
459 483 
682 483 
693 483 
10 484 
33 484 
68 484 
97 484 
314 484 
445 484 
12 485 
45 485 
72 485 
98 485 
104 485 
182 485 
530 485 
547 485 
612 485 
41 486 
110 486 
129 486 
384 486 
415 486 
437 486 
694 486 
13 487 
77 487 
166 487 
273 487 
283 487 
408 487 
6 488 
8 488 
117 488 
270 488 
415 488 
458 488 
674 488 
9 489 
51 489 
62 489 
91 489 
271 489 
430 489 
734 489 
17 490 
43 490 
53 490 
99 490 
431 490 
467 490 
82 491 
85 491 
100 491 
153 491 
158 491 
345 491 
718 491 
46 492 
70 492 
205 492 
213 492 
260 492 
306 492 
633 492 
18 493 
29 493 
33 493 
64 493 
109 493 
135 493 
732 493 
765 493 
7 494 
8 494 
91 494 
179 494 
339 494 
456 494 
5 495 
41 495 
89 495 
155 495 
185 495 
214 495 
523 495 
619 495 
636 495 
733 495 
1 496 
5 496 
117 496 
137 496 
225 496 
272 496 
502 496 
670 496 
742 496 
18 497 
121 497 
125 497 
171 497 
179 497 
479 497 
98 498 
116 498 
156 498 
271 498 
297 498 
458 498 
1 499 
10 499 
13 499 
21 499 
26 499 
186 499 
8 500 
54 500 
93 500 
135 500 
235 500 
257 500 
527 500 
556 500 
575 500 
680 500 
3 501 
32 501 
63 501 
343 501 
449 501 
474 501 
580 501 
52 502 
117 502 
175 502 
272 502 
291 502 
496 502 
613 502 
2 503 
72 503 
142 503 
239 503 
252 503 
338 503 
619 503 
13 504 
46 504 
70 504 
136 504 
254 504 
283 504 
546 504 
561 504 
584 504 
6 505 
47 505 
58 505 
88 505 
116 505 
394 505 
532 505 
13 506 
82 506 
147 506 
308 506 
332 506 
478 506 
514 506 
563 506 
652 506 
653 506 
655 506 
8 507 
28 507 
29 507 
399 507 
418 507 
455 507 
2 508 
99 508 
129 508 
137 508 
355 508 
393 508 
554 508 
1 509 
29 509 
48 509 
173 509 
187 509 
269 509 
4 510 
10 510 
93 510 
155 510 
381 510 
412 510 
671 510 
4 511 
17 511 
70 511 
115 511 
172 511 
219 511 
1 512 
7 512 
15 512 
68 512 
231 512 
281 512 
559 512 
740 512 
10 513 
181 513 
229 513 
294 513 
400 513 
553 513 
606 513 
25 514 
54 514 
311 514 
332 514 
478 514 
506 514 
563 514 
750 514 
8 515 
10 515 
23 515 
122 515 
396 515 
433 515 
523 515 
616 515 
696 515 
10 516 
19 516 
82 516 
120 516 
173 516 
314 516 
565 516 
10 517 
17 517 
31 517 
34 517 
58 517 
240 517 
795 517 
8 518 
10 518 
123 518 
340 518 
357 518 
450 518 
25 519 
35 519 
233 519 
250 519 
265 519 
333 519 
531 519 
5 520 
23 520 
191 520 
310 520 
334 520 
361 520 
608 520 
5 521 
10 521 
48 521 
187 521 
364 521 
463 521 
704 521 
799 521 
7 522 
18 522 
155 522 
233 522 
297 522 
474 522 
8 523 
41 523 
89 523 
433 523 
495 523 
515 523 
619 523 
4 524 
55 524 
204 524 
255 524 
274 524 
324 524 
9 525 
65 525 
193 525 
262 525 
348 525 
370 525 
712 525 
32 526 
95 526 
112 526 
223 526 
322 526 
439 526 
19 527 
54 527 
56 527 
135 527 
371 527 
500 527 
588 527 
628 527 
678 527 
3 528 
26 528 
113 528 
201 528 
403 528 
435 528 
19 529 
69 529 
82 529 
281 529 
283 529 
312 529 
18 530 
98 530 
158 530 
182 530 
345 530 
485 530 
547 530 
612 530 
35 531 
45 531 
104 531 
107 531 
265 531 
519 531 
603 531 
4 532 
6 532 
30 532 
58 532 
294 532 
505 532 
761 532 
13 533 
16 533 
93 533 
111 533 
183 533 
311 533 
3 534 
10 534 
20 534 
187 534 
198 534 
314 534 
4 535 
5 535 
32 535 
72 535 
178 535 
452 535 
635 535 
49 536 
71 536 
84 536 
161 536 
176 536 
211 536 
697 536 
790 536 
7 537 
10 537 
13 537 
57 537 
103 537 
443 537 
2 538 
10 538 
203 538 
303 538 
328 538 
409 538 
18 539 
62 539 
73 539 
101 539 
216 539 
235 539 
589 539 
657 539 
707 539 
4 540 
6 540 
16 540 
69 540 
253 540 
268 540 
16 541 
44 541 
133 541 
264 541 
309 541 
404 541 
770 541 
50 542 
92 542 
94 542 
146 542 
382 542 
443 542 
625 542 
641 542 
672 542 
704 542 
75 543 
80 543 
167 543 
228 543 
267 543 
426 543 
571 543 
679 543 
7 544 
87 544 
146 544 
155 544 
344 544 
381 544 
578 544 
675 544 
677 544 
23 545 
32 545 
62 545 
77 545 
118 545 
200 545 
731 545 
1 546 
5 546 
70 546 
136 546 
186 546 
504 546 
583 546 
584 546 
607 546 
40 547 
97 547 
182 547 
396 547 
485 547 
530 547 
109 548 
126 548 
214 548 
245 548 
291 548 
394 548 
5 549 
25 549 
203 549 
238 549 
289 549 
310 549 
611 549 
13 550 
23 550 
47 550 
151 550 
263 550 
351 550 
566 550 
640 550 
20 551 
30 551 
234 551 
293 551 
312 551 
613 551 
640 551 
28 552 
60 552 
141 552 
195 552 
198 552 
292 552 
10 553 
21 553 
181 553 
229 553 
354 553 
513 553 
651 553 
8 554 
119 554 
129 554 
137 554 
253 554 
508 554 
3 555 
5 555 
14 555 
262 555 
292 555 
391 555 
780 555 
6 556 
111 556 
135 556 
174 556 
257 556 
500 556 
751 556 
90 557 
184 557 
233 557 
243 557 
409 557 
468 557 
604 557 
13 558 
18 558 
29 558 
49 558 
52 558 
148 558 
615 558 
745 558 
1 559 
15 559 
119 559 
302 559 
512 559 
572 559 
740 559 
4 560 
11 560 
36 560 
78 560 
140 560 
440 560 
136 561 
201 561 
224 561 
254 561 
327 561 
504 561 
5 562 
26 562 
54 562 
131 562 
255 562 
341 562 
738 562 
1 563 
70 563 
254 563 
478 563 
506 563 
514 563 
621 563 
749 563 
751 563 
762 563 
14 564 
26 564 
73 564 
124 564 
182 564 
346 564 
766 564 
60 565 
82 565 
120 565 
191 565 
220 565 
516 565 
777 565 
8 566 
23 566 
59 566 
151 566 
205 566 
550 566 
604 566 
2 567 
64 567 
82 567 
160 567 
226 567 
308 567 
741 567 
8 568 
15 568 
34 568 
104 568 
238 568 
258 568 
8 569 
14 569 
15 569 
59 569 
121 569 
266 569 
608 569 
708 569 
1 570 
8 570 
12 570 
54 570 
81 570 
429 570 
75 571 
188 571 
294 571 
400 571 
426 571 
543 571 
9 572 
91 572 
119 572 
276 572 
302 572 
559 572 
68 573 
97 573 
117 573 
129 573 
215 573 
478 573 
795 573 
3 574 
8 574 
94 574 
123 574 
268 574 
732 574 
2 575 
8 575 
93 575 
130 575 
192 575 
500 575 
15 576 
46 576 
134 576 
136 576 
248 576 
393 576 
4 577 
16 577 
57 577 
180 577 
204 577 
443 577 
627 577 
692 577 
4 578 
14 578 
155 578 
212 578 
381 578 
544 578 
675 578 
758 578 
78 579 
87 579 
167 579 
374 579 
417 579 
421 579 
2 580 
24 580 
63 580 
206 580 
343 580 
501 580 
9 581 
11 581 
16 581 
75 581 
290 581 
361 581 
598 581 
654 581 
1 582 
15 582 
42 582 
68 582 
80 582 
357 582 
695 582 
4 583 
5 583 
6 583 
108 583 
186 583 
546 583 
726 583 
70 584 
149 584 
344 584 
467 584 
504 584 
546 584 
642 584 
669 584 
743 584 
6 585 
16 585 
249 585 
305 585 
375 585 
403 585 
637 585 
730 585 
734 585 
748 585 
10 586 
21 586 
164 586 
270 586 
380 586 
387 586 
647 586 
18 587 
68 587 
74 587 
210 587 
228 587 
300 587 
741 587 
1 588 
5 588 
54 588 
74 588 
527 588 
628 588 
755 588 
778 588 
1 589 
9 589 
73 589 
201 589 
235 589 
539 589 
72 590 
85 590 
195 590 
197 590 
304 590 
364 590 
31 591 
58 591 
75 591 
139 591 
163 591 
352 591 
656 591 
4 592 
38 592 
169 592 
234 592 
405 592 
473 592 
7 593 
9 593 
89 593 
92 593 
101 593 
145 593 
767 593 
4 594 
49 594 
98 594 
144 594 
212 594 
4 595 
11 595 
20 595 
21 595 
27 595 
434 595 
627 595 
687 595 
17 596 
94 596 
173 596 
181 596 
248 596 
402 596 
9 597 
65 597 
86 597 
95 597 
96 597 
157 597 
2 598 
11 598 
262 598 
361 598 
581 598 
654 598 
34 599 
58 599 
78 599 
203 599 
275 599 
285 599 
715 599 
3 600 
4 600 
132 600 
140 600 
172 600 
203 600 
650 600 
699 600 
8 601 
19 601 
24 601 
63 601 
121 601 
138 601 
760 601 
4 602 
35 602 
73 602 
171 602 
226 602 
451 602 
706 602 
15 603 
45 603 
104 603 
116 603 
222 603 
531 603 
8 604 
59 604 
233 604 
468 604 
557 604 
566 604 
2 605 
56 605 
144 605 
240 605 
281 605 
425 605 
668 605 
703 605 
27 606 
60 606 
140 606 
181 606 
229 606 
513 606 
1 607 
5 607 
35 607 
234 607 
365 607 
546 607 
8 608 
59 608 
310 608 
334 608 
520 608 
569 608 
3 609 
42 609 
47 609 
86 609 
143 609 
257 609 
632 609 
8 610 
34 610 
54 610 
63 610 
78 610 
163 610 
625 610 
679 610 
25 611 
203 611 
270 611 
380 611 
441 611 
549 611 
55 612 
98 612 
280 612 
282 612 
485 612 
530 612 
30 613 
117 613 
272 613 
365 613 
502 613 
551 613 
640 613 
655 613 
8 614 
70 614 
262 614 
292 614 
331 614 
334 614 
622 614 
29 615 
33 615 
35 615 
148 615 
426 615 
558 615 
780 615 
23 616 
91 616 
122 616 
170 616 
295 616 
515 616 
792 616 
47 617 
58 617 
86 617 
185 617 
255 617 
457 617 
37 618 
43 618 
61 618 
106 618 
383 618 
632 618 
41 619 
72 619 
239 619 
495 619 
503 619 
523 619 
4 620 
6 620 
20 620 
119 620 
312 620 
392 620 
13 621 
52 621 
57 621 
70 621 
254 621 
563 621 
751 621 
8 622 
158 622 
295 622 
329 622 
331 622 
614 622 
13 623 
23 623 
30 623 
93 623 
234 623 
339 623 
3 624 
149 624 
183 624 
423 624 
428 624 
463 624 
78 625 
146 625 
163 625 
382 625 
542 625 
610 625 
672 625 
688 625 
8 626 
111 626 
130 626 
270 626 
338 626 
387 626 
4 627 
11 627 
57 627 
443 627 
577 627 
595 627 
18 628 
51 628 
54 628 
277 628 
527 628 
588 628 
778 628 
15 629 
17 629 
43 629 
99 629 
321 629 
357 629 
713 629 
744 629 
773 629 
776 629 
8 630 
43 630 
51 630 
61 630 
64 630 
470 630 
57 631 
98 631 
212 631 
271 631 
347 631 
402 631 
4 632 
43 632 
143 632 
257 632 
609 632 
618 632 
638 632 
685 632 
799 632 
24 633 
43 633 
55 633 
213 633 
260 633 
492 633 
8 634 
72 634 
172 634 
347 634 
382 634 
385 634 
666 634 
800 634 
4 635 
75 635 
92 635 
154 635 
178 635 
535 635 
5 636 
31 636 
185 636 
283 636 
312 636 
495 636 
23 637 
35 637 
234 637 
249 637 
375 637 
585 637 
734 637 
4 638 
5 638 
43 638 
78 638 
632 638 
685 638 
77 639 
105 639 
151 639 
200 639 
351 639 
47 640 
263 640 
365 640 
550 640 
551 640 
613 640 
8 641 
34 641 
50 641 
92 641 
382 641 
542 641 
12 642 
15 642 
281 642 
344 642 
467 642 
584 642 
669 642 
685 642 
743 642 
774 642 
775 642 
8 643 
13 643 
34 643 
50 643 
143 643 
263 643 
58 644 
62 644 
66 644 
236 644 
261 644 
453 644 
672 644 
782 644 
39 645 
42 645 
88 645 
126 645 
177 645 
469 645 
794 645 
1 646 
28 646 
136 646 
321 646 
384 646 
398 646 
658 646 
155 647 
380 647 
387 647 
418 647 
435 647 
586 647 
1 648 
14 648 
22 648 
35 648 
160 648 
350 648 
710 648 
18 649 
73 649 
126 649 
235 649 
380 649 
397 649 
3 650 
92 650 
145 650 
203 650 
307 650 
600 650 
10 651 
58 651 
111 651 
190 651 
229 651 
553 651 
796 651 
6 652 
82 652 
147 652 
155 652 
249 652 
506 652 
13 653 
82 653 
109 653 
291 653 
420 653 
506 653 
11 654 
12 654 
24 654 
206 654 
581 654 
598 654 
13 655 
117 655 
147 655 
272 655 
506 655 
613 655 
15 656 
31 656 
32 656 
75 656 
134 656 
591 656 
721 656 
788 656 
17 657 
19 657 
62 657 
73 657 
240 657 
539 657 
750 657 
51 658 
277 658 
321 658 
384 658 
406 658 
646 658 
678 658 
691 658 
9 659 
91 659 
100 659 
203 659 
275 659 
276 659 
31 660 
97 660 
187 660 
225 660 
383 660 
417 660 
8 661 
136 661 
141 661 
149 661 
285 661 
292 661 
146 662 
170 662 
280 662 
282 662 
295 662 
305 662 
681 662 
13 663 
194 663 
204 663 
307 663 
308 663 
482 663 
735 663 
131 664 
262 664 
303 664 
328 664 
340 664 
431 664 
720 664 
17 665 
40 665 
66 665 
108 665 
396 665 
428 665 
27 666 
72 666 
102 666 
172 666 
336 666 
634 666 
15 667 
32 667 
49 667 
52 667 
224 667 
378 667 
759 667 
769 667 
789 667 
2 668 
144 668 
187 668 
255 668 
274 668 
605 668 
703 668 
8 669 
50 669 
94 669 
344 669 
584 669 
642 669 
685 669 
5 670 
165 670 
192 670 
225 670 
280 670 
496 670 
3 671 
10 671 
33 671 
93 671 
198 671 
510 671 
58 672 
382 672 
453 672 
542 672 
625 672 
644 672 
688 672 
773 672 
6 673 
13 673 
24 673 
47 673 
55 673 
216 673 
729 673 
735 673 
758 673 
6 674 
8 674 
15 674 
96 674 
270 674 
488 674 
696 674 
155 675 
168 675 
255 675 
341 675 
544 675 
578 675 
758 675 
46 676 
49 676 
50 676 
273 676 
443 676 
472 676 
681 676 
2 677 
7 677 
134 677 
381 677 
410 677 
544 677 
54 678 
135 678 
277 678 
406 678 
527 678 
658 678 
691 678 
34 679 
163 679 
228 679 
267 679 
543 679 
610 679 
3 680 
48 680 
54 680 
257 680 
391 680 
500 680 
712 680 
170 681 
305 681 
443 681 
472 681 
662 681 
676 681 
71 682 
109 682 
150 682 
401 682 
483 682 
693 682 
54 683 
104 683 
168 683 
238 683 
286 683 
387 683 
4 684 
20 684 
66 684 
323 684 
324 684 
470 684 
43 685 
344 685 
632 685 
638 685 
642 685 
669 685 
1 686 
34 686 
73 686 
146 686 
171 686 
204 686 
27 687 
57 687 
60 687 
220 687 
434 687 
595 687 
26 688 
36 688 
208 688 
382 688 
625 688 
672 688 
739 688 
773 688 
774 688 
27 689 
67 689 
111 689 
122 689 
156 689 
236 689 
756 689 
785 689 
75 690 
92 690 
111 690 
130 690 
432 690 
444 690 
34 691 
397 691 
406 691 
447 691 
658 691 
678 691 
693 691 
57 692 
180 692 
204 692 
221 692 
307 692 
577 692 
784 692 
71 693 
397 693 
447 693 
483 693 
682 693 
691 693 
34 694 
129 694 
163 694 
415 694 
486 694 
15 695 
68 695 
145 695 
309 695 
459 695 
582 695 
729 695 
790 695 
6 696 
270 696 
396 696 
433 696 
515 696 
674 696 
54 697 
84 697 
161 697 
257 697 
465 697 
536 697 
770 697 
4 698 
76 698 
108 698 
189 698 
300 698 
395 698 
3 699 
18 699 
73 699 
140 699 
401 699 
600 699 
12 700 
23 700 
27 700 
81 700 
242 700 
4 701 
14 701 
49 701 
181 701 
212 701 
264 701 
15 702 
18 702 
39 702 
50 702 
90 702 
472 702 
2 703 
3 703 
4 703 
408 703 
605 703 
668 703 
10 704 
48 704 
92 704 
146 704 
521 704 
542 704 
8 705 
80 705 
126 705 
160 705 
246 705 
334 705 
761 705 
17 706 
73 706 
171 706 
250 706 
265 706 
602 706 
4 707 
14 707 
101 707 
216 707 
243 707 
539 707 
722 707 
14 708 
86 708 
176 708 
266 708 
343 708 
569 708 
18 709 
62 709 
82 709 
236 709 
308 709 
32 710 
35 710 
160 710 
271 710 
402 710 
648 710 
49 711 
167 711 
245 711 
344 711 
394 711 
467 711 
779 711 
9 712 
54 712 
257 712 
348 712 
525 712 
680 712 
22 713 
97 713 
154 713 
321 713 
357 713 
629 713 
744 713 
773 713 
13 714 
21 714 
23 714 
27 714 
60 714 
460 714 
740 714 
46 715 
58 715 
70 715 
78 715 
219 715 
599 715 
4 716 
7 716 
82 716 
120 716 
149 716 
428 716 
2 717 
7 717 
14 717 
52 717 
103 717 
389 717 
763 717 
15 718 
22 718 
85 718 
153 718 
321 718 
491 718 
42 719 
67 719 
167 719 
213 719 
448 719 
2 720 
121 720 
180 720 
328 720 
340 720 
664 720 
23 721 
32 721 
134 721 
288 721 
334 721 
656 721 
4 722 
63 722 
171 722 
243 722 
282 722 
707 722 
1 723 
44 723 
48 723 
201 723 
279 723 
289 723 
779 723 
6 724 
55 724 
57 724 
187 724 
407 724 
415 724 
1 725 
4 725 
54 725 
67 725 
81 725 
293 725 
4 726 
97 726 
108 726 
117 726 
154 726 
583 726 
746 726 
7 727 
42 727 
191 727 
365 727 
407 727 
468 727 
793 727 
16 728 
18 728 
109 728 
151 728 
183 728 
210 728 
6 729 
13 729 
15 729 
68 729 
673 729 
695 729 
4 730 
5 730 
6 730 
32 730 
249 730 
585 730 
748 730 
788 730 
33 731 
44 731 
62 731 
118 731 
348 731 
545 731 
8 732 
64 732 
135 732 
268 732 
493 732 
574 732 
765 732 
3 733 
10 733 
20 733 
41 733 
155 733 
495 733 
9 734 
249 734 
430 734 
489 734 
585 734 
637 734 
791 734 
6 735 
47 735 
204 735 
307 735 
663 735 
673 735 
1 736 
9 736 
113 736 
115 736 
403 736 
434 736 
800 736 
9 737 
180 737 
203 737 
246 737 
376 737 
6 738 
53 738 
54 738 
211 738 
255 738 
562 738 
26 739 
113 739 
131 739 
208 739 
356 739 
688 739 
27 740 
60 740 
281 740 
512 740 
559 740 
714 740 
2 741 
82 741 
300 741 
567 741 
587 741 
1 742 
2 742 
5 742 
98 742 
254 742 
496 742 
73 743 
161 743 
277 743 
467 743 
584 743 
642 743 
137 744 
152 744 
321 744 
329 744 
629 744 
713 744 
14 745 
18 745 
148 745 
325 745 
446 745 
558 745 
59 746 
97 746 
117 746 
132 746 
726 746 
188 747 
219 747 
225 747 
250 747 
379 747 
441 747 
168 748 
249 748 
341 748 
378 748 
585 748 
730 748 
254 749 
372 749 
374 749 
421 749 
563 749 
762 749 
19 750 
25 750 
240 750 
311 750 
514 750 
657 750 
111 751 
174 751 
254 751 
556 751 
563 751 
621 751 
6 752 
32 752 
58 752 
95 752 
187 752 
225 752 
31 753 
48 753 
118 753 
153 753 
208 753 
301 753 
4 754 
25 754 
65 754 
98 754 
218 754 
423 754 
1 755 
5 755 
21 755 
111 755 
143 755 
588 755 
31 756 
66 756 
97 756 
122 756 
156 756 
689 756 
1 757 
57 757 
70 757 
260 757 
306 757 
317 757 
24 758 
155 758 
216 758 
578 758 
673 758 
675 758 
2 759 
5 759 
49 759 
52 759 
72 759 
667 759 
789 759 
5 760 
8 760 
70 760 
121 760 
353 760 
601 760 
6 761 
58 761 
126 761 
160 761 
532 761 
705 761 
1 762 
246 762 
331 762 
334 762 
563 762 
749 762 
34 763 
52 763 
112 763 
389 763 
400 763 
717 763 
61 764 
181 764 
229 764 
248 764 
279 764 
480 764 
2 765 
64 765 
190 765 
319 765 
493 765 
732 765 
14 766 
85 766 
182 766 
195 766 
359 766 
564 766 
7 767 
84 767 
89 767 
161 767 
416 767 
593 767 
8 768 
285 768 
406 768 
439 768 
442 768 
15 769 
63 769 
108 769 
165 769 
378 769 
667 769 
16 770 
44 770 
54 770 
257 770 
541 770 
697 770 
29 771 
37 771 
71 771 
183 771 
257 771 
423 771 
8 772 
41 772 
47 772 
91 772 
263 772 
437 772 
357 773 
382 773 
629 773 
672 773 
688 773 
713 773 
774 773 
12 774 
281 774 
382 774 
642 774 
688 774 
773 774 
775 774 
12 775 
19 775 
56 775 
281 775 
642 775 
774 775 
17 776 
32 776 
43 776 
238 776 
452 776 
629 776 
60 777 
220 777 
259 777 
439 777 
464 777 
565 777 
1 778 
18 778 
54 778 
114 778 
588 778 
628 778 
49 779 
201 779 
289 779 
394 779 
711 779 
723 779 
3 780 
29 780 
148 780 
391 780 
555 780 
615 780 
8 781 
39 781 
202 781 
325 781 
347 781 
476 781 
14 782 
22 782 
236 782 
261 782 
266 782 
644 782 
12 783 
26 783 
33 783 
36 783 
259 783 
442 783 
791 783 
51 784 
73 784 
76 784 
221 784 
307 784 
692 784 
111 785 
122 785 
146 785 
249 785 
405 785 
689 785 
28 786 
34 786 
87 786 
121 786 
180 786 
246 786 
9 787 
10 787 
44 787 
48 787 
364 787 
463 787 
6 788 
31 788 
75 788 
249 788 
656 788 
730 788 
49 789 
149 789 
267 789 
344 789 
667 789 
759 789 
71 790 
211 790 
309 790 
459 790 
536 790 
695 790 
9 791 
259 791 
430 791 
442 791 
734 791 
783 791 
100 792 
170 792 
237 792 
295 792 
616 792 
29 793 
42 793 
192 793 
416 793 
468 793 
727 793 
95 794 
98 794 
126 794 
177 794 
373 794 
645 794 
10 795 
68 795 
240 795 
478 795 
517 795 
573 795 
13 796 
16 796 
58 796 
111 796 
221 796 
651 796 
4 797 
10 797 
79 797 
133 797 
194 797 
453 797 
37 798 
43 798 
99 798 
176 798 
264 798 
298 798 
10 799 
143 799 
187 799 
257 799 
521 799 
632 799 
8 800 
9 800 
113 800 
382 800 
634 800 
736 800 
