2 1 
3 1 
4 1 
5 1 
6 1 
7 1 
8 1 
11 1 
14 1 
15 1 
16 1 
17 1 
18 1 
21 1 
26 1 
28 1 
30 1 
31 1 
32 1 
40 1 
41 1 
43 1 
44 1 
46 1 
54 1 
55 1 
57 1 
62 1 
63 1 
67 1 
70 1 
71 1 
76 1 
85 1 
92 1 
93 1 
97 1 
102 1 
105 1 
107 1 
109 1 
111 1 
117 1 
126 1 
127 1 
129 1 
146 1 
155 1 
157 1 
158 1 
159 1 
160 1 
162 1 
163 1 
170 1 
171 1 
174 1 
179 1 
181 1 
187 1 
190 1 
191 1 
192 1 
208 1 
213 1 
216 1 
229 1 
234 1 
238 1 
242 1 
249 1 
255 1 
267 1 
268 1 
284 1 
294 1 
298 1 
330 1 
339 1 
347 1 
358 1 
361 1 
374 1 
377 1 
388 1 
398 1 
400 1 
405 1 
406 1 
425 1 
430 1 
432 1 
434 1 
437 1 
438 1 
469 1 
475 1 
479 1 
502 1 
519 1 
538 1 
545 1 
557 1 
564 1 
569 1 
572 1 
580 1 
581 1 
608 1 
614 1 
621 1 
656 1 
657 1 
661 1 
667 1 
678 1 
704 1 
707 1 
716 1 
737 1 
754 1 
763 1 
774 1 
785 1 
818 1 
822 1 
842 1 
876 1 
911 1 
915 1 
920 1 
924 1 
943 1 
946 1 
947 1 
961 1 
987 1 
991 1 
999 1 
1 2 
3 2 
4 2 
5 2 
7 2 
8 2 
9 2 
10 2 
12 2 
13 2 
14 2 
15 2 
16 2 
18 2 
23 2 
25 2 
27 2 
28 2 
32 2 
33 2 
39 2 
43 2 
63 2 
64 2 
71 2 
72 2 
75 2 
76 2 
95 2 
98 2 
104 2 
122 2 
139 2 
147 2 
150 2 
153 2 
179 2 
180 2 
191 2 
200 2 
202 2 
207 2 
212 2 
214 2 
220 2 
261 2 
265 2 
266 2 
270 2 
273 2 
285 2 
288 2 
302 2 
304 2 
305 2 
319 2 
338 2 
346 2 
371 2 
375 2 
377 2 
384 2 
389 2 
390 2 
399 2 
415 2 
417 2 
430 2 
431 2 
441 2 
451 2 
510 2 
513 2 
518 2 
525 2 
543 2 
550 2 
571 2 
572 2 
599 2 
603 2 
607 2 
609 2 
613 2 
618 2 
626 2 
631 2 
651 2 
680 2 
685 2 
704 2 
712 2 
724 2 
738 2 
760 2 
766 2 
787 2 
788 2 
792 2 
802 2 
824 2 
827 2 
864 2 
897 2 
898 2 
908 2 
913 2 
915 2 
940 2 
949 2 
957 2 
973 2 
1 3 
2 3 
4 3 
5 3 
6 3 
7 3 
8 3 
9 3 
10 3 
11 3 
14 3 
16 3 
17 3 
18 3 
20 3 
21 3 
23 3 
24 3 
25 3 
30 3 
32 3 
45 3 
48 3 
58 3 
60 3 
64 3 
65 3 
71 3 
76 3 
79 3 
80 3 
81 3 
88 3 
89 3 
94 3 
97 3 
99 3 
100 3 
103 3 
105 3 
106 3 
112 3 
119 3 
130 3 
131 3 
140 3 
141 3 
144 3 
146 3 
161 3 
177 3 
182 3 
183 3 
192 3 
196 3 
200 3 
204 3 
210 3 
215 3 
225 3 
232 3 
235 3 
245 3 
246 3 
249 3 
251 3 
253 3 
255 3 
257 3 
267 3 
273 3 
278 3 
285 3 
286 3 
291 3 
293 3 
301 3 
304 3 
307 3 
312 3 
321 3 
323 3 
327 3 
333 3 
335 3 
349 3 
352 3 
356 3 
357 3 
364 3 
368 3 
369 3 
378 3 
383 3 
394 3 
406 3 
410 3 
418 3 
421 3 
456 3 
458 3 
459 3 
475 3 
486 3 
491 3 
492 3 
496 3 
512 3 
521 3 
529 3 
546 3 
556 3 
580 3 
595 3 
612 3 
640 3 
646 3 
648 3 
658 3 
660 3 
662 3 
678 3 
682 3 
715 3 
719 3 
733 3 
741 3 
761 3 
773 3 
776 3 
792 3 
793 3 
805 3 
817 3 
821 3 
826 3 
832 3 
845 3 
853 3 
858 3 
859 3 
873 3 
878 3 
885 3 
919 3 
923 3 
933 3 
944 3 
961 3 
964 3 
969 3 
975 3 
976 3 
989 3 
993 3 
994 3 
1 4 
2 4 
3 4 
5 4 
6 4 
7 4 
8 4 
9 4 
11 4 
12 4 
15 4 
19 4 
21 4 
22 4 
23 4 
26 4 
31 4 
33 4 
39 4 
40 4 
46 4 
47 4 
48 4 
51 4 
52 4 
54 4 
56 4 
57 4 
61 4 
69 4 
75 4 
80 4 
81 4 
86 4 
88 4 
95 4 
103 4 
105 4 
128 4 
131 4 
142 4 
147 4 
148 4 
162 4 
164 4 
169 4 
174 4 
175 4 
180 4 
184 4 
218 4 
228 4 
236 4 
244 4 
246 4 
251 4 
261 4 
278 4 
279 4 
296 4 
331 4 
336 4 
339 4 
348 4 
352 4 
364 4 
371 4 
386 4 
401 4 
420 4 
430 4 
448 4 
455 4 
460 4 
497 4 
498 4 
511 4 
525 4 
531 4 
548 4 
583 4 
636 4 
638 4 
642 4 
643 4 
649 4 
662 4 
664 4 
665 4 
679 4 
694 4 
712 4 
735 4 
796 4 
798 4 
804 4 
841 4 
844 4 
858 4 
864 4 
886 4 
912 4 
960 4 
970 4 
1 5 
2 5 
3 5 
4 5 
6 5 
8 5 
9 5 
10 5 
11 5 
13 5 
14 5 
19 5 
20 5 
26 5 
28 5 
29 5 
31 5 
35 5 
38 5 
42 5 
44 5 
45 5 
47 5 
49 5 
64 5 
74 5 
75 5 
77 5 
78 5 
93 5 
94 5 
103 5 
112 5 
113 5 
117 5 
122 5 
124 5 
126 5 
128 5 
134 5 
135 5 
138 5 
140 5 
145 5 
156 5 
158 5 
161 5 
162 5 
183 5 
197 5 
201 5 
205 5 
208 5 
212 5 
225 5 
227 5 
230 5 
233 5 
235 5 
239 5 
246 5 
257 5 
263 5 
268 5 
289 5 
290 5 
291 5 
299 5 
300 5 
301 5 
325 5 
332 5 
339 5 
343 5 
345 5 
346 5 
357 5 
369 5 
370 5 
373 5 
374 5 
379 5 
392 5 
397 5 
439 5 
452 5 
459 5 
467 5 
469 5 
474 5 
485 5 
496 5 
497 5 
515 5 
536 5 
537 5 
541 5 
554 5 
558 5 
566 5 
596 5 
603 5 
631 5 
647 5 
653 5 
659 5 
665 5 
697 5 
704 5 
712 5 
723 5 
729 5 
740 5 
753 5 
755 5 
823 5 
828 5 
842 5 
856 5 
865 5 
875 5 
881 5 
882 5 
895 5 
909 5 
917 5 
923 5 
943 5 
961 5 
992 5 
995 5 
1 6 
3 6 
4 6 
5 6 
9 6 
11 6 
12 6 
19 6 
20 6 
21 6 
25 6 
26 6 
28 6 
36 6 
37 6 
41 6 
42 6 
45 6 
50 6 
57 6 
60 6 
61 6 
62 6 
70 6 
74 6 
77 6 
85 6 
89 6 
90 6 
102 6 
117 6 
125 6 
126 6 
147 6 
167 6 
169 6 
181 6 
205 6 
206 6 
215 6 
217 6 
233 6 
247 6 
257 6 
272 6 
286 6 
296 6 
318 6 
328 6 
334 6 
341 6 
357 6 
358 6 
360 6 
363 6 
382 6 
383 6 
394 6 
404 6 
413 6 
419 6 
446 6 
504 6 
508 6 
515 6 
523 6 
532 6 
535 6 
560 6 
562 6 
581 6 
595 6 
604 6 
611 6 
632 6 
642 6 
651 6 
654 6 
669 6 
673 6 
682 6 
705 6 
708 6 
773 6 
787 6 
796 6 
836 6 
845 6 
877 6 
884 6 
961 6 
966 6 
982 6 
1000 6 
1 7 
2 7 
3 7 
4 7 
12 7 
16 7 
18 7 
19 7 
21 7 
25 7 
27 7 
35 7 
39 7 
46 7 
49 7 
51 7 
52 7 
53 7 
54 7 
66 7 
80 7 
82 7 
109 7 
148 7 
153 7 
179 7 
202 7 
217 7 
235 7 
249 7 
262 7 
321 7 
361 7 
378 7 
391 7 
400 7 
420 7 
451 7 
455 7 
498 7 
510 7 
531 7 
533 7 
548 7 
562 7 
569 7 
587 7 
609 7 
655 7 
663 7 
664 7 
675 7 
679 7 
681 7 
736 7 
757 7 
759 7 
773 7 
811 7 
827 7 
863 7 
875 7 
898 7 
915 7 
946 7 
953 7 
969 7 
976 7 
994 7 
1 8 
2 8 
3 8 
4 8 
5 8 
10 8 
13 8 
14 8 
15 8 
16 8 
17 8 
20 8 
22 8 
23 8 
27 8 
30 8 
34 8 
35 8 
36 8 
44 8 
46 8 
47 8 
53 8 
78 8 
87 8 
91 8 
92 8 
104 8 
111 8 
113 8 
114 8 
115 8 
118 8 
124 8 
130 8 
161 8 
163 8 
185 8 
207 8 
218 8 
220 8 
222 8 
229 8 
239 8 
240 8 
242 8 
252 8 
265 8 
270 8 
281 8 
283 8 
297 8 
305 8 
308 8 
312 8 
332 8 
342 8 
345 8 
346 8 
348 8 
352 8 
354 8 
364 8 
372 8 
375 8 
431 8 
466 8 
470 8 
472 8 
478 8 
487 8 
504 8 
507 8 
522 8 
541 8 
543 8 
550 8 
552 8 
592 8 
609 8 
619 8 
670 8 
674 8 
704 8 
726 8 
727 8 
771 8 
797 8 
809 8 
856 8 
860 8 
881 8 
891 8 
901 8 
907 8 
925 8 
932 8 
943 8 
947 8 
981 8 
2 9 
3 9 
4 9 
5 9 
6 9 
10 9 
13 9 
15 9 
28 9 
29 9 
34 9 
37 9 
42 9 
45 9 
48 9 
51 9 
54 9 
56 9 
58 9 
59 9 
60 9 
62 9 
64 9 
68 9 
75 9 
78 9 
85 9 
92 9 
108 9 
112 9 
113 9 
121 9 
127 9 
128 9 
129 9 
131 9 
134 9 
136 9 
142 9 
169 9 
175 9 
187 9 
190 9 
195 9 
196 9 
201 9 
203 9 
206 9 
211 9 
233 9 
237 9 
240 9 
241 9 
247 9 
270 9 
289 9 
294 9 
299 9 
318 9 
325 9 
348 9 
373 9 
388 9 
399 9 
426 9 
430 9 
444 9 
453 9 
459 9 
462 9 
464 9 
483 9 
493 9 
525 9 
526 9 
533 9 
553 9 
566 9 
582 9 
584 9 
591 9 
601 9 
606 9 
616 9 
625 9 
632 9 
665 9 
667 9 
675 9 
687 9 
688 9 
772 9 
796 9 
830 9 
842 9 
865 9 
889 9 
892 9 
900 9 
922 9 
934 9 
939 9 
945 9 
951 9 
956 9 
967 9 
971 9 
973 9 
986 9 
991 9 
2 10 
3 10 
5 10 
8 10 
9 10 
13 10 
16 10 
17 10 
22 10 
24 10 
29 10 
30 10 
36 10 
37 10 
38 10 
45 10 
58 10 
64 10 
65 10 
70 10 
71 10 
79 10 
83 10 
96 10 
106 10 
140 10 
146 10 
156 10 
158 10 
166 10 
176 10 
177 10 
190 10 
194 10 
196 10 
214 10 
216 10 
231 10 
243 10 
253 10 
259 10 
267 10 
280 10 
283 10 
300 10 
305 10 
311 10 
319 10 
321 10 
327 10 
398 10 
416 10 
427 10 
435 10 
450 10 
484 10 
499 10 
501 10 
503 10 
506 10 
528 10 
536 10 
540 10 
542 10 
553 10 
554 10 
570 10 
582 10 
602 10 
605 10 
607 10 
649 10 
666 10 
682 10 
687 10 
690 10 
722 10 
756 10 
818 10 
826 10 
844 10 
861 10 
869 10 
882 10 
897 10 
903 10 
928 10 
994 10 
1 11 
3 11 
4 11 
5 11 
6 11 
12 11 
14 11 
19 11 
20 11 
24 11 
26 11 
31 11 
33 11 
36 11 
37 11 
47 11 
52 11 
55 11 
69 11 
71 11 
73 11 
77 11 
80 11 
83 11 
84 11 
86 11 
91 11 
114 11 
125 11 
132 11 
143 11 
147 11 
184 11 
221 11 
225 11 
227 11 
231 11 
247 11 
250 11 
258 11 
269 11 
277 11 
310 11 
317 11 
318 11 
336 11 
350 11 
367 11 
373 11 
387 11 
394 11 
396 11 
432 11 
446 11 
475 11 
494 11 
523 11 
532 11 
537 11 
551 11 
579 11 
612 11 
629 11 
644 11 
653 11 
699 11 
702 11 
705 11 
721 11 
781 11 
792 11 
822 11 
843 11 
874 11 
921 11 
932 11 
937 11 
983 11 
996 11 
2 12 
4 12 
6 12 
7 12 
11 12 
18 12 
19 12 
33 12 
49 12 
52 12 
61 12 
66 12 
69 12 
125 12 
143 12 
147 12 
154 12 
164 12 
181 12 
205 12 
235 12 
254 12 
275 12 
285 12 
309 12 
326 12 
386 12 
417 12 
426 12 
437 12 
446 12 
448 12 
511 12 
520 12 
533 12 
550 12 
558 12 
579 12 
590 12 
629 12 
675 12 
685 12 
686 12 
698 12 
730 12 
748 12 
765 12 
771 12 
804 12 
850 12 
860 12 
913 12 
920 12 
959 12 
2 13 
5 13 
8 13 
9 13 
10 13 
17 13 
29 13 
34 13 
38 13 
59 13 
75 13 
78 13 
138 13 
140 13 
145 13 
207 13 
319 13 
377 13 
403 13 
435 13 
469 13 
605 13 
756 13 
862 13 
1 14 
2 14 
3 14 
5 14 
8 14 
11 14 
17 14 
20 14 
27 14 
38 14 
59 14 
93 14 
104 14 
105 14 
115 14 
119 14 
122 14 
134 14 
141 14 
150 14 
153 14 
171 14 
177 14 
185 14 
216 14 
238 14 
274 14 
280 14 
335 14 
346 14 
374 14 
381 14 
397 14 
494 14 
513 14 
550 14 
552 14 
585 14 
594 14 
612 14 
635 14 
661 14 
666 14 
713 14 
732 14 
785 14 
806 14 
840 14 
843 14 
866 14 
874 14 
955 14 
972 14 
1 15 
2 15 
4 15 
8 15 
9 15 
22 15 
40 15 
48 15 
64 15 
75 15 
85 15 
92 15 
118 15 
130 15 
137 15 
172 15 
187 15 
189 15 
207 15 
236 15 
240 15 
247 15 
264 15 
275 15 
281 15 
292 15 
294 15 
339 15 
362 15 
366 15 
409 15 
414 15 
415 15 
441 15 
443 15 
458 15 
468 15 
557 15 
571 15 
582 15 
594 15 
613 15 
618 15 
631 15 
638 15 
680 15 
725 15 
752 15 
760 15 
786 15 
794 15 
847 15 
857 15 
944 15 
953 15 
959 15 
1 16 
2 16 
3 16 
7 16 
8 16 
10 16 
21 16 
25 16 
35 16 
36 16 
45 16 
63 16 
65 16 
70 16 
96 16 
106 16 
107 16 
114 16 
115 16 
145 16 
150 16 
156 16 
167 16 
170 16 
188 16 
201 16 
219 16 
248 16 
251 16 
271 16 
287 16 
297 16 
310 16 
383 16 
409 16 
427 16 
445 16 
472 16 
544 16 
557 16 
565 16 
572 16 
584 16 
593 16 
601 16 
652 16 
664 16 
687 16 
695 16 
711 16 
768 16 
824 16 
844 16 
862 16 
877 16 
928 16 
978 16 
997 16 
998 16 
1 17 
3 17 
8 17 
10 17 
13 17 
14 17 
22 17 
23 17 
24 17 
30 17 
34 17 
46 17 
48 17 
58 17 
60 17 
87 17 
99 17 
100 17 
101 17 
105 17 
108 17 
120 17 
121 17 
122 17 
155 17 
171 17 
178 17 
229 17 
252 17 
266 17 
380 17 
384 17 
454 17 
462 17 
464 17 
477 17 
509 17 
540 17 
597 17 
602 17 
605 17 
619 17 
657 17 
710 17 
729 17 
751 17 
763 17 
818 17 
835 17 
855 17 
902 17 
916 17 
928 17 
937 17 
939 17 
997 17 
1 18 
2 18 
3 18 
7 18 
12 18 
32 18 
33 18 
39 18 
40 18 
43 18 
55 18 
72 18 
127 18 
144 18 
153 18 
165 18 
221 18 
226 18 
249 18 
254 18 
361 18 
390 18 
402 18 
471 18 
497 18 
510 18 
533 18 
592 18 
600 18 
622 18 
748 18 
775 18 
795 18 
941 18 
4 19 
5 19 
6 19 
7 19 
11 19 
12 19 
37 19 
41 19 
47 19 
49 19 
50 19 
51 19 
53 19 
66 19 
81 19 
82 19 
96 19 
97 19 
126 19 
135 19 
142 19 
148 19 
193 19 
198 19 
217 19 
227 19 
239 19 
246 19 
254 19 
269 19 
278 19 
286 19 
287 19 
298 19 
307 19 
337 19 
354 19 
359 19 
365 19 
369 19 
376 19 
404 19 
410 19 
419 19 
425 19 
428 19 
433 19 
466 19 
488 19 
509 19 
515 19 
530 19 
536 19 
619 19 
655 19 
671 19 
686 19 
746 19 
755 19 
779 19 
781 19 
808 19 
863 19 
865 19 
880 19 
913 19 
958 19 
3 20 
5 20 
6 20 
8 20 
11 20 
14 20 
24 20 
27 20 
35 20 
36 20 
38 20 
53 20 
55 20 
59 20 
80 20 
88 20 
94 20 
135 20 
144 20 
152 20 
185 20 
212 20 
215 20 
242 20 
245 20 
274 20 
338 20 
349 20 
369 20 
376 20 
404 20 
410 20 
432 20 
475 20 
495 20 
500 20 
529 20 
576 20 
617 20 
752 20 
1 21 
3 21 
4 21 
6 21 
7 21 
16 21 
25 21 
61 21 
89 21 
107 21 
130 21 
167 21 
394 21 
493 21 
634 21 
672 21 
776 21 
836 21 
911 21 
4 22 
8 22 
10 22 
15 22 
17 22 
23 22 
24 22 
30 22 
40 22 
58 22 
120 22 
130 22 
137 22 
166 22 
172 22 
176 22 
180 22 
189 22 
199 22 
236 22 
281 22 
288 22 
401 22 
507 22 
522 22 
542 22 
549 22 
553 22 
676 22 
764 22 
771 22 
794 22 
868 22 
882 22 
897 22 
916 22 
925 22 
2 23 
3 23 
4 23 
8 23 
17 23 
22 23 
32 23 
94 23 
101 23 
128 23 
139 23 
211 23 
229 23 
251 23 
261 23 
419 23 
463 23 
470 23 
508 23 
640 23 
771 23 
784 23 
855 23 
870 23 
882 23 
914 23 
939 23 
941 23 
942 23 
981 23 
3 24 
10 24 
11 24 
17 24 
20 24 
22 24 
58 24 
60 24 
88 24 
89 24 
90 24 
159 24 
225 24 
243 24 
245 24 
260 24 
307 24 
315 24 
316 24 
325 24 
329 24 
379 24 
387 24 
389 24 
432 24 
443 24 
500 24 
540 24 
553 24 
623 24 
670 24 
677 24 
691 24 
722 24 
731 24 
761 24 
845 24 
855 24 
955 24 
2 25 
3 25 
6 25 
7 25 
16 25 
21 25 
27 25 
35 25 
63 25 
98 25 
115 25 
130 25 
191 25 
196 25 
200 25 
202 25 
209 25 
217 25 
262 25 
271 25 
287 25 
297 25 
314 25 
456 25 
566 25 
589 25 
640 25 
663 25 
672 25 
679 25 
702 25 
773 25 
827 25 
936 25 
964 25 
965 25 
966 25 
1 26 
4 26 
5 26 
6 26 
11 26 
28 26 
31 26 
39 26 
42 26 
44 26 
49 26 
50 26 
52 26 
56 26 
57 26 
67 26 
73 26 
74 26 
90 26 
118 26 
136 26 
146 26 
155 26 
161 26 
162 26 
168 26 
169 26 
170 26 
171 26 
184 26 
193 26 
215 26 
228 26 
250 26 
293 26 
294 26 
329 26 
331 26 
340 26 
368 26 
378 26 
422 26 
453 26 
480 26 
483 26 
491 26 
492 26 
519 26 
545 26 
564 26 
583 26 
636 26 
637 26 
643 26 
648 26 
703 26 
709 26 
757 26 
804 26 
816 26 
893 26 
896 26 
946 26 
974 26 
2 27 
7 27 
8 27 
14 27 
20 27 
25 27 
53 27 
59 27 
93 27 
98 27 
115 27 
177 27 
212 27 
217 27 
238 27 
262 27 
272 27 
297 27 
308 27 
312 27 
315 27 
353 27 
401 27 
417 27 
439 27 
440 27 
556 27 
590 27 
612 27 
635 27 
641 27 
752 27 
782 27 
799 27 
840 27 
898 27 
902 27 
907 27 
918 27 
919 27 
948 27 
984 27 
1 28 
2 28 
5 28 
6 28 
9 28 
26 28 
29 28 
41 28 
42 28 
50 28 
62 28 
102 28 
108 28 
110 28 
162 28 
164 28 
178 28 
198 28 
203 28 
233 28 
318 28 
328 28 
362 28 
363 28 
395 28 
412 28 
442 28 
486 28 
493 28 
627 28 
661 28 
712 28 
754 28 
766 28 
850 28 
876 28 
992 28 
5 29 
9 29 
10 29 
13 29 
28 29 
34 29 
37 29 
38 29 
42 29 
51 29 
54 29 
56 29 
62 29 
68 29 
83 29 
106 29 
109 29 
110 29 
116 29 
133 29 
160 29 
231 29 
233 29 
270 29 
328 29 
362 29 
395 29 
399 29 
408 29 
423 29 
435 29 
505 29 
533 29 
563 29 
570 29 
585 29 
721 29 
735 29 
783 29 
862 29 
866 29 
905 29 
981 29 
1 30 
3 30 
8 30 
10 30 
17 30 
22 30 
48 30 
65 30 
99 30 
155 30 
166 30 
219 30 
237 30 
249 30 
331 30 
405 30 
412 30 
429 30 
462 30 
464 30 
546 30 
561 30 
814 30 
861 30 
918 30 
923 30 
989 30 
1 31 
4 31 
5 31 
11 31 
26 31 
39 31 
44 31 
49 31 
71 31 
74 31 
76 31 
84 31 
87 31 
103 31 
111 31 
123 31 
126 31 
146 31 
149 31 
157 31 
159 31 
175 31 
186 31 
192 31 
215 31 
234 31 
236 31 
256 31 
258 31 
264 31 
274 31 
282 31 
295 31 
313 31 
319 31 
329 31 
353 31 
355 31 
368 31 
375 31 
405 31 
414 31 
418 31 
422 31 
436 31 
440 31 
457 31 
460 31 
538 31 
577 31 
583 31 
588 31 
626 31 
648 31 
677 31 
696 31 
719 31 
725 31 
742 31 
776 31 
780 31 
954 31 
1 32 
2 32 
3 32 
18 32 
23 32 
40 32 
43 32 
94 32 
97 32 
101 32 
102 32 
103 32 
139 32 
182 32 
226 32 
301 32 
481 32 
508 32 
517 32 
640 32 
750 32 
792 32 
819 32 
833 32 
914 32 
920 32 
974 32 
2 33 
4 33 
11 33 
12 33 
18 33 
69 33 
254 33 
275 33 
417 33 
511 33 
629 33 
679 33 
959 33 
8 34 
9 34 
13 34 
17 34 
29 34 
46 34 
56 34 
59 34 
78 34 
91 34 
116 34 
138 34 
175 34 
188 34 
222 34 
411 34 
430 34 
482 34 
599 34 
668 34 
684 34 
689 34 
727 34 
766 34 
782 34 
791 34 
803 34 
851 34 
862 34 
922 34 
956 34 
960 34 
5 35 
7 35 
8 35 
16 35 
20 35 
25 35 
94 35 
117 35 
137 35 
141 35 
149 35 
152 35 
173 35 
230 35 
271 35 
299 35 
402 35 
639 35 
808 35 
6 36 
8 36 
10 36 
11 36 
16 36 
20 36 
55 36 
69 36 
73 36 
96 36 
114 36 
132 36 
145 36 
243 36 
247 36 
259 36 
283 36 
310 36 
360 36 
364 36 
371 36 
427 36 
506 36 
601 36 
641 36 
860 36 
862 36 
926 36 
987 36 
6 37 
9 37 
10 37 
11 37 
19 37 
29 37 
41 37 
47 37 
54 37 
68 37 
77 37 
82 37 
83 37 
109 37 
127 37 
132 37 
147 37 
190 37 
194 37 
283 37 
286 37 
317 37 
387 37 
398 37 
408 37 
476 37 
477 37 
500 37 
553 37 
563 37 
572 37 
574 37 
623 37 
669 37 
671 37 
721 37 
753 37 
774 37 
830 37 
854 37 
870 37 
883 37 
890 37 
898 37 
903 37 
966 37 
5 38 
10 38 
13 38 
14 38 
20 38 
29 38 
134 38 
185 38 
231 38 
435 38 
563 38 
785 38 
2 39 
4 39 
7 39 
18 39 
26 39 
31 39 
43 39 
44 39 
56 39 
67 39 
72 39 
73 39 
79 39 
95 39 
131 39 
153 39 
165 39 
179 39 
193 39 
194 39 
214 39 
236 39 
260 39 
279 39 
296 39 
304 39 
321 39 
350 39 
355 39 
402 39 
405 39 
471 39 
473 39 
490 39 
491 39 
559 39 
581 39 
587 39 
602 39 
615 39 
616 39 
626 39 
703 39 
705 39 
724 39 
736 39 
795 39 
802 39 
807 39 
809 39 
832 39 
841 39 
891 39 
915 39 
973 39 
976 39 
999 39 
1 40 
4 40 
15 40 
18 40 
22 40 
32 40 
43 40 
55 40 
63 40 
72 40 
84 40 
123 40 
180 40 
191 40 
197 40 
221 40 
226 40 
236 40 
241 40 
362 40 
366 40 
469 40 
497 40 
505 40 
517 40 
524 40 
610 40 
621 40 
647 40 
690 40 
760 40 
775 40 
778 40 
867 40 
876 40 
879 40 
1 41 
6 41 
19 41 
28 41 
37 41 
50 41 
62 41 
66 41 
67 41 
82 41 
139 41 
148 41 
189 41 
208 41 
268 41 
278 41 
287 41 
290 41 
322 41 
337 41 
363 41 
407 41 
476 41 
535 41 
595 41 
608 41 
825 41 
931 41 
5 42 
6 42 
9 42 
26 42 
28 42 
29 42 
50 42 
51 42 
57 42 
102 42 
164 42 
168 42 
178 42 
198 42 
340 42 
347 42 
373 42 
424 42 
444 42 
539 42 
547 42 
674 42 
737 42 
783 42 
834 42 
931 42 
1 43 
2 43 
18 43 
32 43 
39 43 
40 43 
63 43 
72 43 
84 43 
102 43 
133 43 
160 43 
165 43 
226 43 
398 43 
438 43 
473 43 
524 43 
559 43 
605 43 
680 43 
724 43 
750 43 
794 43 
975 43 
1 44 
5 44 
8 44 
26 44 
31 44 
39 44 
73 44 
79 44 
93 44 
113 44 
118 44 
138 44 
154 44 
155 44 
194 44 
199 44 
263 44 
282 44 
303 44 
314 44 
329 44 
348 44 
355 44 
433 44 
445 44 
608 44 
677 44 
729 44 
740 44 
848 44 
961 44 
3 45 
5 45 
6 45 
9 45 
10 45 
16 45 
65 45 
77 45 
78 45 
106 45 
107 45 
170 45 
183 45 
197 45 
209 45 
210 45 
219 45 
223 45 
267 45 
435 45 
484 45 
504 45 
603 45 
646 45 
711 45 
821 45 
859 45 
869 45 
884 45 
1 46 
4 46 
7 46 
8 46 
17 46 
34 46 
87 46 
91 46 
100 46 
101 46 
111 46 
116 46 
400 46 
656 46 
664 46 
797 46 
901 46 
953 46 
997 46 
4 47 
5 47 
8 47 
11 47 
19 47 
37 47 
77 47 
124 47 
185 47 
218 47 
250 47 
286 47 
408 47 
500 47 
563 47 
767 47 
781 47 
849 47 
898 47 
3 48 
4 48 
9 48 
15 48 
17 48 
30 48 
65 48 
99 48 
100 48 
108 48 
121 48 
169 48 
210 48 
219 48 
252 48 
276 48 
311 48 
337 48 
386 48 
464 48 
489 48 
513 48 
523 48 
540 48 
555 48 
576 48 
582 48 
627 48 
675 48 
745 48 
762 48 
790 48 
799 48 
833 48 
838 48 
847 48 
928 48 
937 48 
953 48 
5 49 
7 49 
12 49 
19 49 
26 49 
31 49 
52 49 
53 49 
61 49 
74 49 
81 49 
82 49 
104 49 
143 49 
151 49 
173 49 
215 49 
244 49 
293 49 
420 49 
428 49 
438 49 
444 49 
451 49 
452 49 
466 49 
476 49 
532 49 
620 49 
628 49 
645 49 
646 49 
659 49 
686 49 
744 49 
746 49 
822 49 
861 49 
872 49 
968 49 
6 50 
19 50 
26 50 
28 50 
41 50 
42 50 
66 50 
139 50 
164 50 
168 50 
189 50 
254 50 
276 50 
289 50 
298 50 
307 50 
323 50 
404 50 
413 50 
424 50 
463 50 
509 50 
530 50 
539 50 
588 50 
715 50 
817 50 
946 50 
4 51 
7 51 
9 51 
19 51 
29 51 
42 51 
68 51 
112 51 
142 51 
148 51 
174 51 
184 51 
193 51 
206 51 
269 51 
309 51 
320 51 
395 51 
436 51 
455 51 
659 51 
727 51 
783 51 
839 51 
858 51 
863 51 
921 51 
969 51 
977 51 
982 51 
988 51 
4 52 
7 52 
11 52 
12 52 
26 52 
49 52 
61 52 
66 52 
154 52 
184 52 
326 52 
336 52 
350 52 
411 52 
420 52 
434 52 
446 52 
562 52 
583 52 
825 52 
924 52 
7 53 
8 53 
19 53 
20 53 
27 53 
49 53 
81 53 
82 53 
96 53 
97 53 
104 53 
120 53 
125 53 
135 53 
151 53 
152 53 
230 53 
242 53 
244 53 
297 53 
317 53 
353 53 
365 53 
438 53 
444 53 
567 53 
576 53 
586 53 
617 53 
641 53 
655 53 
663 53 
744 53 
798 53 
801 53 
813 53 
856 53 
958 53 
983 53 
1 54 
4 54 
7 54 
9 54 
29 54 
37 54 
57 54 
68 54 
95 54 
109 54 
127 54 
174 54 
190 54 
234 54 
256 54 
270 54 
283 54 
423 54 
502 54 
632 54 
697 54 
881 54 
905 54 
909 54 
1 55 
11 55 
18 55 
20 55 
36 55 
40 55 
69 55 
72 55 
80 55 
114 55 
123 55 
124 55 
127 55 
144 55 
157 55 
213 55 
255 55 
324 55 
373 55 
382 55 
390 55 
403 55 
449 55 
549 55 
565 55 
591 55 
621 55 
630 55 
728 55 
770 55 
926 55 
4 56 
9 56 
26 56 
29 56 
34 56 
39 56 
67 56 
116 56 
131 56 
136 56 
171 56 
188 56 
228 56 
260 56 
367 56 
519 56 
581 56 
585 56 
645 56 
657 56 
684 56 
766 56 
782 56 
802 56 
883 56 
886 56 
949 56 
1 57 
4 57 
6 57 
26 57 
42 57 
54 57 
74 57 
95 57 
105 57 
174 57 
244 57 
256 57 
272 57 
306 57 
378 57 
420 57 
501 57 
709 57 
714 57 
737 57 
846 57 
3 58 
9 58 
10 58 
17 58 
22 58 
24 58 
60 58 
79 58 
90 58 
98 58 
120 58 
131 58 
134 58 
176 58 
204 58 
213 58 
224 58 
255 58 
266 58 
388 58 
556 58 
575 58 
614 58 
666 58 
668 58 
676 58 
706 58 
729 58 
749 58 
800 58 
935 58 
952 58 
980 58 
993 58 
9 59 
13 59 
14 59 
20 59 
27 59 
34 59 
93 59 
175 59 
203 59 
274 59 
315 59 
494 59 
495 59 
526 59 
625 59 
668 59 
694 59 
732 59 
752 59 
837 59 
908 59 
919 59 
3 60 
6 60 
9 60 
17 60 
24 60 
58 60 
90 60 
98 60 
119 60 
159 60 
224 60 
233 60 
253 60 
266 60 
383 60 
384 60 
416 60 
575 60 
601 60 
614 60 
625 60 
662 60 
687 60 
749 60 
803 60 
855 60 
887 60 
919 60 
985 60 
4 61 
6 61 
12 61 
21 61 
49 61 
52 61 
89 61 
143 61 
154 61 
167 61 
168 61 
173 61 
426 61 
508 61 
531 61 
560 61 
634 61 
734 61 
743 61 
962 61 
1 62 
6 62 
9 62 
28 62 
29 62 
41 62 
67 62 
70 62 
108 62 
110 62 
181 62 
203 62 
206 62 
271 62 
298 62 
328 62 
358 62 
407 62 
412 62 
447 62 
462 62 
505 62 
533 62 
598 62 
622 62 
701 62 
748 62 
866 62 
884 62 
912 62 
965 62 
986 62 
1 63 
2 63 
16 63 
25 63 
40 63 
43 63 
84 63 
115 63 
133 63 
150 63 
160 63 
179 63 
191 63 
197 63 
200 63 
209 63 
224 63 
388 63 
502 63 
568 63 
717 63 
794 63 
924 63 
966 63 
978 63 
2 64 
3 64 
5 64 
9 64 
10 64 
15 64 
85 64 
112 64 
121 64 
172 64 
186 64 
441 64 
443 64 
491 64 
597 64 
599 64 
688 64 
843 64 
885 64 
944 64 
959 64 
3 65 
10 65 
16 65 
30 65 
45 65 
48 65 
70 65 
107 65 
201 65 
219 65 
237 65 
248 65 
251 65 
396 65 
484 65 
628 65 
637 65 
691 65 
923 65 
7 66 
12 66 
19 66 
41 66 
50 66 
52 66 
139 66 
148 66 
198 66 
235 66 
254 66 
276 66 
437 66 
446 66 
535 66 
558 66 
574 66 
698 66 
700 66 
773 66 
924 66 
1 67 
26 67 
39 67 
41 67 
56 67 
62 67 
136 67 
193 67 
208 67 
260 67 
298 67 
367 67 
406 67 
407 67 
434 67 
490 67 
492 67 
555 67 
598 67 
883 67 
965 67 
974 67 
9 68 
29 68 
37 68 
51 68 
54 68 
109 68 
110 68 
112 68 
129 68 
133 68 
399 68 
453 68 
741 68 
905 68 
957 68 
981 68 
4 69 
11 69 
12 69 
33 69 
36 69 
55 69 
73 69 
86 69 
91 69 
164 69 
261 69 
373 69 
629 69 
636 69 
679 69 
733 69 
841 69 
1 70 
6 70 
10 70 
16 70 
62 70 
65 70 
85 70 
156 70 
181 70 
201 70 
206 70 
296 70 
682 70 
691 70 
1 71 
2 71 
3 71 
10 71 
11 71 
31 71 
76 71 
84 71 
87 71 
123 71 
146 71 
149 71 
158 71 
186 71 
214 71 
216 71 
221 71 
222 71 
227 71 
282 71 
285 71 
291 71 
300 71 
310 71 
319 71 
327 71 
330 71 
336 71 
341 71 
344 71 
421 71 
440 71 
447 71 
454 71 
457 71 
554 71 
630 71 
686 71 
696 71 
767 71 
822 71 
2 72 
18 72 
39 72 
40 72 
43 72 
55 72 
95 72 
123 72 
124 72 
144 72 
221 72 
241 72 
279 72 
304 72 
403 72 
471 72 
473 72 
506 72 
615 72 
616 72 
622 72 
647 72 
655 72 
680 72 
770 72 
807 72 
941 72 
980 72 
11 73 
26 73 
36 73 
39 73 
44 73 
69 73 
79 73 
86 73 
118 73 
132 73 
154 73 
165 73 
182 73 
277 73 
282 73 
292 73 
313 73 
314 73 
343 73 
396 73 
427 73 
491 73 
641 73 
733 73 
740 73 
759 73 
783 73 
839 73 
899 73 
906 73 
926 73 
930 73 
996 73 
5 74 
6 74 
26 74 
31 74 
49 74 
57 74 
90 74 
161 74 
195 74 
272 74 
378 74 
453 74 
483 74 
659 74 
714 74 
822 74 
846 74 
896 74 
916 74 
2 75 
4 75 
5 75 
9 75 
13 75 
15 75 
145 75 
201 75 
263 75 
300 75 
370 75 
403 75 
415 75 
541 75 
685 75 
779 75 
801 75 
864 75 
889 75 
1 76 
2 76 
3 76 
31 76 
71 76 
87 76 
111 76 
157 76 
192 76 
229 76 
273 76 
284 76 
295 76 
327 76 
353 76 
406 76 
460 76 
487 76 
634 76 
719 76 
806 76 
826 76 
969 76 
5 77 
6 77 
11 77 
37 77 
45 77 
47 77 
83 77 
257 77 
504 77 
560 77 
642 77 
669 77 
781 77 
5 78 
8 78 
9 78 
13 78 
34 78 
45 78 
138 78 
183 78 
222 78 
289 78 
342 78 
343 78 
354 78 
656 78 
903 78 
3 79 
10 79 
39 79 
44 79 
58 79 
73 79 
165 79 
177 79 
194 79 
232 79 
313 79 
492 79 
666 79 
722 79 
740 79 
899 79 
3 80 
4 80 
7 80 
11 80 
20 80 
55 80 
81 80 
86 80 
114 80 
140 80 
218 80 
475 80 
498 80 
548 80 
700 80 
888 80 
950 80 
3 81 
4 81 
19 81 
49 81 
53 81 
80 81 
86 81 
88 81 
96 81 
99 81 
140 81 
152 81 
220 81 
244 81 
335 81 
455 81 
461 81 
466 81 
476 81 
514 81 
530 81 
532 81 
692 81 
700 81 
741 81 
808 81 
888 81 
979 81 
7 82 
19 82 
37 82 
41 82 
49 82 
53 82 
104 82 
337 82 
452 82 
476 82 
572 82 
574 82 
617 82 
620 82 
663 82 
779 82 
811 82 
869 82 
10 83 
11 83 
29 83 
37 83 
77 83 
106 83 
132 83 
143 83 
166 83 
194 83 
231 83 
248 83 
280 83 
480 83 
482 83 
501 83 
582 83 
669 83 
714 83 
795 83 
883 83 
921 83 
11 84 
31 84 
40 84 
43 84 
63 84 
71 84 
123 84 
133 84 
197 84 
221 84 
256 84 
258 84 
264 84 
313 84 
375 84 
542 84 
568 84 
610 84 
688 84 
695 84 
767 84 
780 84 
797 84 
848 84 
1 85 
6 85 
9 85 
15 85 
64 85 
70 85 
92 85 
113 85 
121 85 
142 85 
151 85 
172 85 
186 85 
264 85 
275 85 
277 85 
296 85 
365 85 
381 85 
392 85 
459 85 
581 85 
614 85 
624 85 
678 85 
843 85 
929 85 
4 86 
11 86 
69 86 
73 86 
80 86 
81 86 
91 86 
218 86 
277 86 
292 86 
322 86 
367 86 
455 86 
460 86 
528 86 
636 86 
653 86 
700 86 
702 86 
711 86 
733 86 
783 86 
899 86 
8 87 
17 87 
31 87 
46 87 
71 87 
76 87 
100 87 
111 87 
149 87 
163 87 
178 87 
234 87 
295 87 
380 87 
385 87 
454 87 
634 87 
726 87 
751 87 
871 87 
3 88 
4 88 
20 88 
24 88 
81 88 
89 88 
99 88 
144 88 
183 88 
243 88 
316 88 
391 88 
461 88 
805 88 
3 89 
6 89 
21 89 
24 89 
61 89 
88 89 
167 89 
168 89 
243 89 
260 89 
334 89 
344 89 
527 89 
531 89 
560 89 
634 89 
805 89 
836 89 
852 89 
944 89 
962 89 
6 90 
24 90 
26 90 
58 90 
60 90 
74 90 
98 90 
119 90 
159 90 
161 90 
169 90 
195 90 
204 90 
253 90 
258 90 
345 90 
360 90 
393 90 
450 90 
529 90 
706 90 
722 90 
819 90 
846 90 
893 90 
8 91 
11 91 
34 91 
46 91 
69 91 
86 91 
636 91 
653 91 
797 91 
1 92 
8 92 
9 92 
15 92 
85 92 
113 92 
118 92 
187 92 
237 92 
240 92 
306 92 
342 92 
409 92 
519 92 
584 92 
693 92 
725 92 
789 92 
991 92 
1 93 
5 93 
14 93 
27 93 
44 93 
59 93 
138 93 
158 93 
177 93 
199 93 
262 93 
280 93 
303 93 
315 93 
401 93 
433 93 
494 93 
526 93 
577 93 
580 93 
608 93 
718 93 
810 93 
853 93 
909 93 
3 94 
5 94 
20 94 
23 94 
32 94 
35 94 
101 94 
103 94 
117 94 
128 94 
135 94 
137 94 
141 94 
149 94 
152 94 
208 94 
211 94 
223 94 
245 94 
323 94 
419 94 
452 94 
463 94 
465 94 
481 94 
485 94 
507 94 
579 94 
633 94 
697 94 
718 94 
750 94 
871 94 
894 94 
900 94 
914 94 
974 94 
2 95 
4 95 
39 95 
54 95 
57 95 
72 95 
244 95 
279 95 
10 96 
16 96 
19 96 
36 96 
53 96 
81 96 
97 96 
120 96 
125 96 
152 96 
220 96 
243 96 
310 96 
317 96 
427 96 
808 96 
813 96 
880 96 
1 97 
3 97 
19 97 
32 97 
53 97 
96 97 
120 97 
135 97 
192 97 
230 97 
354 97 
798 97 
858 97 
880 97 
983 97 
2 98 
25 98 
27 98 
58 98 
60 98 
90 98 
119 98 
204 98 
212 98 
224 98 
258 98 
479 98 
625 98 
676 98 
3 99 
17 99 
30 99 
48 99 
81 99 
88 99 
108 99 
183 99 
210 99 
391 99 
461 99 
464 99 
496 99 
597 99 
741 99 
835 99 
3 100 
17 100 
46 100 
48 100 
87 100 
101 100 
116 100 
121 100 
122 100 
178 100 
276 100 
386 100 
477 100 
509 100 
650 100 
751 100 
793 100 
17 101 
23 101 
32 101 
46 101 
94 101 
100 101 
116 101 
128 101 
223 101 
470 101 
477 101 
481 101 
640 101 
900 101 
997 101 
1 102 
6 102 
28 102 
32 102 
42 102 
43 102 
178 102 
347 102 
398 102 
499 102 
763 102 
854 102 
920 102 
935 102 
3 103 
4 103 
5 103 
31 103 
32 103 
94 103 
175 103 
182 103 
323 103 
356 103 
579 103 
750 103 
878 103 
954 103 
2 104 
8 104 
14 104 
49 104 
53 104 
82 104 
151 104 
265 104 
346 104 
431 104 
452 104 
585 104 
617 104 
739 104 
811 104 
869 104 
958 104 
988 104 
1 105 
3 105 
4 105 
14 105 
17 105 
57 105 
119 105 
293 105 
381 105 
420 105 
449 105 
501 105 
633 105 
737 105 
846 105 
3 106 
10 106 
16 106 
29 106 
45 106 
83 106 
166 106 
170 106 
176 106 
209 106 
210 106 
223 106 
248 106 
259 106 
340 106 
380 106 
418 106 
480 106 
615 106 
695 106 
710 106 
731 106 
826 106 
968 106 
990 106 
1 107 
16 107 
21 107 
45 107 
65 107 
167 107 
219 107 
248 107 
396 107 
445 107 
493 107 
565 107 
628 107 
652 107 
821 107 
873 107 
911 107 
997 107 
9 108 
17 108 
28 108 
48 108 
62 108 
99 108 
110 108 
210 108 
311 108 
318 108 
442 108 
462 108 
627 108 
665 108 
667 108 
748 108 
835 108 
850 108 
912 108 
937 108 
1 109 
7 109 
29 109 
37 109 
54 109 
68 109 
110 109 
160 109 
234 109 
284 109 
295 109 
316 109 
363 109 
407 109 
408 109 
424 109 
569 109 
570 109 
721 109 
736 109 
741 109 
880 109 
927 109 
957 109 
998 109 
28 110 
29 110 
62 110 
68 110 
108 110 
109 110 
133 110 
160 110 
203 110 
271 110 
447 110 
741 110 
748 110 
1 111 
8 111 
31 111 
46 111 
76 111 
87 111 
126 111 
129 111 
157 111 
163 111 
229 111 
252 111 
267 111 
274 111 
284 111 
466 111 
588 111 
703 111 
901 111 
995 111 
3 112 
5 112 
9 112 
51 112 
64 112 
68 112 
129 112 
206 112 
211 112 
320 112 
356 112 
359 112 
491 112 
525 112 
922 112 
945 112 
5 113 
8 113 
9 113 
44 113 
85 113 
92 113 
237 113 
239 113 
348 113 
431 113 
459 113 
8 114 
11 114 
16 114 
36 114 
55 114 
80 114 
145 114 
188 114 
364 114 
383 114 
472 114 
689 114 
709 114 
891 114 
8 115 
14 115 
16 115 
25 115 
27 115 
63 115 
209 115 
238 115 
287 115 
312 115 
314 115 
439 115 
502 115 
522 115 
550 115 
720 115 
806 115 
978 115 
29 116 
34 116 
46 116 
56 116 
100 116 
101 116 
188 116 
411 116 
482 116 
585 116 
1 117 
5 117 
6 117 
35 117 
94 117 
137 117 
173 117 
205 117 
230 117 
328 117 
452 117 
465 117 
507 117 
561 117 
596 117 
620 117 
639 117 
701 117 
704 117 
905 117 
8 118 
15 118 
26 118 
44 118 
73 118 
92 118 
154 118 
155 118 
182 118 
240 118 
263 118 
306 118 
342 118 
423 118 
473 118 
480 118 
575 118 
586 118 
693 118 
742 118 
759 118 
3 119 
14 119 
60 119 
90 119 
98 119 
105 119 
141 119 
293 119 
335 119 
381 119 
449 119 
625 119 
633 119 
874 119 
985 119 
17 120 
22 120 
53 120 
58 120 
96 120 
97 120 
125 120 
176 120 
199 120 
370 120 
567 120 
693 120 
729 120 
798 120 
868 120 
916 120 
952 120 
9 121 
17 121 
48 121 
64 121 
85 121 
100 121 
122 121 
142 121 
151 121 
186 121 
195 121 
252 121 
276 121 
277 121 
337 121 
365 121 
392 121 
597 121 
606 121 
650 121 
688 121 
743 121 
762 121 
763 121 
777 121 
793 121 
929 121 
2 122 
5 122 
14 122 
17 122 
100 122 
121 122 
150 122 
374 122 
389 122 
509 122 
545 122 
717 122 
763 122 
823 122 
902 122 
31 123 
40 123 
55 123 
71 123 
72 123 
84 123 
124 123 
256 123 
440 123 
449 123 
471 123 
488 123 
583 123 
621 123 
638 123 
647 123 
708 123 
728 123 
742 123 
767 123 
848 123 
867 123 
5 124 
8 124 
47 124 
55 124 
72 124 
123 124 
185 124 
308 124 
346 124 
372 124 
393 124 
441 124 
449 124 
471 124 
488 124 
544 124 
630 124 
638 124 
708 124 
744 124 
829 124 
837 124 
6 125 
11 125 
12 125 
53 125 
96 125 
120 125 
181 125 
309 125 
523 125 
579 125 
673 125 
874 125 
1 126 
5 126 
6 126 
19 126 
31 126 
111 126 
129 126 
159 126 
163 126 
217 126 
246 126 
274 126 
377 126 
472 126 
777 126 
842 126 
929 126 
995 126 
1 127 
9 127 
18 127 
37 127 
54 127 
55 127 
157 127 
283 127 
324 127 
382 127 
553 127 
671 127 
697 127 
870 127 
926 127 
4 128 
5 128 
9 128 
23 128 
94 128 
101 128 
162 128 
211 128 
223 128 
268 128 
325 128 
348 128 
470 128 
534 128 
653 128 
723 128 
784 128 
855 128 
917 128 
1 129 
9 129 
68 129 
111 129 
112 129 
126 129 
163 129 
211 129 
359 129 
621 129 
747 129 
929 129 
995 129 
3 130 
8 130 
15 130 
21 130 
22 130 
25 130 
137 130 
196 130 
207 130 
257 130 
394 130 
507 130 
522 130 
547 130 
672 130 
713 130 
765 130 
790 130 
3 131 
4 131 
9 131 
39 131 
56 131 
58 131 
134 131 
136 131 
204 131 
213 131 
296 131 
662 131 
749 131 
886 131 
980 131 
11 132 
36 132 
37 132 
73 132 
83 132 
143 132 
387 132 
396 132 
427 132 
482 132 
551 132 
714 132 
937 132 
29 133 
43 133 
63 133 
68 133 
84 133 
110 133 
568 133 
794 133 
5 134 
9 134 
14 134 
38 134 
58 134 
131 134 
136 134 
213 134 
241 134 
388 134 
591 134 
5 135 
19 135 
20 135 
53 135 
94 135 
97 135 
208 135 
212 135 
225 135 
230 135 
290 135 
338 135 
354 135 
359 135 
365 135 
366 135 
428 135 
514 135 
633 135 
746 135 
834 135 
840 135 
847 135 
9 136 
26 136 
56 136 
67 136 
131 136 
134 136 
171 136 
241 136 
367 136 
643 136 
645 136 
738 136 
757 136 
949 136 
15 137 
22 137 
35 137 
94 137 
117 137 
130 137 
141 137 
172 137 
173 137 
207 137 
468 137 
485 137 
522 137 
676 137 
752 137 
808 137 
5 138 
13 138 
34 138 
44 138 
78 138 
93 138 
199 138 
718 138 
729 138 
810 138 
2 139 
23 139 
32 139 
41 139 
50 139 
66 139 
189 139 
261 139 
276 139 
289 139 
338 139 
415 139 
508 139 
530 139 
535 139 
613 139 
626 139 
692 139 
824 139 
906 139 
942 139 
984 139 
3 140 
5 140 
10 140 
13 140 
80 140 
81 140 
156 140 
335 140 
469 140 
485 140 
569 140 
631 140 
644 140 
756 140 
992 140 
3 141 
14 141 
35 141 
94 141 
119 141 
137 141 
149 141 
335 141 
402 141 
485 141 
635 141 
681 141 
808 141 
866 141 
4 142 
9 142 
19 142 
51 142 
85 142 
121 142 
151 142 
174 142 
193 142 
195 142 
269 142 
309 142 
395 142 
488 142 
619 142 
712 142 
723 142 
735 142 
788 142 
839 142 
887 142 
956 142 
982 142 
11 143 
12 143 
49 143 
61 143 
83 143 
132 143 
173 143 
231 143 
426 143 
482 143 
645 143 
699 143 
795 143 
831 143 
1000 143 
3 144 
18 144 
20 144 
55 144 
72 144 
88 144 
349 144 
376 144 
390 144 
403 144 
456 144 
516 144 
549 144 
639 144 
648 144 
941 144 
5 145 
13 145 
16 145 
36 145 
75 145 
114 145 
188 145 
300 145 
403 145 
557 145 
689 145 
716 145 
779 145 
1 146 
3 146 
10 146 
26 146 
31 146 
71 146 
158 146 
170 146 
238 146 
285 146 
321 146 
344 146 
486 146 
499 146 
521 146 
580 146 
607 146 
660 146 
667 146 
885 146 
2 147 
4 147 
6 147 
11 147 
12 147 
37 147 
285 147 
317 147 
371 147 
384 147 
446 147 
623 147 
804 147 
966 147 
4 148 
7 148 
19 148 
41 148 
51 148 
66 148 
198 148 
278 148 
455 148 
531 148 
609 148 
31 149 
35 149 
71 149 
87 149 
94 149 
141 149 
186 149 
222 149 
234 149 
385 149 
402 149 
454 149 
606 149 
630 149 
672 149 
751 149 
849 149 
871 149 
2 150 
14 150 
16 150 
63 150 
122 150 
153 150 
180 150 
288 150 
374 150 
389 150 
397 150 
545 150 
552 150 
717 150 
823 150 
49 151 
53 151 
85 151 
104 151 
121 151 
142 151 
392 151 
624 151 
707 151 
744 151 
20 152 
35 152 
53 152 
81 152 
94 152 
96 152 
220 152 
245 152 
317 152 
567 152 
617 152 
2 153 
7 153 
14 153 
18 153 
39 153 
150 153 
180 153 
321 153 
513 153 
940 153 
12 154 
44 154 
52 154 
61 154 
73 154 
118 154 
182 154 
263 154 
282 154 
326 154 
343 154 
423 154 
445 154 
742 154 
920 154 
1 155 
17 155 
26 155 
30 155 
44 155 
118 155 
249 155 
331 155 
429 155 
462 155 
480 155 
657 155 
5 156 
10 156 
16 156 
70 156 
140 156 
485 156 
515 156 
536 156 
568 156 
569 156 
573 156 
644 156 
823 156 
844 156 
1 157 
31 157 
55 157 
76 157 
111 157 
127 157 
192 157 
213 157 
324 157 
588 157 
703 157 
806 157 
1 158 
5 158 
10 158 
71 158 
93 158 
146 158 
300 158 
344 158 
374 158 
499 158 
503 158 
528 158 
580 158 
785 158 
896 158 
909 158 
1 159 
24 159 
31 159 
60 159 
90 159 
126 159 
253 159 
393 159 
538 159 
722 159 
842 159 
845 159 
1 160 
29 160 
43 160 
63 160 
109 160 
110 160 
179 160 
330 160 
408 160 
438 160 
754 160 
3 161 
5 161 
8 161 
26 161 
74 161 
90 161 
195 161 
235 161 
333 161 
352 161 
483 161 
637 161 
819 161 
910 161 
943 161 
1 162 
4 162 
5 162 
26 162 
28 162 
128 162 
268 162 
357 162 
379 162 
545 162 
558 162 
810 162 
1 163 
8 163 
87 163 
111 163 
126 163 
129 163 
252 163 
281 163 
332 163 
372 163 
377 163 
472 163 
621 163 
726 163 
777 163 
929 163 
933 163 
4 164 
12 164 
28 164 
42 164 
50 164 
69 164 
198 164 
261 164 
279 164 
386 164 
424 164 
481 164 
486 164 
547 164 
674 164 
835 164 
963 164 
18 165 
39 165 
43 165 
73 165 
79 165 
226 165 
313 165 
402 165 
559 165 
605 165 
736 165 
899 165 
906 165 
986 165 
999 165 
10 166 
22 166 
30 166 
83 166 
106 166 
176 166 
248 166 
280 166 
305 166 
380 166 
542 166 
710 166 
756 166 
789 166 
861 166 
6 167 
16 167 
21 167 
61 167 
89 167 
107 167 
168 167 
334 167 
341 167 
445 167 
493 167 
508 167 
527 167 
584 167 
651 167 
734 167 
743 167 
745 167 
761 167 
821 167 
852 167 
873 167 
982 167 
989 167 
26 168 
42 168 
50 168 
61 168 
89 168 
167 168 
340 168 
527 168 
531 168 
734 168 
946 168 
4 169 
6 169 
9 169 
26 169 
48 169 
90 169 
464 169 
796 169 
893 169 
1 170 
16 170 
26 170 
45 170 
106 170 
146 170 
209 170 
238 170 
242 170 
294 170 
340 170 
490 170 
498 170 
503 170 
578 170 
607 170 
695 170 
716 170 
731 170 
739 170 
990 170 
1 171 
14 171 
17 171 
26 171 
56 171 
136 171 
216 171 
479 171 
519 171 
643 171 
645 171 
657 171 
713 171 
738 171 
15 172 
22 172 
64 172 
85 172 
137 172 
189 172 
264 172 
288 172 
302 172 
333 172 
334 172 
381 172 
443 172 
468 172 
551 172 
676 172 
764 172 
786 172 
35 173 
49 173 
61 173 
117 173 
137 173 
143 173 
639 173 
645 173 
831 173 
861 173 
1 174 
4 174 
51 174 
54 174 
57 174 
142 174 
184 174 
190 174 
228 174 
256 174 
265 174 
269 174 
273 174 
306 174 
347 174 
351 174 
436 174 
442 174 
524 174 
604 174 
712 174 
727 174 
816 174 
881 174 
940 174 
4 175 
9 175 
31 175 
34 175 
59 175 
103 175 
203 175 
430 175 
668 175 
694 175 
837 175 
954 175 
10 176 
22 176 
58 176 
106 176 
120 176 
166 176 
199 176 
259 176 
305 176 
327 176 
370 176 
416 176 
567 176 
710 176 
815 176 
952 176 
3 177 
10 177 
14 177 
27 177 
79 177 
93 177 
232 177 
253 177 
262 177 
272 177 
280 177 
303 177 
308 177 
417 177 
450 177 
526 177 
612 177 
769 177 
799 177 
17 178 
28 178 
42 178 
87 178 
100 178 
102 178 
347 178 
380 178 
499 178 
737 178 
1 179 
2 179 
7 179 
39 179 
63 179 
160 179 
202 179 
214 179 
330 179 
388 179 
391 179 
399 179 
587 179 
602 179 
705 179 
2 180 
4 180 
22 180 
40 180 
150 180 
153 180 
288 180 
401 180 
649 180 
940 180 
1 181 
6 181 
12 181 
62 181 
70 181 
125 181 
205 181 
309 181 
326 181 
448 181 
520 181 
673 181 
829 181 
863 181 
3 182 
32 182 
73 182 
103 182 
118 182 
154 182 
301 182 
356 182 
423 182 
473 182 
658 182 
759 182 
839 182 
993 182 
3 183 
5 183 
45 183 
78 183 
88 183 
99 183 
197 183 
391 183 
496 183 
4 184 
11 184 
26 184 
51 184 
52 184 
174 184 
228 184 
250 184 
265 184 
273 184 
324 184 
352 184 
436 184 
461 184 
644 184 
659 184 
706 184 
770 184 
805 184 
858 184 
904 184 
948 184 
950 184 
8 185 
14 185 
20 185 
38 185 
47 185 
124 185 
218 185 
250 185 
308 185 
393 185 
517 185 
544 185 
596 185 
610 185 
652 185 
660 185 
778 185 
785 185 
955 185 
971 185 
31 186 
64 186 
71 186 
85 186 
121 186 
149 186 
222 186 
277 186 
282 186 
341 186 
414 186 
418 186 
447 186 
597 186 
777 186 
843 186 
1 187 
9 187 
15 187 
92 187 
240 187 
409 187 
426 187 
519 187 
557 187 
571 187 
594 187 
725 187 
991 187 
16 188 
34 188 
56 188 
114 188 
116 188 
145 188 
383 188 
411 188 
544 188 
557 188 
611 188 
664 188 
684 188 
689 188 
709 188 
716 188 
956 188 
15 189 
22 189 
41 189 
50 189 
139 189 
172 189 
288 189 
289 189 
302 189 
551 189 
692 189 
1 190 
9 190 
10 190 
37 190 
54 190 
174 190 
196 190 
299 190 
347 190 
398 190 
477 190 
478 190 
999 190 
1 191 
2 191 
25 191 
40 191 
63 191 
200 191 
224 191 
266 191 
320 191 
469 191 
673 191 
717 191 
738 191 
778 191 
924 191 
947 191 
966 191 
1 192 
3 192 
31 192 
76 192 
97 192 
157 192 
460 192 
475 192 
678 192 
806 192 
858 192 
979 192 
19 193 
26 193 
39 193 
51 193 
67 193 
142 193 
309 193 
488 193 
492 193 
703 193 
723 193 
788 193 
977 193 
10 194 
37 194 
39 194 
44 194 
79 194 
83 194 
582 194 
883 194 
903 194 
9 195 
74 195 
90 195 
121 195 
142 195 
161 195 
606 195 
819 195 
846 195 
956 195 
967 195 
3 196 
9 196 
10 196 
25 196 
130 196 
190 196 
200 196 
202 196 
232 196 
257 196 
299 196 
385 196 
456 196 
478 196 
547 196 
589 196 
713 196 
765 196 
5 197 
40 197 
45 197 
63 197 
84 197 
183 197 
603 197 
610 197 
19 198 
28 198 
42 198 
66 198 
148 198 
164 198 
486 198 
674 198 
754 198 
22 199 
44 199 
93 199 
120 199 
138 199 
176 199 
303 199 
370 199 
577 199 
693 199 
718 199 
815 199 
868 199 
2 200 
3 200 
25 200 
63 200 
191 200 
196 200 
202 200 
224 200 
232 200 
266 200 
320 200 
385 200 
510 200 
573 200 
600 200 
618 200 
640 200 
673 200 
719 200 
832 200 
892 200 
938 200 
5 201 
9 201 
16 201 
65 201 
70 201 
75 201 
251 201 
263 201 
291 201 
397 201 
413 201 
439 201 
691 201 
856 201 
877 201 
889 201 
939 201 
2 202 
7 202 
25 202 
179 202 
196 202 
200 202 
232 202 
391 202 
456 202 
548 202 
757 202 
9 203 
28 203 
59 203 
62 203 
110 203 
175 203 
271 203 
412 203 
526 203 
837 203 
908 203 
3 204 
58 204 
90 204 
98 204 
131 204 
255 204 
258 204 
345 204 
479 204 
529 204 
706 204 
749 204 
935 204 
5 205 
6 205 
12 205 
117 205 
181 205 
328 205 
448 205 
863 205 
6 206 
9 206 
51 206 
62 206 
70 206 
112 206 
320 206 
356 206 
358 206 
559 206 
564 206 
622 206 
682 206 
922 206 
2 207 
8 207 
13 207 
15 207 
130 207 
137 207 
220 207 
302 207 
670 207 
752 207 
838 207 
1 208 
5 208 
41 208 
67 208 
94 208 
135 208 
225 208 
268 208 
290 208 
339 208 
361 208 
406 208 
422 208 
425 208 
514 208 
598 208 
633 208 
697 208 
894 208 
25 209 
45 209 
63 209 
106 209 
115 209 
170 209 
314 209 
340 209 
502 209 
566 209 
3 210 
45 210 
48 210 
99 210 
106 210 
108 210 
223 210 
311 210 
418 210 
513 210 
546 210 
615 210 
732 210 
769 210 
790 210 
821 210 
833 210 
886 210 
968 210 
9 211 
23 211 
94 211 
112 211 
128 211 
129 211 
359 211 
419 211 
525 211 
616 211 
747 211 
758 211 
784 211 
892 211 
941 211 
2 212 
5 212 
20 212 
27 212 
98 212 
135 212 
290 212 
301 212 
338 212 
366 212 
746 212 
784 212 
834 212 
1 213 
55 213 
58 213 
131 213 
134 213 
157 213 
255 213 
437 213 
538 213 
591 213 
2 214 
10 214 
39 214 
71 214 
179 214 
216 214 
311 214 
399 214 
457 214 
602 214 
607 214 
788 214 
802 214 
820 214 
973 214 
3 215 
6 215 
20 215 
26 215 
31 215 
49 215 
286 215 
293 215 
368 215 
369 215 
404 215 
428 215 
436 215 
611 215 
696 215 
730 215 
772 215 
816 215 
877 215 
879 215 
1 216 
10 216 
14 216 
71 216 
171 216 
214 216 
311 216 
457 216 
479 216 
554 216 
661 216 
686 216 
713 216 
972 216 
6 217 
7 217 
19 217 
25 217 
27 217 
126 217 
246 217 
262 217 
410 217 
515 217 
534 217 
536 217 
893 217 
964 217 
4 218 
8 218 
47 218 
80 218 
86 218 
185 218 
250 218 
517 218 
548 218 
610 218 
16 219 
30 219 
45 219 
48 219 
65 219 
107 219 
237 219 
546 219 
711 219 
884 219 
2 220 
8 220 
81 220 
96 220 
152 220 
207 220 
270 220 
302 220 
451 220 
518 220 
670 220 
838 220 
857 220 
932 220 
11 221 
18 221 
40 221 
71 221 
72 221 
84 221 
227 221 
241 221 
497 221 
600 221 
622 221 
655 221 
690 221 
696 221 
8 222 
34 222 
71 222 
78 222 
149 222 
186 222 
341 222 
342 222 
727 222 
791 222 
45 223 
94 223 
101 223 
106 223 
128 223 
210 223 
470 223 
534 223 
968 223 
58 224 
60 224 
63 224 
98 224 
191 224 
200 224 
575 224 
676 224 
717 224 
3 225 
5 225 
11 225 
24 225 
135 225 
208 225 
245 225 
315 225 
339 225 
458 225 
474 225 
514 225 
598 225 
758 225 
923 225 
18 226 
32 226 
40 226 
43 226 
165 226 
517 226 
524 226 
605 226 
750 226 
819 226 
975 226 
986 226 
5 227 
11 227 
19 227 
71 227 
221 227 
239 227 
269 227 
310 227 
421 227 
425 227 
429 227 
696 227 
875 227 
4 228 
26 228 
56 228 
174 228 
184 228 
265 228 
331 228 
352 228 
448 228 
589 228 
770 228 
940 228 
950 228 
1 229 
8 229 
17 229 
23 229 
76 229 
111 229 
267 229 
284 229 
470 229 
619 229 
870 229 
939 229 
5 230 
35 230 
53 230 
97 230 
117 230 
135 230 
299 230 
10 231 
11 231 
29 231 
38 231 
83 231 
143 231 
570 231 
699 231 
795 231 
921 231 
1000 231 
3 232 
79 232 
177 232 
196 232 
200 232 
202 232 
385 232 
492 232 
573 232 
938 232 
5 233 
6 233 
9 233 
28 233 
29 233 
60 233 
395 233 
601 233 
992 233 
995 233 
1 234 
31 234 
54 234 
87 234 
109 234 
149 234 
284 234 
295 234 
358 234 
385 234 
407 234 
502 234 
606 234 
909 234 
3 235 
5 235 
7 235 
12 235 
66 235 
161 235 
333 235 
437 235 
574 235 
675 235 
759 235 
773 235 
910 235 
4 236 
15 236 
22 236 
31 236 
39 236 
40 236 
281 236 
362 236 
405 236 
549 236 
857 236 
9 237 
30 237 
65 237 
92 237 
113 237 
219 237 
546 237 
584 237 
789 237 
1 238 
14 238 
27 238 
115 238 
146 238 
170 238 
242 238 
490 238 
607 238 
667 238 
707 238 
791 238 
5 239 
8 239 
19 239 
113 239 
227 239 
332 239 
369 239 
376 239 
425 239 
429 239 
875 239 
878 239 
8 240 
9 240 
15 240 
92 240 
118 240 
187 240 
247 240 
292 240 
306 240 
349 240 
426 240 
458 240 
516 240 
9 241 
40 241 
72 241 
134 241 
136 241 
221 241 
1 242 
8 242 
20 242 
53 242 
170 242 
238 242 
490 242 
498 242 
576 242 
578 242 
707 242 
775 242 
791 242 
10 243 
24 243 
36 243 
88 243 
89 243 
96 243 
259 243 
260 243 
316 243 
344 243 
371 243 
379 243 
389 243 
484 243 
578 243 
728 243 
780 243 
4 244 
49 244 
53 244 
57 244 
81 244 
95 244 
438 244 
476 244 
514 244 
628 244 
734 244 
910 244 
927 244 
3 245 
20 245 
24 245 
94 245 
152 245 
225 245 
307 245 
312 245 
315 245 
325 245 
329 245 
458 245 
512 245 
518 245 
617 245 
691 245 
726 245 
758 245 
815 245 
936 245 
3 246 
4 246 
5 246 
19 246 
126 246 
217 246 
278 246 
410 246 
459 246 
497 246 
534 246 
643 246 
650 246 
755 246 
853 246 
859 246 
893 246 
912 246 
6 247 
9 247 
11 247 
15 247 
36 247 
240 247 
292 247 
294 247 
318 247 
349 247 
360 247 
382 247 
414 247 
494 247 
527 247 
587 247 
900 247 
16 248 
65 248 
83 248 
106 248 
107 248 
166 248 
380 248 
396 248 
480 248 
637 248 
652 248 
789 248 
1 249 
3 249 
7 249 
18 249 
30 249 
155 249 
331 249 
361 249 
378 249 
405 249 
412 249 
592 249 
595 249 
681 249 
918 249 
11 250 
26 250 
47 250 
184 250 
185 250 
218 250 
517 250 
644 250 
660 250 
805 250 
3 251 
4 251 
16 251 
23 251 
65 251 
201 251 
364 251 
877 251 
8 252 
17 252 
48 252 
111 252 
121 252 
163 252 
281 252 
372 252 
466 252 
478 252 
540 252 
674 252 
683 252 
745 252 
762 252 
786 252 
933 252 
3 253 
10 253 
60 253 
90 253 
159 253 
177 253 
393 253 
450 253 
12 254 
18 254 
19 254 
33 254 
50 254 
66 254 
275 254 
298 254 
323 254 
351 254 
400 254 
748 254 
850 254 
996 254 
1 255 
3 255 
55 255 
58 255 
204 255 
213 255 
437 255 
556 255 
591 255 
800 255 
31 256 
54 256 
57 256 
84 256 
123 256 
174 256 
306 256 
375 256 
542 256 
583 256 
797 256 
848 256 
881 256 
3 257 
5 257 
6 257 
77 257 
130 257 
196 257 
547 257 
560 257 
11 258 
31 258 
84 258 
90 258 
98 258 
204 258 
264 258 
345 258 
360 258 
457 258 
479 258 
698 258 
10 259 
36 259 
106 259 
176 259 
243 259 
371 259 
506 259 
578 259 
658 259 
826 259 
951 259 
24 260 
39 260 
56 260 
67 260 
89 260 
243 260 
344 260 
379 260 
387 260 
484 260 
490 260 
555 260 
581 260 
883 260 
2 261 
4 261 
23 261 
69 261 
139 261 
164 261 
279 261 
338 261 
415 261 
481 261 
651 261 
835 261 
942 261 
963 261 
7 262 
25 262 
27 262 
93 262 
177 262 
217 262 
272 262 
526 262 
679 262 
782 262 
964 262 
5 263 
44 263 
75 263 
118 263 
154 263 
201 263 
291 263 
370 263 
413 263 
742 263 
15 264 
31 264 
84 264 
85 264 
172 264 
258 264 
275 264 
313 264 
381 264 
457 264 
688 264 
695 264 
2 265 
8 265 
104 265 
174 265 
184 265 
228 265 
273 265 
305 265 
324 265 
351 265 
431 265 
442 265 
461 265 
603 265 
706 265 
770 265 
940 265 
988 265 
2 266 
17 266 
58 266 
60 266 
191 266 
200 266 
320 266 
384 266 
416 266 
510 266 
600 266 
614 266 
618 266 
668 266 
699 266 
738 266 
803 266 
813 266 
887 266 
892 266 
897 266 
1 267 
3 267 
10 267 
45 267 
111 267 
229 267 
435 267 
646 267 
682 267 
975 267 
1 268 
5 268 
41 268 
128 268 
162 268 
208 268 
290 268 
357 268 
361 268 
422 268 
537 268 
653 268 
810 268 
889 268 
931 268 
11 269 
19 269 
51 269 
142 269 
174 269 
227 269 
727 269 
839 269 
921 269 
2 270 
8 270 
9 270 
29 270 
54 270 
220 270 
423 270 
451 270 
632 270 
704 270 
772 270 
932 270 
957 270 
16 271 
25 271 
35 271 
62 271 
110 271 
203 271 
447 271 
6 272 
27 272 
57 272 
74 272 
177 272 
262 272 
308 272 
714 272 
769 272 
782 272 
2 273 
3 273 
76 273 
174 273 
184 273 
265 273 
304 273 
324 273 
351 273 
524 273 
543 273 
733 273 
14 274 
20 274 
31 274 
59 274 
111 274 
126 274 
495 274 
12 275 
15 275 
33 275 
85 275 
254 275 
264 275 
511 275 
48 276 
50 276 
66 276 
100 276 
121 276 
139 276 
337 276 
386 276 
489 276 
555 276 
650 276 
743 276 
11 277 
73 277 
85 277 
86 277 
121 277 
186 277 
292 277 
322 277 
365 277 
367 277 
537 277 
932 277 
3 278 
4 278 
19 278 
41 278 
148 278 
246 278 
287 278 
322 278 
433 278 
467 278 
608 278 
853 278 
859 278 
865 278 
912 278 
4 279 
39 279 
72 279 
95 279 
164 279 
261 279 
304 279 
350 279 
355 279 
481 279 
506 279 
720 279 
841 279 
10 280 
14 280 
83 280 
93 280 
166 280 
177 280 
303 280 
501 280 
853 280 
8 281 
15 281 
22 281 
163 281 
236 281 
252 281 
332 281 
372 281 
478 281 
504 281 
549 281 
786 281 
794 281 
807 281 
31 282 
44 282 
71 282 
73 282 
154 282 
186 282 
314 282 
319 282 
330 282 
336 282 
343 282 
414 282 
445 282 
447 282 
465 282 
848 282 
8 283 
10 283 
36 283 
37 283 
54 283 
127 283 
671 283 
697 283 
753 283 
860 283 
1 284 
76 284 
109 284 
111 284 
229 284 
234 284 
295 284 
316 284 
358 284 
432 284 
570 284 
2 285 
3 285 
12 285 
71 285 
146 285 
147 285 
291 285 
384 285 
390 285 
486 285 
793 285 
976 285 
3 286 
6 286 
19 286 
37 286 
47 286 
215 286 
357 286 
368 286 
408 286 
611 286 
879 286 
933 286 
1000 286 
16 287 
19 287 
25 287 
41 287 
115 287 
278 287 
297 287 
322 287 
409 287 
433 287 
467 287 
671 287 
768 287 
2 288 
22 288 
150 288 
172 288 
180 288 
189 288 
302 288 
333 288 
764 288 
925 288 
5 289 
9 289 
50 289 
78 289 
139 289 
189 289 
343 289 
496 289 
530 289 
588 289 
692 289 
828 289 
851 289 
865 289 
945 289 
5 290 
41 290 
135 290 
208 290 
212 290 
268 290 
301 290 
931 290 
3 291 
5 291 
71 291 
201 291 
263 291 
285 291 
397 291 
413 291 
467 291 
474 291 
793 291 
15 292 
73 292 
86 292 
240 292 
247 292 
277 292 
322 292 
349 292 
414 292 
458 292 
516 292 
528 292 
539 292 
587 292 
593 292 
783 292 
800 292 
3 293 
26 293 
49 293 
105 293 
119 293 
215 293 
428 293 
1 294 
9 294 
15 294 
26 294 
170 294 
247 294 
716 294 
774 294 
900 294 
31 295 
76 295 
87 295 
109 295 
234 295 
284 295 
316 295 
353 295 
363 295 
407 295 
424 295 
487 295 
512 295 
634 295 
776 295 
4 296 
6 296 
39 296 
70 296 
85 296 
131 296 
662 296 
8 297 
16 297 
25 297 
27 297 
53 297 
287 297 
353 297 
409 297 
856 297 
907 297 
984 297 
1 298 
19 298 
50 298 
62 298 
67 298 
254 298 
307 298 
323 298 
351 298 
400 298 
463 298 
598 298 
715 298 
5 299 
9 299 
35 299 
190 299 
196 299 
230 299 
478 299 
5 300 
10 300 
71 300 
75 300 
145 300 
158 300 
541 300 
779 300 
801 300 
3 301 
5 301 
32 301 
182 301 
212 301 
290 301 
993 301 
2 302 
172 302 
189 302 
207 302 
220 302 
288 302 
333 302 
334 302 
518 302 
551 302 
857 302 
917 302 
44 303 
93 303 
177 303 
199 303 
280 303 
433 303 
577 303 
853 303 
2 304 
3 304 
39 304 
72 304 
273 304 
279 304 
350 304 
506 304 
543 304 
615 304 
720 304 
733 304 
827 304 
832 304 
904 304 
2 305 
8 305 
10 305 
166 305 
176 305 
265 305 
327 305 
375 305 
541 305 
603 305 
690 305 
760 305 
762 305 
57 306 
92 306 
118 306 
174 306 
240 306 
256 306 
342 306 
575 306 
3 307 
19 307 
24 307 
50 307 
245 307 
298 307 
312 307 
325 307 
443 307 
463 307 
726 307 
761 307 
817 307 
936 307 
8 308 
27 308 
124 308 
177 308 
185 308 
272 308 
372 308 
393 308 
417 308 
440 308 
441 308 
543 308 
590 308 
592 308 
635 308 
769 308 
829 308 
12 309 
51 309 
125 309 
142 309 
181 309 
193 309 
326 309 
395 309 
723 309 
977 309 
11 310 
16 310 
36 310 
71 310 
96 310 
227 310 
421 310 
601 310 
987 310 
10 311 
48 311 
108 311 
210 311 
214 311 
216 311 
513 311 
523 311 
627 311 
732 311 
907 311 
967 311 
3 312 
8 312 
27 312 
115 312 
245 312 
307 312 
439 312 
522 312 
556 312 
720 312 
809 312 
936 312 
31 313 
73 313 
79 313 
84 313 
165 313 
264 313 
688 313 
780 313 
899 313 
906 313 
25 314 
44 314 
73 314 
115 314 
209 314 
282 314 
566 314 
24 315 
27 315 
59 315 
93 315 
225 315 
245 315 
401 315 
691 315 
758 315 
24 316 
88 316 
109 316 
243 316 
284 316 
295 316 
363 316 
512 316 
570 316 
768 316 
880 316 
927 316 
11 317 
37 317 
53 317 
96 317 
147 317 
152 317 
567 317 
623 317 
774 317 
813 317 
854 317 
6 318 
9 318 
11 318 
28 318 
108 318 
247 318 
394 318 
442 318 
493 318 
494 318 
629 318 
867 318 
2 319 
10 319 
13 319 
31 319 
71 319 
282 319 
330 319 
377 319 
465 319 
724 319 
812 319 
51 320 
112 320 
191 320 
200 320 
206 320 
266 320 
356 320 
559 320 
673 320 
892 320 
3 321 
7 321 
10 321 
39 321 
146 321 
153 321 
521 321 
915 321 
41 322 
86 322 
277 322 
278 322 
287 322 
292 322 
467 322 
528 322 
608 322 
3 323 
50 323 
94 323 
103 323 
254 323 
298 323 
351 323 
579 323 
996 323 
55 324 
127 324 
157 324 
184 324 
265 324 
273 324 
382 324 
461 324 
565 324 
948 324 
5 325 
9 325 
24 325 
128 325 
245 325 
307 325 
329 325 
443 325 
518 325 
623 325 
624 325 
654 325 
670 325 
683 325 
723 325 
726 325 
731 325 
955 325 
12 326 
52 326 
154 326 
181 326 
309 326 
520 326 
829 326 
920 326 
3 327 
10 327 
71 327 
76 327 
176 327 
305 327 
406 327 
416 327 
421 327 
690 327 
952 327 
6 328 
28 328 
29 328 
62 328 
117 328 
205 328 
362 328 
505 328 
661 328 
735 328 
24 329 
26 329 
31 329 
44 329 
245 329 
325 329 
355 329 
518 329 
623 329 
624 329 
648 329 
683 329 
815 329 
888 329 
1 330 
71 330 
160 330 
179 330 
282 330 
319 330 
336 330 
465 330 
754 330 
812 330 
911 330 
4 331 
26 331 
30 331 
155 331 
228 331 
249 331 
412 331 
429 331 
561 331 
636 331 
798 331 
5 332 
8 332 
163 332 
239 332 
281 332 
345 332 
392 332 
495 332 
504 332 
552 332 
947 332 
3 333 
161 333 
172 333 
235 333 
288 333 
302 333 
334 333 
910 333 
917 333 
6 334 
89 334 
167 334 
172 334 
302 334 
333 334 
341 334 
562 334 
684 334 
761 334 
852 334 
917 334 
972 334 
3 335 
14 335 
81 335 
119 335 
140 335 
141 335 
635 335 
681 335 
4 336 
11 336 
52 336 
71 336 
282 336 
330 336 
350 336 
411 336 
19 337 
41 337 
48 337 
82 337 
121 337 
276 337 
779 337 
2 338 
20 338 
135 338 
139 338 
212 338 
261 338 
366 338 
415 338 
613 338 
626 338 
651 338 
784 338 
906 338 
984 338 
1 339 
4 339 
5 339 
15 339 
208 339 
225 339 
474 339 
598 339 
638 339 
753 339 
26 340 
42 340 
106 340 
168 340 
170 340 
209 340 
6 341 
71 341 
167 341 
186 341 
222 341 
334 341 
562 341 
632 341 
651 341 
684 341 
761 341 
972 341 
989 341 
8 342 
78 342 
92 342 
118 342 
222 342 
306 342 
354 342 
487 342 
575 342 
656 342 
693 342 
5 343 
73 343 
78 343 
154 343 
282 343 
289 343 
496 343 
71 344 
89 344 
146 344 
158 344 
243 344 
260 344 
5 345 
8 345 
90 345 
204 345 
258 345 
332 345 
360 345 
392 345 
450 345 
489 345 
495 345 
529 345 
552 345 
554 345 
698 345 
812 345 
881 345 
2 346 
5 346 
8 346 
14 346 
104 346 
124 346 
585 346 
594 346 
666 346 
739 346 
1 347 
42 347 
102 347 
174 347 
178 347 
190 347 
499 347 
737 347 
854 347 
999 347 
4 348 
8 348 
9 348 
44 348 
113 348 
128 348 
431 348 
3 349 
20 349 
144 349 
240 349 
247 349 
292 349 
376 349 
410 349 
456 349 
516 349 
521 349 
539 349 
593 349 
639 349 
817 349 
864 349 
11 350 
39 350 
52 350 
279 350 
304 350 
336 350 
355 350 
411 350 
434 350 
764 350 
825 350 
832 350 
904 350 
985 350 
174 351 
254 351 
265 351 
273 351 
298 351 
323 351 
400 351 
442 351 
524 351 
604 351 
816 351 
996 351 
3 352 
4 352 
8 352 
161 352 
184 352 
228 352 
448 352 
589 352 
27 353 
31 353 
53 353 
76 353 
295 353 
297 353 
487 353 
641 353 
719 353 
776 353 
801 353 
984 353 
8 354 
19 354 
78 354 
97 354 
135 354 
342 354 
359 354 
487 354 
656 354 
903 354 
31 355 
39 355 
44 355 
279 355 
329 355 
350 355 
677 355 
725 355 
841 355 
3 356 
103 356 
112 356 
182 356 
206 356 
320 356 
559 356 
564 356 
658 356 
878 356 
3 357 
5 357 
6 357 
162 357 
268 357 
286 357 
379 357 
537 357 
810 357 
845 357 
889 357 
933 357 
1 358 
6 358 
62 358 
206 358 
234 358 
284 358 
432 358 
622 358 
701 358 
884 358 
19 359 
112 359 
129 359 
135 359 
211 359 
354 359 
747 359 
6 360 
36 360 
90 360 
247 360 
258 360 
345 360 
382 360 
450 360 
489 360 
527 360 
535 360 
698 360 
787 360 
812 360 
1 361 
7 361 
18 361 
208 361 
249 361 
268 361 
422 361 
425 361 
510 361 
592 361 
681 361 
811 361 
943 361 
15 362 
28 362 
29 362 
40 362 
236 362 
328 362 
366 362 
505 362 
661 362 
857 362 
6 363 
28 363 
41 363 
109 363 
295 363 
316 363 
424 363 
512 363 
595 363 
669 363 
768 363 
825 363 
890 363 
998 363 
3 364 
4 364 
8 364 
36 364 
114 364 
251 364 
19 365 
53 365 
85 365 
121 365 
135 365 
277 365 
428 365 
840 365 
847 365 
929 365 
15 366 
40 366 
135 366 
212 366 
338 366 
362 366 
505 366 
746 366 
760 366 
784 366 
11 367 
56 367 
67 367 
86 367 
136 367 
277 367 
537 367 
3 368 
26 368 
31 368 
215 368 
286 368 
422 368 
436 368 
577 368 
730 368 
804 368 
816 368 
3 369 
5 369 
19 369 
20 369 
215 369 
239 369 
376 369 
404 369 
5 370 
75 370 
120 370 
176 370 
199 370 
263 370 
567 370 
693 370 
815 370 
2 371 
4 371 
36 371 
147 371 
243 371 
259 371 
525 371 
578 371 
658 371 
780 371 
951 371 
8 372 
124 372 
163 372 
252 372 
281 372 
308 372 
441 372 
543 372 
933 372 
5 373 
9 373 
11 373 
42 373 
55 373 
69 373 
444 373 
483 373 
566 373 
931 373 
1 374 
5 374 
14 374 
122 374 
150 374 
158 374 
397 374 
545 374 
785 374 
2 375 
8 375 
31 375 
84 375 
256 375 
305 375 
541 375 
542 375 
609 375 
762 375 
19 376 
20 376 
144 376 
239 376 
349 376 
369 376 
516 376 
864 376 
1 377 
2 377 
13 377 
126 377 
163 377 
319 377 
472 377 
724 377 
3 378 
7 378 
26 378 
57 378 
74 378 
249 378 
453 378 
595 378 
709 378 
994 378 
5 379 
24 379 
162 379 
243 379 
260 379 
357 379 
387 379 
389 379 
484 379 
558 379 
677 379 
728 379 
852 379 
17 380 
87 380 
106 380 
166 380 
178 380 
248 380 
454 380 
710 380 
789 380 
977 380 
14 381 
85 381 
105 381 
119 381 
172 381 
264 381 
449 381 
874 381 
6 382 
55 382 
127 382 
247 382 
324 382 
360 382 
527 382 
535 382 
565 382 
926 382 
3 383 
6 383 
16 383 
60 383 
114 383 
188 383 
544 383 
611 383 
662 383 
824 383 
2 384 
17 384 
60 384 
147 384 
266 384 
285 384 
390 384 
416 384 
749 384 
87 385 
149 385 
196 385 
200 385 
232 385 
234 385 
573 385 
606 385 
672 385 
751 385 
849 385 
4 386 
12 386 
48 386 
100 386 
164 386 
276 386 
489 386 
11 387 
24 387 
37 387 
132 387 
260 387 
379 387 
551 387 
721 387 
792 387 
983 387 
1 388 
9 388 
58 388 
63 388 
134 388 
179 388 
591 388 
2 389 
24 389 
122 389 
150 389 
243 389 
379 389 
677 389 
823 389 
2 390 
18 390 
55 390 
144 390 
285 390 
384 390 
549 390 
7 391 
88 391 
99 391 
179 391 
183 391 
202 391 
548 391 
875 391 
5 392 
85 392 
121 392 
151 392 
332 392 
345 392 
495 392 
554 392 
624 392 
707 392 
90 393 
124 393 
159 393 
185 393 
253 393 
308 393 
544 393 
596 393 
971 393 
3 394 
6 394 
11 394 
21 394 
130 394 
318 394 
776 394 
28 395 
29 395 
51 395 
142 395 
233 395 
309 395 
11 396 
65 396 
73 396 
107 396 
132 396 
248 396 
628 396 
637 396 
996 396 
5 397 
14 397 
150 397 
201 397 
291 397 
374 397 
439 397 
467 397 
552 397 
1 398 
10 398 
37 398 
43 398 
102 398 
190 398 
477 398 
763 398 
2 399 
9 399 
29 399 
68 399 
179 399 
214 399 
453 399 
802 399 
820 399 
1 400 
7 400 
46 400 
254 400 
298 400 
351 400 
656 400 
953 400 
4 401 
22 401 
27 401 
93 401 
180 401 
315 401 
649 401 
844 401 
18 402 
35 402 
39 402 
141 402 
149 402 
165 402 
471 402 
736 402 
13 403 
55 403 
72 403 
75 403 
144 403 
145 403 
770 403 
980 403 
6 404 
19 404 
20 404 
50 404 
215 404 
369 404 
413 404 
419 404 
509 404 
604 404 
1 405 
30 405 
31 405 
39 405 
236 405 
249 405 
626 405 
1 406 
3 406 
67 406 
76 406 
208 406 
327 406 
421 406 
434 406 
826 406 
41 407 
62 407 
67 407 
109 407 
234 407 
295 407 
29 408 
37 408 
47 408 
109 408 
160 408 
286 408 
500 408 
767 408 
849 408 
930 408 
15 409 
16 409 
92 409 
187 409 
287 409 
297 409 
768 409 
3 410 
19 410 
20 410 
217 410 
246 410 
349 410 
521 410 
529 410 
534 410 
536 410 
650 410 
715 410 
747 410 
755 410 
913 410 
34 411 
52 411 
116 411 
188 411 
336 411 
350 411 
434 411 
482 411 
599 411 
764 411 
922 411 
956 411 
28 412 
30 412 
62 412 
203 412 
249 412 
331 412 
561 412 
814 412 
918 412 
6 413 
50 413 
201 413 
263 413 
291 413 
404 413 
15 414 
31 414 
186 414 
247 414 
282 414 
292 414 
418 414 
587 414 
800 414 
2 415 
15 415 
75 415 
139 415 
261 415 
338 415 
613 415 
618 415 
685 415 
10 416 
60 416 
176 416 
266 416 
327 416 
384 416 
749 416 
803 416 
952 416 
2 417 
12 417 
27 417 
33 417 
177 417 
308 417 
440 417 
550 417 
590 417 
799 417 
3 418 
31 418 
106 418 
186 418 
210 418 
414 418 
546 418 
615 418 
6 419 
19 419 
23 419 
94 419 
211 419 
404 419 
463 419 
604 419 
941 419 
4 420 
7 420 
49 420 
52 420 
57 420 
105 420 
451 420 
501 420 
562 420 
3 421 
71 421 
227 421 
310 421 
327 421 
406 421 
26 422 
31 422 
208 422 
268 422 
361 422 
368 422 
804 422 
29 423 
54 423 
118 423 
154 423 
182 423 
270 423 
473 423 
586 423 
872 423 
42 424 
50 424 
109 424 
164 424 
295 424 
363 424 
539 424 
547 424 
834 424 
998 424 
1 425 
19 425 
208 425 
227 425 
239 425 
361 425 
429 425 
878 425 
943 425 
9 426 
12 426 
61 426 
143 426 
187 426 
240 426 
10 427 
16 427 
36 427 
73 427 
96 427 
132 427 
641 427 
687 427 
930 427 
19 428 
49 428 
135 428 
215 428 
293 428 
365 428 
840 428 
30 429 
155 429 
227 429 
239 429 
331 429 
425 429 
878 429 
1 430 
2 430 
4 430 
9 430 
34 430 
175 430 
915 430 
2 431 
8 431 
104 431 
113 431 
265 431 
348 431 
988 431 
1 432 
11 432 
20 432 
24 432 
284 432 
358 432 
500 432 
19 433 
44 433 
93 433 
278 433 
287 433 
303 433 
671 433 
865 433 
1 434 
52 434 
67 434 
350 434 
406 434 
411 434 
764 434 
825 434 
10 435 
13 435 
29 435 
38 435 
45 435 
267 435 
563 435 
869 435 
31 436 
51 436 
174 436 
184 436 
215 436 
368 436 
577 436 
659 436 
696 436 
730 436 
772 436 
1 437 
12 437 
66 437 
213 437 
235 437 
255 437 
538 437 
558 437 
574 437 
700 437 
765 437 
1 438 
43 438 
49 438 
53 438 
160 438 
244 438 
444 438 
586 438 
628 438 
734 438 
872 438 
910 438 
927 438 
990 438 
5 439 
27 439 
115 439 
201 439 
312 439 
397 439 
556 439 
856 439 
902 439 
27 440 
31 440 
71 440 
123 440 
308 440 
417 440 
590 440 
2 441 
15 441 
64 441 
124 441 
308 441 
372 441 
571 441 
599 441 
829 441 
959 441 
28 442 
108 442 
174 442 
265 442 
318 442 
351 442 
604 442 
627 442 
15 443 
24 443 
64 443 
172 443 
307 443 
325 443 
468 443 
670 443 
944 443 
9 444 
42 444 
49 444 
53 444 
373 444 
438 444 
483 444 
586 444 
931 444 
16 445 
44 445 
107 445 
154 445 
167 445 
282 445 
565 445 
584 445 
593 445 
848 445 
873 445 
938 445 
998 445 
6 446 
11 446 
12 446 
52 446 
66 446 
147 446 
532 446 
654 446 
828 446 
895 446 
924 446 
62 447 
71 447 
110 447 
186 447 
271 447 
282 447 
4 448 
12 448 
181 448 
205 448 
228 448 
352 448 
589 448 
863 448 
55 449 
105 449 
119 449 
123 449 
124 449 
381 449 
488 449 
630 449 
633 449 
728 449 
744 449 
10 450 
90 450 
177 450 
253 450 
345 450 
360 450 
489 450 
2 451 
7 451 
49 451 
220 451 
270 451 
420 451 
5 452 
49 452 
82 452 
94 452 
104 452 
117 452 
465 452 
561 452 
596 452 
620 452 
905 452 
9 453 
26 453 
68 453 
74 453 
378 453 
399 453 
17 454 
71 454 
87 454 
149 454 
380 454 
630 454 
710 454 
977 454 
4 455 
7 455 
51 455 
81 455 
86 455 
148 455 
460 455 
511 455 
642 455 
960 455 
3 456 
25 456 
144 456 
196 456 
202 456 
349 456 
589 456 
648 456 
663 456 
702 456 
31 457 
71 457 
214 457 
216 457 
258 457 
264 457 
686 457 
3 458 
15 458 
225 458 
240 458 
245 458 
292 458 
512 458 
3 459 
5 459 
9 459 
85 459 
113 459 
246 459 
4 460 
31 460 
76 460 
86 460 
192 460 
455 460 
511 460 
81 461 
88 461 
99 461 
184 461 
265 461 
324 461 
706 461 
948 461 
9 462 
17 462 
30 462 
62 462 
108 462 
155 462 
665 462 
23 463 
50 463 
94 463 
298 463 
307 463 
419 463 
715 463 
817 463 
9 464 
17 464 
30 464 
48 464 
99 464 
169 464 
597 464 
94 465 
117 465 
282 465 
319 465 
330 465 
452 465 
507 465 
561 465 
718 465 
812 465 
871 465 
8 466 
19 466 
49 466 
81 466 
111 466 
252 466 
530 466 
746 466 
968 466 
5 467 
278 467 
287 467 
291 467 
322 467 
397 467 
474 467 
15 468 
137 468 
172 468 
443 468 
786 468 
1 469 
5 469 
13 469 
40 469 
140 469 
191 469 
756 469 
778 469 
876 469 
947 469 
992 469 
8 470 
23 470 
101 470 
128 470 
223 470 
229 470 
534 470 
870 470 
914 470 
942 470 
18 471 
39 471 
72 471 
123 471 
124 471 
402 471 
708 471 
795 471 
8 472 
16 472 
114 472 
126 472 
163 472 
377 472 
777 472 
891 472 
925 472 
39 473 
43 473 
72 473 
118 473 
182 473 
423 473 
586 473 
616 473 
724 473 
809 473 
872 473 
5 474 
225 474 
291 474 
339 474 
467 474 
753 474 
923 474 
1 475 
3 475 
11 475 
20 475 
80 475 
192 475 
678 475 
979 475 
37 476 
41 476 
49 476 
81 476 
82 476 
244 476 
514 476 
532 476 
572 476 
646 476 
692 476 
979 476 
17 477 
37 477 
100 477 
101 477 
190 477 
398 477 
751 477 
8 478 
190 478 
196 478 
252 478 
281 478 
299 478 
674 478 
683 478 
786 478 
807 478 
820 478 
1 479 
98 479 
171 479 
204 479 
216 479 
258 479 
26 480 
83 480 
106 480 
118 480 
155 480 
248 480 
32 481 
94 481 
101 481 
164 481 
261 481 
279 481 
835 481 
900 481 
914 481 
34 482 
83 482 
116 482 
132 482 
143 482 
411 482 
599 482 
714 482 
9 483 
26 483 
74 483 
161 483 
373 483 
444 483 
637 483 
896 483 
916 483 
10 484 
45 484 
65 484 
243 484 
260 484 
379 484 
728 484 
852 484 
5 485 
94 485 
137 485 
140 485 
141 485 
156 485 
515 485 
568 485 
569 485 
573 485 
631 485 
647 485 
740 485 
895 485 
954 485 
3 486 
28 486 
146 486 
164 486 
198 486 
285 486 
660 486 
754 486 
873 486 
876 486 
885 486 
964 486 
976 486 
8 487 
76 487 
295 487 
342 487 
353 487 
354 487 
19 488 
123 488 
124 488 
142 488 
193 488 
449 488 
619 488 
638 488 
788 488 
48 489 
276 489 
345 489 
360 489 
386 489 
450 489 
555 489 
39 490 
67 490 
170 490 
238 490 
242 490 
260 490 
498 490 
503 490 
520 490 
555 490 
3 491 
26 491 
39 491 
64 491 
73 491 
112 491 
885 491 
3 492 
26 492 
67 492 
79 492 
193 492 
232 492 
974 492 
9 493 
21 493 
28 493 
107 493 
167 493 
318 493 
821 493 
11 494 
14 494 
59 494 
93 494 
247 494 
318 494 
629 494 
732 494 
867 494 
20 495 
59 495 
274 495 
332 495 
345 495 
392 495 
3 496 
5 496 
99 496 
183 496 
289 496 
343 496 
828 496 
4 497 
5 497 
18 497 
40 497 
221 497 
246 497 
600 497 
643 497 
665 497 
690 497 
755 497 
775 497 
879 497 
4 498 
7 498 
80 498 
170 498 
242 498 
490 498 
503 498 
520 498 
578 498 
739 498 
775 498 
10 499 
102 499 
146 499 
158 499 
178 499 
347 499 
503 499 
854 499 
935 499 
20 500 
24 500 
37 500 
47 500 
408 500 
432 500 
563 500 
767 500 
830 500 
10 501 
57 501 
83 501 
105 501 
280 501 
420 501 
1 502 
54 502 
63 502 
115 502 
209 502 
234 502 
909 502 
10 503 
158 503 
170 503 
490 503 
498 503 
499 503 
520 503 
528 503 
649 503 
739 503 
831 503 
896 503 
6 504 
8 504 
45 504 
77 504 
281 504 
332 504 
29 505 
40 505 
62 505 
328 505 
362 505 
366 505 
735 505 
866 505 
10 506 
36 506 
72 506 
259 506 
279 506 
304 506 
720 506 
8 507 
22 507 
94 507 
117 507 
130 507 
465 507 
718 507 
6 508 
23 508 
32 508 
61 508 
139 508 
167 508 
743 508 
745 508 
982 508 
17 509 
19 509 
50 509 
100 509 
122 509 
404 509 
2 510 
7 510 
18 510 
200 510 
266 510 
361 510 
600 510 
811 510 
897 510 
949 510 
4 511 
12 511 
33 511 
275 511 
455 511 
460 511 
642 511 
694 511 
959 511 
3 512 
245 512 
295 512 
316 512 
363 512 
458 512 
768 512 
2 513 
14 513 
48 513 
153 513 
210 513 
311 513 
523 513 
576 513 
732 513 
769 513 
790 513 
907 513 
934 513 
967 513 
81 514 
135 514 
208 514 
225 514 
244 514 
476 514 
692 514 
5 515 
6 515 
19 515 
156 515 
217 515 
485 515 
568 515 
740 515 
954 515 
144 516 
240 516 
292 516 
349 516 
376 516 
539 516 
639 516 
864 516 
32 517 
40 517 
185 517 
218 517 
226 517 
250 517 
610 517 
660 517 
2 518 
220 518 
245 518 
302 518 
325 518 
329 518 
624 518 
654 518 
815 518 
857 518 
1 519 
26 519 
56 519 
92 519 
171 519 
187 519 
657 519 
991 519 
12 520 
181 520 
326 520 
490 520 
498 520 
503 520 
829 520 
3 521 
146 521 
321 521 
349 521 
410 521 
580 521 
817 521 
8 522 
22 522 
115 522 
130 522 
137 522 
312 522 
720 522 
809 522 
6 523 
11 523 
48 523 
125 523 
311 523 
513 523 
576 523 
874 523 
907 523 
40 524 
43 524 
174 524 
226 524 
273 524 
351 524 
816 524 
2 525 
4 525 
9 525 
112 525 
211 525 
371 525 
616 525 
758 525 
934 525 
945 525 
971 525 
9 526 
59 526 
93 526 
177 526 
203 526 
262 526 
625 526 
89 527 
167 527 
168 527 
247 527 
360 527 
382 527 
10 528 
86 528 
158 528 
292 528 
322 528 
503 528 
649 528 
831 528 
896 528 
3 529 
20 529 
90 529 
204 529 
345 529 
410 529 
715 529 
747 529 
19 530 
50 530 
81 530 
139 530 
289 530 
466 530 
588 530 
851 530 
4 531 
7 531 
61 531 
89 531 
148 531 
168 531 
560 531 
609 531 
6 532 
11 532 
49 532 
81 532 
446 532 
476 532 
646 532 
654 532 
705 532 
828 532 
979 532 
7 533 
9 533 
12 533 
18 533 
29 533 
62 533 
986 533 
128 534 
217 534 
223 534 
246 534 
410 534 
470 534 
650 534 
893 534 
6 535 
41 535 
66 535 
139 535 
360 535 
382 535 
787 535 
796 535 
5 536 
10 536 
19 536 
156 536 
217 536 
410 536 
755 536 
823 536 
882 536 
994 536 
5 537 
11 537 
268 537 
277 537 
357 537 
367 537 
889 537 
932 537 
1 538 
31 538 
159 538 
213 538 
437 538 
42 539 
50 539 
292 539 
349 539 
424 539 
516 539 
593 539 
10 540 
17 540 
24 540 
48 540 
252 540 
602 540 
745 540 
799 540 
928 540 
5 541 
8 541 
75 541 
300 541 
305 541 
375 541 
762 541 
10 542 
22 542 
84 542 
166 542 
256 542 
375 542 
756 542 
797 542 
2 543 
8 543 
273 543 
304 543 
308 543 
372 543 
592 543 
827 543 
16 544 
124 544 
185 544 
188 544 
383 544 
393 544 
596 544 
611 544 
652 544 
778 544 
824 544 
1 545 
26 545 
122 545 
150 545 
162 545 
374 545 
564 545 
717 545 
987 545 
3 546 
30 546 
210 546 
219 546 
237 546 
418 546 
42 547 
130 547 
164 547 
196 547 
257 547 
424 547 
713 547 
834 547 
4 548 
7 548 
80 548 
202 548 
218 548 
391 548 
757 548 
875 548 
22 549 
55 549 
144 549 
236 549 
281 549 
390 549 
2 550 
8 550 
12 550 
14 550 
115 550 
417 550 
590 550 
685 550 
730 550 
806 550 
11 551 
132 551 
172 551 
189 551 
302 551 
387 551 
937 551 
983 551 
8 552 
14 552 
150 552 
332 552 
345 552 
397 552 
947 552 
9 553 
10 553 
22 553 
24 553 
37 553 
127 553 
830 553 
870 553 
897 553 
5 554 
10 554 
71 554 
216 554 
345 554 
392 554 
48 555 
67 555 
260 555 
276 555 
489 555 
490 555 
3 556 
27 556 
58 556 
255 556 
312 556 
439 556 
800 556 
902 556 
918 556 
948 556 
1 557 
15 557 
16 557 
145 557 
187 557 
188 557 
571 557 
664 557 
5 558 
12 558 
66 558 
162 558 
379 558 
437 558 
698 558 
700 558 
765 558 
771 558 
836 558 
868 558 
970 558 
39 559 
43 559 
165 559 
206 559 
320 559 
356 559 
564 559 
6 560 
61 560 
77 560 
89 560 
257 560 
531 560 
642 560 
781 560 
962 560 
30 561 
117 561 
331 561 
412 561 
452 561 
465 561 
620 561 
701 561 
814 561 
6 562 
7 562 
52 562 
334 562 
341 562 
420 562 
632 562 
684 562 
29 563 
37 563 
38 563 
47 563 
435 563 
500 563 
830 563 
898 563 
1 564 
26 564 
206 564 
356 564 
545 564 
559 564 
987 564 
16 565 
55 565 
107 565 
324 565 
382 565 
445 565 
593 565 
938 565 
997 565 
5 566 
9 566 
25 566 
209 566 
314 566 
373 566 
842 566 
53 567 
120 567 
152 567 
176 567 
317 567 
370 567 
63 568 
84 568 
133 568 
156 568 
485 568 
515 568 
573 568 
954 568 
1 569 
7 569 
109 569 
140 569 
156 569 
485 569 
644 569 
736 569 
946 569 
10 570 
29 570 
109 570 
231 570 
284 570 
316 570 
880 570 
2 571 
15 571 
187 571 
441 571 
557 571 
594 571 
613 571 
787 571 
1 572 
2 572 
16 572 
37 572 
82 572 
476 572 
574 572 
156 573 
200 573 
232 573 
385 573 
485 573 
568 573 
938 573 
37 574 
66 574 
82 574 
235 574 
437 574 
572 574 
58 575 
60 575 
118 575 
224 575 
306 575 
342 575 
20 576 
48 576 
53 576 
242 576 
513 576 
523 576 
31 577 
93 577 
199 577 
303 577 
368 577 
436 577 
170 578 
242 578 
243 578 
259 578 
371 578 
498 578 
658 578 
775 578 
780 578 
11 579 
12 579 
94 579 
103 579 
125 579 
323 579 
1 580 
3 580 
93 580 
146 580 
158 580 
521 580 
1 581 
6 581 
39 581 
56 581 
85 581 
260 581 
614 581 
802 581 
9 582 
10 582 
15 582 
48 582 
83 582 
194 582 
675 582 
847 582 
4 583 
26 583 
31 583 
52 583 
123 583 
256 583 
742 583 
9 584 
16 584 
92 584 
167 584 
237 584 
445 584 
789 584 
14 585 
29 585 
56 585 
104 585 
116 585 
346 585 
594 585 
739 585 
958 585 
53 586 
118 586 
423 586 
438 586 
444 586 
473 586 
872 586 
7 587 
39 587 
179 587 
247 587 
292 587 
414 587 
705 587 
800 587 
891 587 
976 587 
31 588 
50 588 
111 588 
157 588 
289 588 
530 588 
703 588 
851 588 
25 589 
196 589 
228 589 
352 589 
448 589 
456 589 
663 589 
12 590 
27 590 
308 590 
417 590 
440 590 
550 590 
635 590 
9 591 
55 591 
134 591 
213 591 
255 591 
388 591 
8 592 
18 592 
249 592 
308 592 
361 592 
543 592 
16 593 
292 593 
349 593 
445 593 
539 593 
565 593 
938 593 
998 593 
14 594 
15 594 
187 594 
346 594 
571 594 
585 594 
666 594 
3 595 
6 595 
41 595 
249 595 
363 595 
378 595 
669 595 
708 595 
825 595 
890 595 
894 595 
963 595 
5 596 
117 596 
185 596 
393 596 
452 596 
544 596 
652 596 
971 596 
17 597 
64 597 
99 597 
121 597 
186 597 
464 597 
777 597 
62 598 
67 598 
208 598 
225 598 
298 598 
339 598 
965 598 
2 599 
34 599 
64 599 
411 599 
441 599 
482 599 
922 599 
960 599 
18 600 
200 600 
221 600 
266 600 
497 600 
510 600 
618 600 
699 600 
9 601 
16 601 
36 601 
60 601 
233 601 
310 601 
687 601 
862 601 
987 601 
10 602 
17 602 
39 602 
179 602 
214 602 
540 602 
818 602 
2 603 
5 603 
45 603 
197 603 
265 603 
305 603 
760 603 
6 604 
174 604 
351 604 
404 604 
419 604 
442 604 
10 605 
13 605 
17 605 
43 605 
165 605 
226 605 
975 605 
986 605 
9 606 
121 606 
149 606 
195 606 
234 606 
385 606 
672 606 
2 607 
10 607 
146 607 
170 607 
214 607 
238 607 
788 607 
908 607 
1 608 
41 608 
44 608 
93 608 
278 608 
322 608 
961 608 
2 609 
7 609 
8 609 
148 609 
375 609 
531 609 
40 610 
84 610 
185 610 
197 610 
218 610 
517 610 
6 611 
188 611 
215 611 
286 611 
383 611 
544 611 
877 611 
879 611 
1000 611 
3 612 
11 612 
14 612 
27 612 
177 612 
840 612 
843 612 
2 613 
15 613 
139 613 
338 613 
415 613 
571 613 
631 613 
680 613 
787 613 
814 613 
984 613 
1 614 
58 614 
60 614 
85 614 
266 614 
581 614 
668 614 
678 614 
813 614 
993 614 
39 615 
72 615 
106 615 
210 615 
304 615 
418 615 
9 616 
39 616 
72 616 
211 616 
473 616 
525 616 
758 616 
807 616 
892 616 
934 616 
20 617 
53 617 
82 617 
104 617 
152 617 
245 617 
811 617 
2 618 
15 618 
200 618 
266 618 
415 618 
600 618 
699 618 
8 619 
17 619 
19 619 
142 619 
229 619 
488 619 
49 620 
82 620 
117 620 
452 620 
561 620 
701 620 
905 620 
1 621 
40 621 
55 621 
123 621 
129 621 
163 621 
867 621 
18 622 
62 622 
72 622 
206 622 
221 622 
358 622 
655 622 
701 622 
24 623 
37 623 
147 623 
317 623 
325 623 
329 623 
774 623 
85 624 
151 624 
325 624 
329 624 
392 624 
518 624 
654 624 
683 624 
707 624 
888 624 
9 625 
59 625 
60 625 
98 625 
119 625 
526 625 
985 625 
2 626 
31 626 
39 626 
139 626 
338 626 
405 626 
824 626 
906 626 
28 627 
48 627 
108 627 
311 627 
442 627 
850 627 
49 628 
65 628 
107 628 
244 628 
396 628 
438 628 
734 628 
872 628 
990 628 
11 629 
12 629 
33 629 
69 629 
318 629 
494 629 
867 629 
55 630 
71 630 
124 630 
149 630 
449 630 
454 630 
744 630 
837 630 
2 631 
5 631 
15 631 
140 631 
485 631 
613 631 
647 631 
680 631 
814 631 
6 632 
9 632 
54 632 
270 632 
341 632 
562 632 
772 632 
951 632 
94 633 
105 633 
119 633 
135 633 
208 633 
449 633 
21 634 
61 634 
76 634 
87 634 
89 634 
295 634 
14 635 
27 635 
141 635 
308 635 
335 635 
590 635 
681 635 
866 635 
4 636 
26 636 
69 636 
86 636 
91 636 
331 636 
798 636 
970 636 
26 637 
65 637 
161 637 
248 637 
396 637 
483 637 
4 638 
15 638 
123 638 
124 638 
339 638 
488 638 
35 639 
117 639 
144 639 
173 639 
349 639 
516 639 
3 640 
23 640 
25 640 
32 640 
101 640 
200 640 
719 640 
27 641 
36 641 
53 641 
73 641 
353 641 
427 641 
801 641 
926 641 
930 641 
4 642 
6 642 
77 642 
455 642 
511 642 
560 642 
694 642 
781 642 
960 642 
4 643 
26 643 
136 643 
171 643 
246 643 
497 643 
738 643 
757 643 
11 644 
140 644 
156 644 
184 644 
250 644 
569 644 
805 644 
904 644 
49 645 
56 645 
136 645 
143 645 
171 645 
173 645 
831 645 
861 645 
949 645 
3 646 
45 646 
49 646 
267 646 
476 646 
532 646 
859 646 
975 646 
5 647 
40 647 
72 647 
123 647 
485 647 
631 647 
895 647 
3 648 
26 648 
31 648 
144 648 
329 648 
456 648 
4 649 
10 649 
180 649 
401 649 
503 649 
528 649 
831 649 
844 649 
100 650 
121 650 
246 650 
276 650 
410 650 
534 650 
743 650 
793 650 
2 651 
6 651 
167 651 
261 651 
338 651 
341 651 
989 651 
16 652 
107 652 
185 652 
248 652 
544 652 
596 652 
778 652 
5 653 
11 653 
86 653 
91 653 
128 653 
268 653 
702 653 
711 653 
6 654 
325 654 
446 654 
518 654 
532 654 
624 654 
828 654 
895 654 
7 655 
19 655 
53 655 
72 655 
221 655 
622 655 
958 655 
1 656 
46 656 
78 656 
342 656 
354 656 
400 656 
903 656 
1 657 
17 657 
56 657 
155 657 
171 657 
519 657 
818 657 
3 658 
182 658 
259 658 
356 658 
371 658 
578 658 
951 658 
5 659 
49 659 
51 659 
74 659 
184 659 
436 659 
822 659 
3 660 
146 660 
185 660 
250 660 
486 660 
517 660 
873 660 
885 660 
1 661 
14 661 
28 661 
216 661 
328 661 
362 661 
972 661 
3 662 
4 662 
60 662 
131 662 
296 662 
383 662 
919 662 
7 663 
25 663 
53 663 
82 663 
456 663 
589 663 
702 663 
936 663 
4 664 
7 664 
16 664 
46 664 
188 664 
557 664 
4 665 
5 665 
9 665 
108 665 
462 665 
497 665 
667 665 
973 665 
10 666 
14 666 
58 666 
79 666 
346 666 
594 666 
722 666 
1 667 
9 667 
108 667 
146 667 
238 667 
665 667 
973 667 
34 668 
58 668 
59 668 
175 668 
266 668 
614 668 
694 668 
813 668 
993 668 
6 669 
37 669 
77 669 
83 669 
363 669 
595 669 
708 669 
8 670 
24 670 
207 670 
220 670 
325 670 
443 670 
731 670 
838 670 
19 671 
37 671 
127 671 
283 671 
287 671 
433 671 
753 671 
21 672 
25 672 
130 672 
149 672 
385 672 
606 672 
6 673 
125 673 
181 673 
191 673 
200 673 
320 673 
8 674 
42 674 
164 674 
198 674 
252 674 
478 674 
683 674 
820 674 
7 675 
9 675 
12 675 
48 675 
235 675 
582 675 
759 675 
22 676 
58 676 
98 676 
137 676 
172 676 
224 676 
24 677 
31 677 
44 677 
355 677 
379 677 
389 677 
725 677 
1 678 
3 678 
85 678 
192 678 
475 678 
614 678 
979 678 
4 679 
7 679 
25 679 
33 679 
69 679 
262 679 
827 679 
841 679 
2 680 
15 680 
43 680 
72 680 
613 680 
631 680 
814 680 
7 681 
141 681 
249 681 
335 681 
361 681 
635 681 
3 682 
6 682 
10 682 
70 682 
206 682 
267 682 
252 683 
325 683 
329 683 
478 683 
624 683 
674 683 
820 683 
888 683 
34 684 
56 684 
188 684 
334 684 
341 684 
562 684 
689 684 
766 684 
803 684 
851 684 
2 685 
12 685 
75 685 
415 685 
550 685 
730 685 
860 685 
913 685 
12 686 
19 686 
49 686 
71 686 
216 686 
457 686 
9 687 
10 687 
16 687 
60 687 
427 687 
601 687 
9 688 
64 688 
84 688 
121 688 
264 688 
313 688 
695 688 
34 689 
114 689 
145 689 
188 689 
684 689 
709 689 
716 689 
803 689 
10 690 
40 690 
221 690 
305 690 
327 690 
497 690 
879 690 
24 691 
65 691 
70 691 
201 691 
245 691 
315 691 
81 692 
139 692 
189 692 
289 692 
476 692 
514 692 
92 693 
118 693 
120 693 
199 693 
342 693 
370 693 
4 694 
59 694 
175 694 
511 694 
642 694 
668 694 
16 695 
84 695 
106 695 
170 695 
264 695 
688 695 
731 695 
31 696 
71 696 
215 696 
221 696 
227 696 
436 696 
772 696 
5 697 
54 697 
94 697 
127 697 
208 697 
283 697 
894 697 
12 698 
66 698 
258 698 
345 698 
360 698 
558 698 
771 698 
812 698 
836 698 
868 698 
11 699 
143 699 
231 699 
266 699 
600 699 
618 699 
66 700 
80 700 
81 700 
86 700 
437 700 
558 700 
888 700 
950 700 
62 701 
117 701 
358 701 
561 701 
620 701 
622 701 
11 702 
25 702 
86 702 
456 702 
653 702 
663 702 
711 702 
936 702 
965 702 
26 703 
39 703 
111 703 
157 703 
193 703 
588 703 
1 704 
2 704 
5 704 
8 704 
117 704 
270 704 
957 704 
6 705 
11 705 
39 705 
179 705 
532 705 
587 705 
891 705 
58 706 
90 706 
184 706 
204 706 
265 706 
461 706 
935 706 
1 707 
151 707 
238 707 
242 707 
392 707 
624 707 
791 707 
6 708 
123 708 
124 708 
471 708 
595 708 
669 708 
26 709 
57 709 
114 709 
188 709 
378 709 
689 709 
17 710 
106 710 
166 710 
176 710 
380 710 
454 710 
977 710 
16 711 
45 711 
86 711 
219 711 
653 711 
702 711 
884 711 
2 712 
4 712 
5 712 
28 712 
142 712 
174 712 
735 712 
766 712 
887 712 
14 713 
130 713 
171 713 
196 713 
216 713 
547 713 
765 713 
790 713 
57 714 
74 714 
83 714 
132 714 
272 714 
482 714 
3 715 
50 715 
298 715 
410 715 
463 715 
529 715 
747 715 
1 716 
145 716 
170 716 
188 716 
294 716 
689 716 
774 716 
63 717 
122 717 
150 717 
191 717 
224 717 
545 717 
93 718 
94 718 
138 718 
199 718 
465 718 
507 718 
810 718 
871 718 
3 719 
31 719 
76 719 
200 719 
353 719 
640 719 
832 719 
115 720 
279 720 
304 720 
312 720 
506 720 
522 720 
11 721 
29 721 
37 721 
109 721 
387 721 
792 721 
10 722 
24 722 
79 722 
90 722 
159 722 
666 722 
845 722 
5 723 
128 723 
142 723 
193 723 
309 723 
325 723 
917 723 
2 724 
39 724 
43 724 
319 724 
377 724 
473 724 
809 724 
15 725 
31 725 
92 725 
187 725 
355 725 
677 725 
8 726 
87 726 
163 726 
245 726 
307 726 
325 726 
8 727 
34 727 
51 727 
174 727 
222 727 
269 727 
791 727 
921 727 
988 727 
55 728 
123 728 
243 728 
379 728 
449 728 
484 728 
852 728 
5 729 
17 729 
44 729 
58 729 
120 729 
138 729 
952 729 
12 730 
215 730 
368 730 
436 730 
550 730 
685 730 
860 730 
24 731 
106 731 
170 731 
325 731 
670 731 
695 731 
955 731 
990 731 
14 732 
59 732 
210 732 
311 732 
494 732 
513 732 
769 732 
886 732 
934 732 
967 732 
3 733 
69 733 
73 733 
86 733 
273 733 
304 733 
61 734 
167 734 
168 734 
244 734 
438 734 
628 734 
910 734 
990 734 
4 735 
29 735 
142 735 
328 735 
505 735 
712 735 
887 735 
7 736 
39 736 
109 736 
165 736 
402 736 
569 736 
999 736 
1 737 
42 737 
57 737 
105 737 
178 737 
347 737 
846 737 
2 738 
136 738 
171 738 
191 738 
266 738 
643 738 
104 739 
170 739 
346 739 
498 739 
503 739 
585 739 
958 739 
5 740 
44 740 
73 740 
79 740 
485 740 
515 740 
3 741 
68 741 
81 741 
99 741 
109 741 
110 741 
957 741 
31 742 
118 742 
123 742 
154 742 
263 742 
583 742 
61 743 
121 743 
167 743 
276 743 
508 743 
650 743 
745 743 
49 744 
53 744 
124 744 
151 744 
449 744 
630 744 
837 744 
48 745 
167 745 
252 745 
508 745 
540 745 
743 745 
799 745 
19 746 
49 746 
135 746 
212 746 
366 746 
466 746 
834 746 
968 746 
129 747 
211 747 
359 747 
410 747 
529 747 
715 747 
12 748 
18 748 
62 748 
108 748 
110 748 
254 748 
850 748 
912 748 
58 749 
60 749 
131 749 
204 749 
384 749 
416 749 
980 749 
32 750 
43 750 
94 750 
103 750 
226 750 
819 750 
833 750 
974 750 
17 751 
87 751 
100 751 
149 751 
385 751 
477 751 
849 751 
871 751 
15 752 
20 752 
27 752 
59 752 
137 752 
207 752 
919 752 
5 753 
37 753 
283 753 
339 753 
474 753 
671 753 
1 754 
28 754 
160 754 
198 754 
330 754 
486 754 
876 754 
911 754 
5 755 
19 755 
246 755 
410 755 
497 755 
536 755 
913 755 
10 756 
13 756 
140 756 
166 756 
469 756 
542 756 
992 756 
7 757 
26 757 
136 757 
202 757 
548 757 
643 757 
211 758 
225 758 
245 758 
315 758 
525 758 
616 758 
7 759 
73 759 
118 759 
182 759 
235 759 
675 759 
839 759 
2 760 
15 760 
40 760 
305 760 
366 760 
603 760 
3 761 
24 761 
167 761 
307 761 
334 761 
341 761 
972 761 
48 762 
121 762 
252 762 
305 762 
375 762 
541 762 
1 763 
17 763 
102 763 
121 763 
122 763 
398 763 
902 763 
22 764 
172 764 
288 764 
350 764 
411 764 
434 764 
925 764 
12 765 
130 765 
196 765 
437 765 
558 765 
713 765 
790 765 
2 766 
28 766 
34 766 
56 766 
684 766 
712 766 
782 766 
47 767 
71 767 
84 767 
123 767 
408 767 
500 767 
849 767 
930 767 
16 768 
287 768 
316 768 
363 768 
409 768 
512 768 
177 769 
210 769 
272 769 
308 769 
513 769 
732 769 
886 769 
934 769 
55 770 
72 770 
184 770 
228 770 
265 770 
403 770 
950 770 
980 770 
8 771 
12 771 
22 771 
23 771 
558 771 
698 771 
836 771 
882 771 
970 771 
981 771 
9 772 
215 772 
270 772 
436 772 
632 772 
696 772 
951 772 
3 773 
6 773 
7 773 
25 773 
66 773 
235 773 
1 774 
37 774 
294 774 
317 774 
623 774 
716 774 
854 774 
890 774 
978 774 
18 775 
40 775 
242 775 
497 775 
498 775 
578 775 
3 776 
21 776 
31 776 
295 776 
353 776 
394 776 
121 777 
126 777 
163 777 
186 777 
472 777 
597 777 
40 778 
185 778 
191 778 
469 778 
544 778 
652 778 
19 779 
75 779 
82 779 
145 779 
300 779 
337 779 
801 779 
31 780 
84 780 
243 780 
313 780 
371 780 
578 780 
11 781 
19 781 
47 781 
77 781 
560 781 
642 781 
27 782 
34 782 
56 782 
262 782 
272 782 
766 782 
29 783 
42 783 
51 783 
73 783 
86 783 
292 783 
899 783 
23 784 
128 784 
211 784 
212 784 
338 784 
366 784 
855 784 
1 785 
14 785 
38 785 
158 785 
185 785 
374 785 
955 785 
15 786 
172 786 
252 786 
281 786 
468 786 
478 786 
807 786 
2 787 
6 787 
360 787 
535 787 
571 787 
613 787 
796 787 
2 788 
142 788 
193 788 
214 788 
488 788 
607 788 
908 788 
92 789 
166 789 
237 789 
248 789 
380 789 
584 789 
48 790 
130 790 
210 790 
513 790 
713 790 
765 790 
833 790 
838 790 
34 791 
222 791 
238 791 
242 791 
707 791 
727 791 
2 792 
3 792 
11 792 
32 792 
387 792 
721 792 
3 793 
100 793 
121 793 
285 793 
291 793 
650 793 
15 794 
22 794 
43 794 
63 794 
133 794 
281 794 
18 795 
39 795 
83 795 
143 795 
231 795 
471 795 
1000 795 
4 796 
6 796 
9 796 
169 796 
535 796 
787 796 
8 797 
46 797 
84 797 
91 797 
256 797 
542 797 
4 798 
53 798 
97 798 
120 798 
331 798 
636 798 
970 798 
983 798 
27 799 
48 799 
177 799 
417 799 
540 799 
745 799 
58 800 
255 800 
292 800 
414 800 
556 800 
587 800 
53 801 
75 801 
300 801 
353 801 
641 801 
779 801 
2 802 
39 802 
56 802 
214 802 
399 802 
581 802 
820 802 
34 803 
60 803 
266 803 
416 803 
684 803 
689 803 
851 803 
887 803 
4 804 
12 804 
26 804 
147 804 
368 804 
422 804 
3 805 
88 805 
89 805 
184 805 
250 805 
644 805 
904 805 
944 805 
962 805 
14 806 
76 806 
115 806 
157 806 
192 806 
550 806 
39 807 
72 807 
281 807 
478 807 
616 807 
786 807 
19 808 
35 808 
81 808 
96 808 
137 808 
141 808 
8 809 
39 809 
312 809 
473 809 
522 809 
724 809 
93 810 
138 810 
162 810 
268 810 
357 810 
718 810 
7 811 
82 811 
104 811 
361 811 
510 811 
617 811 
869 811 
319 812 
330 812 
345 812 
360 812 
465 812 
698 812 
53 813 
96 813 
266 813 
317 813 
614 813 
668 813 
30 814 
412 814 
561 814 
613 814 
631 814 
680 814 
176 815 
199 815 
245 815 
329 815 
370 815 
518 815 
26 816 
174 816 
215 816 
351 816 
368 816 
524 816 
3 817 
50 817 
307 817 
349 817 
463 817 
521 817 
1 818 
10 818 
17 818 
602 818 
657 818 
32 819 
90 819 
161 819 
195 819 
226 819 
750 819 
833 819 
214 820 
399 820 
478 820 
674 820 
683 820 
802 820 
3 821 
45 821 
107 821 
167 821 
210 821 
493 821 
1 822 
11 822 
49 822 
71 822 
74 822 
659 822 
5 823 
122 823 
150 823 
156 823 
389 823 
536 823 
2 824 
16 824 
139 824 
383 824 
544 824 
626 824 
41 825 
52 825 
350 825 
363 825 
434 825 
595 825 
890 825 
894 825 
901 825 
3 826 
10 826 
76 826 
106 826 
259 826 
406 826 
969 826 
2 827 
7 827 
25 827 
304 827 
543 827 
679 827 
5 828 
289 828 
446 828 
496 828 
532 828 
654 828 
895 828 
124 829 
181 829 
308 829 
326 829 
441 829 
520 829 
9 830 
37 830 
500 830 
553 830 
563 830 
143 831 
173 831 
503 831 
528 831 
645 831 
649 831 
3 832 
39 832 
200 832 
304 832 
350 832 
719 832 
904 832 
985 832 
32 833 
48 833 
210 833 
750 833 
790 833 
819 833 
838 833 
42 834 
135 834 
212 834 
424 834 
547 834 
746 834 
17 835 
99 835 
108 835 
164 835 
261 835 
481 835 
963 835 
6 836 
21 836 
89 836 
558 836 
698 836 
771 836 
868 836 
970 836 
59 837 
124 837 
175 837 
203 837 
630 837 
744 837 
908 837 
48 838 
207 838 
220 838 
670 838 
790 838 
833 838 
51 839 
73 839 
142 839 
182 839 
269 839 
759 839 
982 839 
14 840 
27 840 
135 840 
365 840 
428 840 
612 840 
847 840 
4 841 
39 841 
69 841 
279 841 
355 841 
679 841 
1 842 
5 842 
9 842 
126 842 
159 842 
566 842 
11 843 
14 843 
64 843 
85 843 
186 843 
612 843 
4 844 
10 844 
16 844 
156 844 
401 844 
649 844 
928 844 
3 845 
6 845 
24 845 
159 845 
357 845 
722 845 
57 846 
74 846 
90 846 
105 846 
195 846 
737 846 
15 847 
48 847 
135 847 
365 847 
582 847 
840 847 
953 847 
44 848 
84 848 
123 848 
256 848 
282 848 
445 848 
47 849 
149 849 
385 849 
408 849 
751 849 
767 849 
930 849 
12 850 
28 850 
108 850 
254 850 
627 850 
748 850 
34 851 
289 851 
530 851 
588 851 
684 851 
803 851 
89 852 
167 852 
334 852 
379 852 
484 852 
728 852 
3 853 
93 853 
246 853 
278 853 
280 853 
303 853 
859 853 
37 854 
102 854 
317 854 
347 854 
499 854 
774 854 
890 854 
935 854 
978 854 
17 855 
23 855 
24 855 
60 855 
128 855 
784 855 
5 856 
8 856 
53 856 
201 856 
297 856 
439 856 
15 857 
220 857 
236 857 
302 857 
362 857 
518 857 
3 858 
4 858 
51 858 
97 858 
184 858 
192 858 
3 859 
45 859 
246 859 
278 859 
646 859 
853 859 
8 860 
12 860 
36 860 
283 860 
685 860 
730 860 
10 861 
30 861 
49 861 
166 861 
173 861 
645 861 
13 862 
16 862 
29 862 
34 862 
36 862 
601 862 
7 863 
19 863 
51 863 
181 863 
205 863 
448 863 
969 863 
2 864 
4 864 
75 864 
349 864 
376 864 
516 864 
5 865 
9 865 
19 865 
278 865 
289 865 
433 865 
945 865 
14 866 
29 866 
62 866 
141 866 
505 866 
635 866 
40 867 
123 867 
318 867 
494 867 
621 867 
629 867 
22 868 
120 868 
199 868 
558 868 
698 868 
836 868 
10 869 
45 869 
82 869 
104 869 
435 869 
811 869 
23 870 
37 870 
127 870 
229 870 
470 870 
553 870 
914 870 
942 870 
87 871 
94 871 
149 871 
465 871 
718 871 
751 871 
49 872 
423 872 
438 872 
473 872 
586 872 
628 872 
3 873 
107 873 
167 873 
445 873 
486 873 
660 873 
964 873 
11 874 
14 874 
119 874 
125 874 
381 874 
523 874 
5 875 
7 875 
227 875 
239 875 
391 875 
548 875 
1 876 
28 876 
40 876 
469 876 
486 876 
754 876 
6 877 
16 877 
201 877 
215 877 
251 877 
611 877 
3 878 
103 878 
239 878 
356 878 
425 878 
429 878 
40 879 
215 879 
286 879 
497 879 
611 879 
690 879 
19 880 
96 880 
97 880 
109 880 
316 880 
570 880 
927 880 
5 881 
8 881 
54 881 
174 881 
256 881 
345 881 
5 882 
10 882 
22 882 
23 882 
536 882 
771 882 
994 882 
37 883 
56 883 
67 883 
83 883 
194 883 
260 883 
6 884 
45 884 
62 884 
219 884 
358 884 
711 884 
3 885 
64 885 
146 885 
486 885 
491 885 
660 885 
4 886 
56 886 
131 886 
210 886 
732 886 
769 886 
60 887 
142 887 
266 887 
712 887 
735 887 
803 887 
80 888 
81 888 
329 888 
624 888 
683 888 
700 888 
950 888 
9 889 
75 889 
201 889 
268 889 
357 889 
537 889 
939 889 
37 890 
363 890 
595 890 
774 890 
825 890 
854 890 
894 890 
901 890 
963 890 
978 890 
8 891 
39 891 
114 891 
472 891 
587 891 
705 891 
925 891 
9 892 
200 892 
211 892 
266 892 
320 892 
616 892 
26 893 
90 893 
169 893 
217 893 
246 893 
534 893 
94 894 
208 894 
595 894 
697 894 
825 894 
890 894 
901 894 
963 894 
5 895 
446 895 
485 895 
647 895 
654 895 
828 895 
26 896 
74 896 
158 896 
483 896 
503 896 
528 896 
916 896 
2 897 
10 897 
22 897 
266 897 
510 897 
553 897 
949 897 
2 898 
7 898 
27 898 
37 898 
47 898 
563 898 
73 899 
79 899 
86 899 
165 899 
313 899 
783 899 
9 900 
94 900 
101 900 
247 900 
294 900 
481 900 
8 901 
46 901 
111 901 
825 901 
890 901 
894 901 
17 902 
27 902 
122 902 
439 902 
556 902 
763 902 
918 902 
10 903 
37 903 
78 903 
194 903 
354 903 
656 903 
184 904 
304 904 
350 904 
644 904 
805 904 
832 904 
985 904 
29 905 
54 905 
68 905 
117 905 
452 905 
620 905 
981 905 
73 906 
139 906 
165 906 
313 906 
338 906 
626 906 
8 907 
27 907 
297 907 
311 907 
513 907 
523 907 
2 908 
59 908 
203 908 
607 908 
788 908 
837 908 
5 909 
54 909 
93 909 
158 909 
234 909 
502 909 
161 910 
235 910 
244 910 
333 910 
438 910 
734 910 
927 910 
1 911 
21 911 
107 911 
330 911 
754 911 
4 912 
62 912 
108 912 
246 912 
278 912 
748 912 
2 913 
12 913 
19 913 
410 913 
685 913 
755 913 
23 914 
32 914 
94 914 
470 914 
481 914 
870 914 
942 914 
1 915 
2 915 
7 915 
39 915 
321 915 
430 915 
17 916 
22 916 
74 916 
120 916 
483 916 
896 916 
5 917 
128 917 
302 917 
333 917 
334 917 
723 917 
27 918 
30 918 
249 918 
412 918 
556 918 
902 918 
948 918 
3 919 
27 919 
59 919 
60 919 
662 919 
752 919 
1 920 
12 920 
32 920 
102 920 
154 920 
326 920 
11 921 
51 921 
83 921 
231 921 
269 921 
727 921 
988 921 
9 922 
34 922 
112 922 
206 922 
411 922 
599 922 
960 922 
3 923 
5 923 
30 923 
65 923 
225 923 
474 923 
989 923 
1 924 
52 924 
63 924 
66 924 
191 924 
446 924 
8 925 
22 925 
288 925 
472 925 
764 925 
891 925 
36 926 
55 926 
73 926 
127 926 
382 926 
641 926 
109 927 
244 927 
316 927 
438 927 
880 927 
910 927 
10 928 
16 928 
17 928 
48 928 
540 928 
844 928 
85 929 
121 929 
126 929 
129 929 
163 929 
365 929 
73 930 
408 930 
427 930 
641 930 
767 930 
849 930 
41 931 
42 931 
268 931 
290 931 
373 931 
444 931 
8 932 
11 932 
220 932 
270 932 
277 932 
537 932 
3 933 
163 933 
252 933 
286 933 
357 933 
372 933 
9 934 
513 934 
525 934 
616 934 
732 934 
769 934 
58 935 
102 935 
204 935 
499 935 
706 935 
854 935 
25 936 
245 936 
307 936 
312 936 
663 936 
702 936 
965 936 
11 937 
17 937 
48 937 
108 937 
132 937 
551 937 
200 938 
232 938 
445 938 
565 938 
573 938 
593 938 
9 939 
17 939 
23 939 
201 939 
229 939 
889 939 
2 940 
153 940 
174 940 
180 940 
228 940 
265 940 
18 941 
23 941 
72 941 
144 941 
211 941 
419 941 
23 942 
139 942 
261 942 
470 942 
870 942 
914 942 
1 943 
5 943 
8 943 
161 943 
361 943 
425 943 
3 944 
15 944 
64 944 
89 944 
443 944 
805 944 
962 944 
9 945 
112 945 
289 945 
525 945 
865 945 
971 945 
1 946 
7 946 
26 946 
50 946 
168 946 
569 946 
1 947 
8 947 
191 947 
332 947 
469 947 
552 947 
27 948 
184 948 
324 948 
461 948 
556 948 
918 948 
2 949 
56 949 
136 949 
510 949 
645 949 
897 949 
80 950 
184 950 
228 950 
700 950 
770 950 
888 950 
9 951 
259 951 
371 951 
632 951 
658 951 
772 951 
58 952 
120 952 
176 952 
327 952 
416 952 
729 952 
7 953 
15 953 
46 953 
48 953 
400 953 
847 953 
31 954 
103 954 
175 954 
485 954 
515 954 
568 954 
14 955 
24 955 
185 955 
325 955 
731 955 
785 955 
9 956 
34 956 
142 956 
188 956 
195 956 
411 956 
967 956 
2 957 
68 957 
109 957 
270 957 
704 957 
741 957 
19 958 
53 958 
104 958 
585 958 
655 958 
739 958 
12 959 
15 959 
33 959 
64 959 
441 959 
511 959 
4 960 
34 960 
455 960 
599 960 
642 960 
922 960 
1 961 
3 961 
5 961 
6 961 
44 961 
608 961 
61 962 
89 962 
560 962 
805 962 
944 962 
164 963 
261 963 
595 963 
835 963 
890 963 
894 963 
3 964 
25 964 
217 964 
262 964 
486 964 
873 964 
25 965 
62 965 
67 965 
598 965 
702 965 
936 965 
6 966 
25 966 
37 966 
63 966 
147 966 
191 966 
9 967 
195 967 
311 967 
513 967 
732 967 
956 967 
49 968 
106 968 
210 968 
223 968 
466 968 
746 968 
3 969 
7 969 
51 969 
76 969 
826 969 
863 969 
4 970 
558 970 
636 970 
771 970 
798 970 
836 970 
9 971 
185 971 
393 971 
525 971 
596 971 
945 971 
14 972 
216 972 
334 972 
341 972 
661 972 
761 972 
2 973 
9 973 
39 973 
214 973 
665 973 
667 973 
26 974 
32 974 
67 974 
94 974 
492 974 
750 974 
3 975 
43 975 
226 975 
267 975 
605 975 
646 975 
3 976 
7 976 
39 976 
285 976 
486 976 
587 976 
51 977 
193 977 
309 977 
380 977 
454 977 
710 977 
16 978 
63 978 
115 978 
774 978 
854 978 
890 978 
81 979 
192 979 
475 979 
476 979 
532 979 
678 979 
58 980 
72 980 
131 980 
403 980 
749 980 
770 980 
8 981 
23 981 
29 981 
68 981 
771 981 
905 981 
6 982 
51 982 
142 982 
167 982 
508 982 
839 982 
11 983 
53 983 
97 983 
387 983 
551 983 
798 983 
27 984 
139 984 
297 984 
338 984 
353 984 
613 984 
60 985 
119 985 
350 985 
625 985 
832 985 
904 985 
9 986 
62 986 
165 986 
226 986 
533 986 
605 986 
1 987 
36 987 
310 987 
545 987 
564 987 
601 987 
51 988 
104 988 
265 988 
431 988 
727 988 
921 988 
3 989 
30 989 
167 989 
341 989 
651 989 
923 989 
106 990 
170 990 
438 990 
628 990 
731 990 
734 990 
1 991 
9 991 
92 991 
187 991 
519 991 
5 992 
28 992 
140 992 
233 992 
469 992 
756 992 
995 992 
3 993 
58 993 
182 993 
301 993 
614 993 
668 993 
3 994 
7 994 
10 994 
378 994 
536 994 
882 994 
5 995 
111 995 
126 995 
129 995 
233 995 
992 995 
11 996 
73 996 
254 996 
323 996 
351 996 
396 996 
16 997 
17 997 
46 997 
101 997 
107 997 
565 997 
16 998 
109 998 
363 998 
424 998 
445 998 
593 998 
1 999 
39 999 
165 999 
190 999 
347 999 
736 999 
6 1000 
143 1000 
231 1000 
286 1000 
611 1000 
795 1000 
