2 1 
3 1 
4 1 
5 1 
6 1 
7 1 
8 1 
12 1 
14 1 
16 1 
23 1 
26 1 
27 1 
28 1 
31 1 
32 1 
33 1 
35 1 
36 1 
37 1 
44 1 
47 1 
48 1 
51 1 
52 1 
61 1 
63 1 
66 1 
81 1 
93 1 
112 1 
117 1 
120 1 
129 1 
130 1 
132 1 
135 1 
136 1 
138 1 
140 1 
144 1 
147 1 
154 1 
156 1 
157 1 
171 1 
180 1 
196 1 
202 1 
212 1 
215 1 
228 1 
229 1 
234 1 
236 1 
239 1 
248 1 
258 1 
264 1 
267 1 
268 1 
273 1 
278 1 
279 1 
282 1 
283 1 
284 1 
285 1 
292 1 
304 1 
305 1 
317 1 
318 1 
323 1 
325 1 
327 1 
339 1 
345 1 
346 1 
354 1 
360 1 
362 1 
368 1 
380 1 
382 1 
407 1 
415 1 
423 1 
437 1 
439 1 
448 1 
450 1 
459 1 
460 1 
461 1 
462 1 
472 1 
478 1 
479 1 
494 1 
518 1 
519 1 
524 1 
529 1 
530 1 
546 1 
551 1 
576 1 
581 1 
608 1 
614 1 
627 1 
631 1 
704 1 
714 1 
750 1 
801 1 
818 1 
838 1 
853 1 
888 1 
901 1 
907 1 
926 1 
933 1 
935 1 
938 1 
941 1 
942 1 
985 1 
1 2 
3 2 
4 2 
6 2 
8 2 
9 2 
10 2 
12 2 
13 2 
14 2 
15 2 
17 2 
19 2 
20 2 
22 2 
25 2 
26 2 
27 2 
31 2 
34 2 
41 2 
54 2 
56 2 
59 2 
63 2 
68 2 
74 2 
77 2 
79 2 
84 2 
88 2 
97 2 
132 2 
134 2 
140 2 
143 2 
153 2 
158 2 
170 2 
173 2 
175 2 
188 2 
191 2 
192 2 
194 2 
196 2 
202 2 
206 2 
209 2 
216 2 
224 2 
230 2 
242 2 
243 2 
245 2 
250 2 
258 2 
259 2 
286 2 
304 2 
317 2 
319 2 
321 2 
335 2 
348 2 
364 2 
373 2 
385 2 
389 2 
395 2 
416 2 
426 2 
436 2 
442 2 
451 2 
453 2 
479 2 
482 2 
500 2 
508 2 
510 2 
515 2 
517 2 
534 2 
543 2 
546 2 
552 2 
553 2 
561 2 
571 2 
575 2 
598 2 
604 2 
607 2 
619 2 
621 2 
623 2 
631 2 
639 2 
641 2 
679 2 
698 2 
721 2 
725 2 
738 2 
741 2 
750 2 
782 2 
785 2 
793 2 
798 2 
808 2 
828 2 
835 2 
861 2 
868 2 
878 2 
889 2 
894 2 
917 2 
928 2 
959 2 
961 2 
967 2 
968 2 
984 2 
1 3 
2 3 
4 3 
5 3 
7 3 
8 3 
9 3 
12 3 
14 3 
15 3 
21 3 
25 3 
26 3 
28 3 
34 3 
38 3 
45 3 
46 3 
51 3 
52 3 
55 3 
57 3 
60 3 
64 3 
65 3 
67 3 
75 3 
76 3 
83 3 
96 3 
97 3 
104 3 
109 3 
110 3 
120 3 
123 3 
124 3 
143 3 
148 3 
151 3 
152 3 
165 3 
166 3 
181 3 
189 3 
198 3 
205 3 
207 3 
211 3 
213 3 
215 3 
227 3 
234 3 
238 3 
241 3 
245 3 
250 3 
252 3 
257 3 
261 3 
273 3 
300 3 
301 3 
344 3 
346 3 
355 3 
361 3 
378 3 
402 3 
405 3 
409 3 
418 3 
464 3 
480 3 
498 3 
528 3 
542 3 
545 3 
546 3 
551 3 
558 3 
561 3 
566 3 
567 3 
568 3 
572 3 
574 3 
579 3 
584 3 
600 3 
614 3 
621 3 
626 3 
630 3 
637 3 
640 3 
645 3 
663 3 
666 3 
667 3 
673 3 
674 3 
678 3 
699 3 
710 3 
727 3 
735 3 
792 3 
800 3 
817 3 
828 3 
846 3 
851 3 
857 3 
866 3 
874 3 
922 3 
955 3 
984 3 
994 3 
1 4 
2 4 
3 4 
5 4 
6 4 
7 4 
9 4 
10 4 
11 4 
13 4 
14 4 
16 4 
17 4 
18 4 
20 4 
25 4 
29 4 
31 4 
35 4 
36 4 
39 4 
41 4 
44 4 
45 4 
47 4 
48 4 
49 4 
51 4 
53 4 
55 4 
57 4 
66 4 
69 4 
73 4 
74 4 
78 4 
79 4 
81 4 
86 4 
89 4 
90 4 
95 4 
111 4 
112 4 
123 4 
124 4 
134 4 
136 4 
139 4 
141 4 
145 4 
146 4 
149 4 
152 4 
154 4 
161 4 
170 4 
177 4 
179 4 
184 4 
186 4 
187 4 
198 4 
207 4 
208 4 
222 4 
231 4 
238 4 
240 4 
254 4 
255 4 
260 4 
272 4 
273 4 
276 4 
277 4 
278 4 
282 4 
295 4 
296 4 
298 4 
299 4 
301 4 
304 4 
309 4 
313 4 
316 4 
320 4 
327 4 
329 4 
330 4 
331 4 
342 4 
343 4 
347 4 
351 4 
371 4 
384 4 
394 4 
396 4 
402 4 
404 4 
406 4 
412 4 
414 4 
423 4 
435 4 
441 4 
443 4 
448 4 
453 4 
454 4 
458 4 
463 4 
489 4 
490 4 
503 4 
513 4 
525 4 
541 4 
546 4 
553 4 
562 4 
563 4 
578 4 
581 4 
583 4 
589 4 
597 4 
599 4 
621 4 
623 4 
624 4 
632 4 
633 4 
651 4 
663 4 
678 4 
683 4 
688 4 
693 4 
711 4 
728 4 
732 4 
739 4 
740 4 
745 4 
770 4 
772 4 
783 4 
786 4 
812 4 
823 4 
830 4 
836 4 
846 4 
850 4 
853 4 
854 4 
856 4 
865 4 
872 4 
878 4 
887 4 
918 4 
942 4 
953 4 
959 4 
984 4 
987 4 
993 4 
1 5 
3 5 
4 5 
7 5 
8 5 
9 5 
11 5 
12 5 
14 5 
16 5 
18 5 
28 5 
34 5 
35 5 
39 5 
40 5 
41 5 
45 5 
47 5 
51 5 
53 5 
59 5 
61 5 
66 5 
72 5 
75 5 
90 5 
107 5 
113 5 
123 5 
129 5 
130 5 
134 5 
135 5 
136 5 
137 5 
142 5 
146 5 
147 5 
150 5 
176 5 
185 5 
186 5 
193 5 
195 5 
203 5 
227 5 
233 5 
253 5 
265 5 
267 5 
290 5 
298 5 
306 5 
313 5 
325 5 
328 5 
343 5 
346 5 
380 5 
393 5 
452 5 
474 5 
485 5 
502 5 
509 5 
528 5 
557 5 
583 5 
605 5 
623 5 
630 5 
633 5 
662 5 
680 5 
686 5 
705 5 
712 5 
716 5 
718 5 
731 5 
735 5 
741 5 
742 5 
750 5 
754 5 
757 5 
775 5 
795 5 
861 5 
865 5 
866 5 
870 5 
877 5 
880 5 
995 5 
1 6 
2 6 
4 6 
8 6 
9 6 
10 6 
13 6 
17 6 
19 6 
21 6 
22 6 
23 6 
24 6 
26 6 
31 6 
35 6 
36 6 
46 6 
50 6 
79 6 
80 6 
84 6 
93 6 
94 6 
105 6 
112 6 
126 6 
142 6 
202 6 
205 6 
214 6 
218 6 
248 6 
249 6 
297 6 
321 6 
327 6 
364 6 
367 6 
372 6 
390 6 
412 6 
451 6 
472 6 
495 6 
508 6 
524 6 
527 6 
547 6 
571 6 
582 6 
606 6 
611 6 
626 6 
635 6 
641 6 
649 6 
654 6 
663 6 
671 6 
687 6 
699 6 
804 6 
821 6 
826 6 
828 6 
937 6 
1 7 
3 7 
4 7 
5 7 
9 7 
11 7 
14 7 
18 7 
20 7 
21 7 
39 7 
41 7 
45 7 
57 7 
69 7 
92 7 
96 7 
107 7 
135 7 
160 7 
161 7 
176 7 
179 7 
200 7 
214 7 
215 7 
217 7 
220 7 
221 7 
266 7 
328 7 
340 7 
350 7 
378 7 
391 7 
395 7 
448 7 
466 7 
490 7 
501 7 
505 7 
531 7 
533 7 
537 7 
564 7 
569 7 
604 7 
630 7 
642 7 
724 7 
725 7 
728 7 
740 7 
790 7 
803 7 
858 7 
864 7 
892 7 
915 7 
920 7 
966 7 
1 8 
2 8 
3 8 
5 8 
6 8 
12 8 
17 8 
23 8 
27 8 
28 8 
30 8 
32 8 
36 8 
38 8 
42 8 
48 8 
51 8 
54 8 
56 8 
61 8 
62 8 
84 8 
110 8 
112 8 
117 8 
132 8 
133 8 
137 8 
167 8 
192 8 
202 8 
212 8 
218 8 
221 8 
248 8 
270 8 
285 8 
300 8 
316 8 
382 8 
391 8 
428 8 
439 8 
451 8 
474 8 
488 8 
506 8 
524 8 
530 8 
559 8 
568 8 
580 8 
651 8 
662 8 
736 8 
750 8 
818 8 
842 8 
875 8 
919 8 
2 9 
3 9 
4 9 
5 9 
6 9 
7 9 
10 9 
11 9 
15 9 
17 9 
19 9 
21 9 
39 9 
40 9 
42 9 
45 9 
59 9 
63 9 
68 9 
73 9 
74 9 
75 9 
83 9 
92 9 
98 9 
100 9 
104 9 
117 9 
122 9 
124 9 
126 9 
142 9 
150 9 
155 9 
160 9 
162 9 
164 9 
169 9 
174 9 
179 9 
188 9 
205 9 
220 9 
230 9 
232 9 
244 9 
252 9 
293 9 
320 9 
376 9 
389 9 
396 9 
409 9 
411 9 
458 9 
504 9 
513 9 
561 9 
599 9 
605 9 
609 9 
638 9 
641 9 
687 9 
696 9 
706 9 
726 9 
738 9 
757 9 
790 9 
802 9 
819 9 
850 9 
867 9 
871 9 
904 9 
940 9 
952 9 
969 9 
1000 9 
2 10 
4 10 
6 10 
9 10 
11 10 
13 10 
15 10 
18 10 
19 10 
20 10 
24 10 
34 10 
37 10 
49 10 
53 10 
58 10 
60 10 
62 10 
74 10 
77 10 
79 10 
95 10 
105 10 
119 10 
122 10 
139 10 
152 10 
153 10 
159 10 
165 10 
169 10 
170 10 
175 10 
185 10 
210 10 
211 10 
223 10 
243 10 
247 10 
254 10 
264 10 
304 10 
344 10 
356 10 
357 10 
369 10 
374 10 
384 10 
412 10 
418 10 
433 10 
445 10 
450 10 
468 10 
515 10 
534 10 
540 10 
542 10 
571 10 
607 10 
663 10 
721 10 
725 10 
726 10 
732 10 
746 10 
751 10 
770 10 
771 10 
800 10 
804 10 
809 10 
810 10 
839 10 
878 10 
906 10 
927 10 
4 11 
5 11 
7 11 
9 11 
10 11 
13 11 
15 11 
16 11 
18 11 
20 11 
29 11 
37 11 
40 11 
43 11 
49 11 
72 11 
73 11 
98 11 
105 11 
111 11 
118 11 
122 11 
139 11 
144 11 
164 11 
176 11 
179 11 
188 11 
193 11 
206 11 
220 11 
230 11 
268 11 
278 11 
279 11 
312 11 
313 11 
322 11 
328 11 
330 11 
348 11 
356 11 
359 11 
392 11 
400 11 
404 11 
418 11 
489 11 
496 11 
512 11 
522 11 
528 11 
531 11 
575 11 
591 11 
635 11 
694 11 
725 11 
737 11 
751 11 
882 11 
888 11 
891 11 
892 11 
1 12 
2 12 
3 12 
5 12 
8 12 
17 12 
23 12 
27 12 
30 12 
34 12 
41 12 
85 12 
108 12 
150 12 
167 12 
180 12 
189 12 
191 12 
300 12 
311 12 
317 12 
343 12 
353 12 
375 12 
407 12 
435 12 
478 12 
497 12 
502 12 
517 12 
529 12 
549 12 
627 12 
639 12 
662 12 
736 12 
794 12 
928 12 
2 13 
4 13 
6 13 
10 13 
11 13 
16 13 
18 13 
19 13 
22 13 
24 13 
25 13 
32 13 
36 13 
37 13 
39 13 
43 13 
50 13 
54 13 
58 13 
65 13 
71 13 
77 13 
92 13 
102 13 
105 13 
107 13 
114 13 
116 13 
121 13 
126 13 
127 13 
144 13 
159 13 
160 13 
182 13 
194 13 
210 13 
211 13 
232 13 
254 13 
257 13 
264 13 
301 13 
305 13 
319 13 
321 13 
322 13 
335 13 
370 13 
375 13 
379 13 
386 13 
395 13 
422 13 
435 13 
450 13 
456 13 
508 13 
523 13 
526 13 
570 13 
596 13 
608 13 
620 13 
654 13 
692 13 
695 13 
707 13 
739 13 
746 13 
806 13 
810 13 
813 13 
819 13 
860 13 
939 13 
991 13 
1 14 
2 14 
3 14 
4 14 
5 14 
7 14 
15 14 
26 14 
52 14 
55 14 
124 14 
135 14 
180 14 
187 14 
245 14 
292 14 
295 14 
343 14 
370 14 
493 14 
510 14 
566 14 
602 14 
623 14 
649 14 
660 14 
683 14 
728 14 
772 14 
778 14 
810 14 
822 14 
824 14 
836 14 
850 14 
2 15 
3 15 
9 15 
10 15 
11 15 
14 15 
25 15 
26 15 
38 15 
40 15 
46 15 
72 15 
82 15 
83 15 
94 15 
99 15 
100 15 
122 15 
149 15 
166 15 
194 15 
216 15 
233 15 
246 15 
249 15 
297 15 
323 15 
356 15 
359 15 
360 15 
376 15 
410 15 
485 15 
510 15 
522 15 
544 15 
648 15 
671 15 
808 15 
815 15 
834 15 
846 15 
874 15 
923 15 
935 15 
998 15 
1 16 
4 16 
5 16 
11 16 
13 16 
28 16 
35 16 
36 16 
37 16 
44 16 
48 16 
53 16 
63 16 
71 16 
78 16 
90 16 
102 16 
105 16 
111 16 
114 16 
116 16 
140 16 
149 16 
160 16 
183 16 
187 16 
190 16 
194 16 
253 16 
299 16 
308 16 
316 16 
393 16 
414 16 
448 16 
449 16 
465 16 
489 16 
492 16 
509 16 
535 16 
559 16 
576 16 
596 16 
632 16 
754 16 
834 16 
867 16 
873 16 
882 16 
947 16 
979 16 
2 17 
4 17 
6 17 
8 17 
9 17 
12 17 
21 17 
23 17 
41 17 
42 17 
44 17 
54 17 
56 17 
79 17 
85 17 
96 17 
99 17 
102 17 
124 17 
155 17 
196 17 
236 17 
270 17 
306 17 
349 17 
390 17 
426 17 
433 17 
599 17 
611 17 
658 17 
681 17 
709 17 
799 17 
892 17 
916 17 
963 17 
4 18 
5 18 
7 18 
10 18 
11 18 
13 18 
25 18 
32 18 
40 18 
43 18 
49 18 
58 18 
62 18 
65 18 
69 18 
115 18 
118 18 
119 18 
138 18 
141 18 
155 18 
159 18 
175 18 
176 18 
177 18 
201 18 
213 18 
230 18 
237 18 
240 18 
247 18 
260 18 
277 18 
290 18 
305 18 
349 18 
363 18 
365 18 
405 18 
408 18 
410 18 
422 18 
442 18 
457 18 
490 18 
510 18 
542 18 
557 18 
581 18 
610 18 
635 18 
653 18 
670 18 
693 18 
715 18 
723 18 
747 18 
824 18 
890 18 
912 18 
924 18 
938 18 
983 18 
2 19 
6 19 
9 19 
10 19 
13 19 
22 19 
24 19 
34 19 
50 19 
63 19 
80 19 
83 19 
88 19 
103 19 
117 19 
121 19 
133 19 
158 19 
162 19 
193 19 
210 19 
226 19 
287 19 
373 19 
465 19 
467 19 
533 19 
600 19 
610 19 
619 19 
636 19 
641 19 
712 19 
748 19 
815 19 
891 19 
949 19 
971 19 
2 20 
4 20 
7 20 
10 20 
11 20 
29 20 
95 20 
136 20 
139 20 
338 20 
420 20 
486 20 
693 20 
878 20 
892 20 
3 21 
6 21 
7 21 
9 21 
17 21 
23 21 
24 21 
29 21 
33 21 
42 21 
44 21 
46 21 
50 21 
56 21 
70 21 
88 21 
91 21 
93 21 
96 21 
101 21 
104 21 
128 21 
142 21 
150 21 
151 21 
156 21 
160 21 
162 21 
200 21 
217 21 
232 21 
249 21 
253 21 
262 21 
270 21 
281 21 
284 21 
310 21 
363 21 
377 21 
381 21 
394 21 
397 21 
398 21 
400 21 
432 21 
433 21 
438 21 
444 21 
505 21 
513 21 
527 21 
544 21 
556 21 
597 21 
619 21 
625 21 
643 21 
647 21 
666 21 
694 21 
696 21 
699 21 
736 21 
744 21 
761 21 
787 21 
789 21 
792 21 
837 21 
859 21 
883 21 
897 21 
900 21 
969 21 
1000 21 
2 22 
6 22 
13 22 
19 22 
50 22 
77 22 
80 22 
107 22 
127 22 
183 22 
188 22 
189 22 
197 22 
232 22 
250 22 
259 22 
263 22 
444 22 
451 22 
465 22 
467 22 
600 22 
619 22 
626 22 
729 22 
786 22 
857 22 
1 23 
6 23 
8 23 
12 23 
17 23 
21 23 
24 23 
27 23 
29 23 
30 23 
32 23 
33 23 
42 23 
44 23 
82 23 
87 23 
101 23 
112 23 
172 23 
178 23 
212 23 
219 23 
221 23 
236 23 
239 23 
256 23 
270 23 
271 23 
286 23 
311 23 
338 23 
361 23 
363 23 
373 23 
375 23 
390 23 
425 23 
434 23 
446 23 
472 23 
507 23 
520 23 
529 23 
538 23 
573 23 
631 23 
635 23 
655 23 
656 23 
684 23 
689 23 
744 23 
830 23 
845 23 
847 23 
905 23 
985 23 
986 23 
988 23 
6 24 
10 24 
13 24 
19 24 
21 24 
23 24 
29 24 
30 24 
46 24 
70 24 
88 24 
91 24 
109 24 
121 24 
199 24 
210 24 
254 24 
291 24 
377 24 
515 24 
533 24 
594 24 
610 24 
655 24 
698 24 
862 24 
885 24 
2 25 
3 25 
4 25 
13 25 
15 25 
18 25 
32 25 
54 25 
64 25 
78 25 
97 25 
127 25 
165 25 
166 25 
194 25 
254 25 
314 25 
360 25 
366 25 
403 25 
464 25 
469 25 
543 25 
570 25 
730 25 
741 25 
753 25 
984 25 
1 26 
2 26 
3 26 
6 26 
14 26 
15 26 
27 26 
35 26 
38 26 
52 26 
59 26 
65 26 
67 26 
85 26 
86 26 
94 26 
115 26 
132 26 
171 26 
181 26 
213 26 
222 26 
257 26 
275 26 
281 26 
292 26 
297 26 
309 26 
326 26 
332 26 
333 26 
334 26 
350 26 
413 26 
418 26 
438 26 
471 26 
503 26 
580 26 
584 26 
602 26 
609 26 
620 26 
631 26 
669 26 
673 26 
766 26 
797 26 
827 26 
828 26 
876 26 
877 26 
883 26 
929 26 
945 26 
994 26 
1 27 
2 27 
8 27 
12 27 
23 27 
26 27 
30 27 
31 27 
42 27 
59 27 
67 27 
84 27 
125 27 
133 27 
158 27 
178 27 
180 27 
216 27 
219 27 
224 27 
251 27 
256 27 
288 27 
311 27 
334 27 
341 27 
435 27 
482 27 
498 27 
520 27 
580 27 
588 27 
675 27 
679 27 
726 27 
738 27 
753 27 
772 27 
794 27 
820 27 
847 27 
944 27 
979 27 
988 27 
1 28 
3 28 
5 28 
8 28 
16 28 
37 28 
38 28 
53 28 
71 28 
72 28 
110 28 
120 28 
147 28 
198 28 
207 28 
224 28 
306 28 
308 28 
362 28 
452 28 
519 28 
530 28 
560 28 
566 28 
583 28 
614 28 
731 28 
777 28 
835 28 
857 28 
880 28 
932 28 
974 28 
4 29 
11 29 
20 29 
21 29 
23 29 
24 29 
30 29 
33 29 
82 29 
88 29 
109 29 
136 29 
163 29 
172 29 
181 29 
198 29 
212 29 
223 29 
225 29 
291 29 
338 29 
340 29 
361 29 
380 29 
420 29 
473 29 
515 29 
563 29 
573 29 
594 29 
595 29 
611 29 
698 29 
723 29 
724 29 
731 29 
851 29 
908 29 
8 30 
12 30 
23 30 
24 30 
27 30 
29 30 
133 30 
167 30 
180 30 
191 30 
288 30 
294 30 
353 30 
361 30 
373 30 
422 30 
425 30 
434 30 
549 30 
624 30 
655 30 
726 30 
909 30 
980 30 
1 31 
2 31 
4 31 
6 31 
27 31 
158 31 
251 31 
256 31 
258 31 
472 31 
477 31 
498 31 
608 31 
768 31 
820 31 
1 32 
8 32 
13 32 
18 32 
23 32 
25 32 
33 32 
43 32 
48 32 
54 32 
61 32 
64 32 
87 32 
93 32 
112 32 
138 32 
182 32 
210 32 
247 32 
275 32 
314 32 
404 32 
405 32 
421 32 
424 32 
437 32 
449 32 
459 32 
464 32 
506 32 
586 32 
610 32 
666 32 
685 32 
714 32 
785 32 
1 33 
21 33 
23 33 
29 33 
32 33 
82 33 
87 33 
93 33 
144 33 
247 33 
270 33 
271 33 
286 33 
424 33 
437 33 
445 33 
467 33 
507 33 
556 33 
595 33 
631 33 
647 33 
790 33 
830 33 
844 33 
967 33 
2 34 
3 34 
5 34 
10 34 
12 34 
19 34 
75 34 
88 34 
103 34 
134 34 
150 34 
153 34 
158 34 
162 34 
173 34 
189 34 
195 34 
203 34 
226 34 
280 34 
291 34 
300 34 
337 34 
351 34 
430 34 
470 34 
471 34 
522 34 
606 34 
613 34 
707 34 
758 34 
861 34 
1 35 
4 35 
5 35 
6 35 
16 35 
26 35 
52 35 
94 35 
186 35 
202 35 
239 35 
364 35 
495 35 
582 35 
712 35 
830 35 
897 35 
942 35 
1 36 
4 36 
6 36 
8 36 
13 36 
16 36 
39 36 
48 36 
51 36 
90 36 
102 36 
154 36 
166 36 
183 36 
218 36 
283 36 
285 36 
327 36 
329 36 
382 36 
391 36 
407 36 
454 36 
509 36 
521 36 
551 36 
763 36 
791 36 
822 36 
947 36 
1 37 
10 37 
11 37 
13 37 
16 37 
28 37 
58 37 
71 37 
92 37 
110 37 
139 37 
224 37 
231 37 
322 37 
335 37 
440 37 
465 37 
475 37 
496 37 
552 37 
572 37 
762 37 
779 37 
833 37 
839 37 
899 37 
3 38 
8 38 
15 38 
26 38 
28 38 
46 38 
60 38 
64 38 
67 38 
73 38 
82 38 
110 38 
119 38 
149 38 
157 38 
164 38 
168 38 
211 38 
235 38 
265 38 
293 38 
297 38 
355 38 
485 38 
566 38 
622 38 
645 38 
652 38 
673 38 
700 38 
765 38 
767 38 
773 38 
807 38 
873 38 
896 38 
954 38 
4 39 
5 39 
7 39 
9 39 
13 39 
36 39 
59 39 
68 39 
90 39 
92 39 
113 39 
142 39 
166 39 
276 39 
283 39 
435 39 
440 39 
453 39 
609 39 
620 39 
634 39 
738 39 
819 39 
890 39 
5 40 
9 40 
11 40 
15 40 
18 40 
43 40 
58 40 
69 40 
72 40 
98 40 
100 40 
111 40 
169 40 
174 40 
193 40 
201 40 
276 40 
312 40 
347 40 
409 40 
417 40 
434 40 
521 40 
523 40 
575 40 
591 40 
605 40 
654 40 
784 40 
871 40 
886 40 
916 40 
998 40 
2 41 
4 41 
5 41 
7 41 
12 41 
17 41 
45 41 
47 41 
55 41 
57 41 
85 41 
97 41 
102 41 
107 41 
108 41 
161 41 
186 41 
196 41 
200 41 
201 41 
221 41 
240 41 
266 41 
296 41 
340 41 
350 41 
351 41 
402 41 
517 41 
621 41 
657 41 
681 41 
692 41 
716 41 
756 41 
783 41 
811 41 
8 42 
9 42 
17 42 
21 42 
23 42 
27 42 
56 42 
124 42 
128 42 
178 42 
221 42 
239 42 
389 42 
580 42 
689 42 
694 42 
818 42 
840 42 
915 42 
924 42 
963 42 
11 43 
13 43 
18 43 
32 43 
40 43 
49 43 
58 43 
65 43 
71 43 
76 43 
89 43 
111 43 
113 43 
155 43 
197 43 
204 43 
210 43 
240 43 
263 43 
276 43 
279 43 
288 43 
290 43 
303 43 
308 43 
365 43 
405 43 
417 43 
449 43 
456 43 
457 43 
523 43 
560 43 
685 43 
707 43 
715 43 
727 43 
788 43 
841 43 
868 43 
905 43 
916 43 
999 43 
1 44 
4 44 
16 44 
17 44 
21 44 
23 44 
47 44 
63 44 
66 44 
78 44 
101 44 
141 44 
154 44 
190 44 
207 44 
236 44 
241 44 
253 44 
281 44 
283 44 
299 44 
303 44 
325 44 
337 44 
393 44 
433 44 
446 44 
449 44 
450 44 
454 44 
487 44 
525 44 
643 44 
668 44 
691 44 
744 44 
748 44 
792 44 
872 44 
892 44 
945 44 
3 45 
4 45 
5 45 
7 45 
9 45 
41 45 
55 45 
69 45 
221 45 
313 45 
395 45 
501 45 
533 45 
605 45 
687 45 
692 45 
711 45 
3 46 
6 46 
15 46 
21 46 
24 46 
38 46 
50 46 
60 46 
70 46 
73 46 
76 46 
80 46 
82 46 
83 46 
94 46 
99 46 
101 46 
106 46 
119 46 
123 46 
125 46 
130 46 
148 46 
157 46 
168 46 
174 46 
204 46 
216 46 
228 46 
234 46 
235 46 
271 46 
297 46 
336 46 
366 46 
397 46 
401 46 
405 46 
411 46 
425 46 
432 46 
530 46 
547 46 
588 46 
628 46 
649 46 
697 46 
708 46 
805 46 
972 46 
1 47 
4 47 
5 47 
41 47 
44 47 
57 47 
66 47 
81 47 
89 47 
97 47 
123 47 
128 47 
145 47 
184 47 
222 47 
231 47 
282 47 
283 47 
296 47 
307 47 
328 47 
341 47 
358 47 
388 47 
490 47 
546 47 
548 47 
675 47 
684 47 
745 47 
770 47 
777 47 
825 47 
827 47 
849 47 
855 47 
865 47 
910 47 
1 48 
4 48 
8 48 
16 48 
32 48 
36 48 
61 48 
111 48 
132 48 
154 48 
183 48 
248 48 
273 48 
459 48 
492 48 
647 48 
740 48 
919 48 
953 48 
987 48 
4 49 
10 49 
11 49 
18 49 
43 49 
53 49 
60 49 
62 49 
81 49 
86 49 
104 49 
118 49 
147 49 
148 49 
177 49 
213 49 
235 49 
240 49 
277 49 
279 49 
331 49 
332 49 
408 49 
442 49 
443 49 
510 49 
512 49 
601 49 
652 49 
682 49 
709 49 
774 49 
778 49 
788 49 
791 49 
881 49 
905 49 
912 49 
925 49 
939 49 
6 50 
13 50 
19 50 
21 50 
22 50 
46 50 
93 50 
107 50 
151 50 
178 50 
189 50 
205 50 
209 50 
297 50 
372 50 
398 50 
463 50 
467 50 
484 50 
520 50 
687 50 
786 50 
805 50 
809 50 
1 51 
3 51 
4 51 
5 51 
8 51 
36 51 
117 51 
137 51 
152 51 
277 51 
285 51 
298 51 
318 51 
327 51 
329 51 
347 51 
371 51 
392 51 
424 51 
436 51 
441 51 
460 51 
462 51 
469 51 
492 51 
521 51 
618 51 
763 51 
907 51 
990 51 
1 52 
3 52 
14 52 
26 52 
35 52 
55 52 
65 52 
86 52 
91 52 
98 52 
100 52 
109 52 
129 52 
163 52 
171 52 
182 52 
196 52 
215 52 
222 52 
225 52 
227 52 
239 52 
292 52 
298 52 
314 52 
317 52 
326 52 
370 52 
471 52 
481 52 
483 52 
495 52 
498 52 
504 52 
532 52 
615 52 
636 52 
646 52 
649 52 
811 52 
824 52 
872 52 
894 52 
4 53 
5 53 
10 53 
16 53 
28 53 
49 53 
60 53 
72 53 
81 53 
86 53 
90 53 
104 53 
114 53 
131 53 
135 53 
147 53 
148 53 
192 53 
218 53 
235 53 
238 53 
246 53 
259 53 
321 53 
427 53 
497 53 
591 53 
603 53 
742 53 
759 53 
770 53 
776 53 
903 53 
927 53 
931 53 
968 53 
2 54 
8 54 
13 54 
17 54 
25 54 
32 54 
56 54 
62 54 
64 54 
70 54 
78 54 
116 54 
127 54 
143 54 
168 54 
173 54 
182 54 
203 54 
242 54 
270 54 
302 54 
315 54 
316 54 
366 54 
375 54 
379 54 
446 54 
641 54 
708 54 
785 54 
814 54 
876 54 
917 54 
957 54 
958 54 
965 54 
3 55 
4 55 
14 55 
41 55 
45 55 
52 55 
109 55 
182 55 
245 55 
252 55 
287 55 
351 55 
354 55 
370 55 
481 55 
493 55 
545 55 
554 55 
566 55 
692 55 
717 55 
722 55 
822 55 
862 55 
914 55 
936 55 
977 55 
986 55 
990 55 
2 56 
8 56 
17 56 
21 56 
42 56 
54 56 
62 56 
70 56 
96 56 
99 56 
116 56 
128 56 
145 56 
156 56 
167 56 
306 56 
379 56 
381 56 
455 56 
477 56 
507 56 
538 56 
559 56 
563 56 
641 56 
706 56 
730 56 
787 56 
820 56 
840 56 
843 56 
900 56 
963 56 
3 57 
4 57 
7 57 
41 57 
47 57 
97 57 
186 57 
201 57 
208 57 
301 57 
430 57 
518 57 
545 57 
613 57 
752 57 
823 57 
863 57 
948 57 
981 57 
10 58 
13 58 
18 58 
37 58 
40 58 
43 58 
69 58 
92 58 
114 58 
115 58 
131 58 
146 58 
155 58 
276 58 
319 58 
339 58 
347 58 
349 58 
387 58 
450 58 
516 58 
557 58 
565 58 
577 58 
617 58 
661 58 
806 58 
839 58 
938 58 
940 58 
2 59 
5 59 
9 59 
26 59 
27 59 
39 59 
67 59 
68 59 
75 59 
84 59 
85 59 
87 59 
108 59 
113 59 
115 59 
118 59 
125 59 
132 59 
216 59 
245 59 
275 59 
289 59 
294 59 
320 59 
333 59 
336 59 
346 59 
416 59 
447 59 
571 59 
588 59 
601 59 
627 59 
634 59 
660 59 
672 59 
733 59 
742 59 
772 59 
789 59 
821 59 
827 59 
829 59 
855 59 
896 59 
928 59 
3 60 
10 60 
38 60 
46 60 
49 60 
53 60 
64 60 
73 60 
76 60 
80 60 
81 60 
106 60 
131 60 
164 60 
172 60 
192 60 
204 60 
208 60 
218 60 
244 60 
269 60 
293 60 
302 60 
310 60 
365 60 
397 60 
512 60 
634 60 
664 60 
709 60 
746 60 
759 60 
793 60 
845 60 
873 60 
896 60 
921 60 
930 60 
950 60 
1 61 
5 61 
8 61 
32 61 
48 61 
66 61 
137 61 
176 61 
185 61 
439 61 
459 61 
795 61 
8 62 
10 62 
18 62 
49 62 
54 62 
56 62 
70 62 
119 62 
138 62 
141 62 
153 62 
203 62 
213 62 
260 62 
332 62 
374 62 
455 62 
477 62 
487 62 
532 62 
559 62 
642 62 
1 63 
2 63 
9 63 
16 63 
19 63 
44 63 
68 63 
83 63 
103 63 
126 63 
133 63 
140 63 
154 63 
156 63 
190 63 
217 63 
236 63 
267 63 
303 63 
311 63 
326 63 
353 63 
417 63 
431 63 
476 63 
504 63 
535 63 
554 63 
570 63 
637 63 
688 63 
729 63 
771 63 
869 63 
3 64 
25 64 
32 64 
38 64 
54 64 
60 64 
67 64 
78 64 
164 64 
168 64 
208 64 
242 64 
244 64 
255 64 
262 64 
269 64 
314 64 
361 64 
486 64 
567 64 
638 64 
645 64 
700 64 
754 64 
785 64 
965 64 
982 64 
3 65 
13 65 
18 65 
26 65 
43 65 
52 65 
71 65 
76 65 
86 65 
91 65 
95 65 
98 65 
121 65 
181 65 
215 65 
281 65 
298 65 
301 65 
307 65 
309 65 
334 65 
365 65 
386 65 
401 65 
414 65 
484 65 
514 65 
532 65 
558 65 
599 65 
618 65 
681 65 
780 65 
811 65 
964 65 
997 65 
1 66 
4 66 
5 66 
44 66 
47 66 
61 66 
129 66 
141 66 
170 66 
229 66 
241 66 
274 66 
315 66 
325 66 
367 66 
558 66 
715 66 
733 66 
775 66 
795 66 
911 66 
982 66 
3 67 
26 67 
27 67 
38 67 
59 67 
64 67 
84 67 
85 67 
87 67 
108 67 
211 67 
294 67 
334 67 
341 67 
361 67 
421 67 
567 67 
584 67 
587 67 
645 67 
675 67 
733 67 
976 67 
982 67 
2 68 
9 68 
39 68 
59 68 
63 68 
75 68 
122 68 
140 68 
320 68 
504 68 
634 68 
738 68 
798 68 
821 68 
867 68 
890 68 
4 69 
7 69 
18 69 
40 69 
45 69 
58 69 
115 69 
131 69 
201 69 
313 69 
342 69 
501 69 
653 69 
693 69 
723 69 
966 69 
983 69 
21 70 
24 70 
46 70 
54 70 
56 70 
62 70 
116 70 
203 70 
377 70 
394 70 
446 70 
455 70 
487 70 
507 70 
642 70 
697 70 
702 70 
957 70 
970 70 
13 71 
16 71 
28 71 
37 71 
43 71 
65 71 
76 71 
89 71 
106 71 
110 71 
113 71 
121 71 
204 71 
219 71 
226 71 
231 71 
261 71 
301 71 
308 71 
388 71 
401 71 
414 71 
440 71 
465 71 
488 71 
511 71 
539 71 
569 71 
586 71 
681 71 
727 71 
843 71 
849 71 
880 71 
898 71 
5 72 
11 72 
15 72 
28 72 
40 72 
53 72 
135 72 
306 72 
522 72 
575 72 
654 72 
891 72 
998 72 
4 73 
9 73 
11 73 
38 73 
46 73 
60 73 
106 73 
157 73 
172 73 
179 73 
188 73 
252 73 
269 73 
295 73 
318 73 
348 73 
352 73 
404 73 
411 73 
503 73 
676 73 
732 73 
786 73 
805 73 
825 73 
896 73 
904 73 
943 73 
962 73 
2 74 
4 74 
9 74 
10 74 
77 74 
79 74 
152 74 
165 74 
169 74 
191 74 
230 74 
242 74 
289 74 
376 74 
506 74 
508 74 
539 74 
541 74 
673 74 
726 74 
785 74 
809 74 
889 74 
949 74 
3 75 
5 75 
9 75 
34 75 
59 75 
68 75 
122 75 
203 75 
227 75 
280 75 
320 75 
393 75 
660 75 
686 75 
705 75 
893 75 
3 76 
43 76 
46 76 
60 76 
65 76 
71 76 
80 76 
89 76 
106 76 
121 76 
123 76 
125 76 
159 76 
171 76 
197 76 
219 76 
271 76 
307 76 
308 76 
336 76 
365 76 
387 76 
416 76 
419 76 
420 76 
431 76 
457 76 
564 76 
586 76 
592 76 
632 76 
657 76 
700 76 
792 76 
831 76 
845 76 
868 76 
898 76 
901 76 
910 76 
931 76 
946 76 
2 77 
10 77 
13 77 
22 77 
74 77 
165 77 
170 77 
188 77 
191 77 
206 77 
232 77 
335 77 
395 77 
506 77 
553 77 
607 77 
949 77 
968 77 
4 78 
16 78 
25 78 
44 78 
54 78 
64 78 
127 78 
143 78 
168 78 
299 78 
302 78 
414 78 
525 78 
578 78 
708 78 
744 78 
834 78 
2 79 
4 79 
6 79 
10 79 
17 79 
74 79 
152 79 
175 79 
185 79 
209 79 
223 79 
242 79 
243 79 
319 79 
327 79 
329 79 
356 79 
364 79 
389 79 
403 79 
406 79 
500 79 
540 79 
611 79 
612 79 
658 79 
679 79 
721 79 
779 79 
846 79 
894 79 
963 79 
976 79 
998 79 
6 80 
19 80 
22 80 
46 80 
60 80 
76 80 
125 80 
159 80 
171 80 
195 80 
204 80 
302 80 
365 80 
401 80 
431 80 
443 80 
461 80 
465 80 
476 80 
573 80 
669 80 
716 80 
900 80 
910 80 
1 81 
4 81 
47 81 
49 81 
53 81 
60 81 
89 81 
128 81 
131 81 
147 81 
238 81 
330 81 
512 81 
546 81 
634 81 
855 81 
903 81 
933 81 
15 82 
23 82 
29 82 
33 82 
38 82 
46 82 
119 82 
149 82 
172 82 
271 82 
445 82 
467 82 
538 82 
595 82 
598 82 
628 82 
713 82 
790 82 
844 82 
3 83 
9 83 
15 83 
19 83 
46 83 
63 83 
94 83 
103 83 
117 83 
126 83 
193 83 
217 83 
272 83 
311 83 
353 83 
405 83 
431 83 
432 83 
476 83 
688 83 
712 83 
722 83 
757 83 
2 84 
6 84 
8 84 
27 84 
59 84 
67 84 
108 84 
125 84 
192 84 
341 84 
385 84 
421 84 
524 84 
587 84 
875 84 
12 85 
17 85 
26 85 
41 85 
59 85 
67 85 
87 85 
102 85 
108 85 
115 85 
118 85 
184 85 
289 85 
336 85 
355 85 
357 85 
369 85 
399 85 
415 85 
428 85 
438 85 
447 85 
648 85 
756 85 
957 85 
991 85 
4 86 
26 86 
49 86 
52 86 
53 86 
65 86 
91 86 
95 86 
104 86 
881 86 
23 87 
32 87 
33 87 
59 87 
67 87 
85 87 
424 87 
2 88 
19 88 
21 88 
24 88 
29 88 
34 88 
91 88 
103 88 
109 88 
134 88 
163 88 
181 88 
199 88 
225 88 
286 88 
300 88 
337 88 
351 88 
352 88 
373 88 
412 88 
471 88 
522 88 
536 88 
590 88 
759 88 
761 88 
781 88 
884 88 
891 88 
917 88 
949 88 
4 89 
43 89 
47 89 
71 89 
76 89 
81 89 
106 89 
113 89 
128 89 
145 89 
197 89 
226 89 
288 89 
303 89 
330 89 
388 89 
420 89 
511 89 
564 89 
617 89 
653 89 
675 89 
700 89 
831 89 
4 90 
5 90 
16 90 
36 90 
39 90 
53 90 
114 90 
166 90 
253 90 
276 90 
407 90 
427 90 
440 90 
481 90 
742 90 
21 91 
24 91 
52 91 
65 91 
86 91 
88 91 
95 91 
98 91 
100 91 
163 91 
177 91 
199 91 
258 91 
266 91 
314 91 
761 91 
817 91 
884 91 
7 92 
9 92 
13 92 
37 92 
39 92 
58 92 
114 92 
220 92 
322 92 
378 92 
387 92 
466 92 
475 92 
496 92 
514 92 
540 92 
609 92 
612 92 
776 92 
779 92 
847 92 
952 92 
1 93 
6 93 
21 93 
32 93 
33 93 
50 93 
138 93 
144 93 
151 93 
178 93 
205 93 
214 93 
247 93 
249 93 
275 93 
312 93 
367 93 
423 93 
444 93 
520 93 
544 93 
547 93 
602 93 
659 93 
859 93 
6 94 
15 94 
26 94 
35 94 
46 94 
83 94 
99 94 
101 94 
120 94 
233 94 
234 94 
251 94 
280 94 
324 94 
390 94 
495 94 
4 95 
10 95 
20 95 
65 95 
86 95 
91 95 
693 95 
732 95 
987 95 
3 96 
7 96 
17 96 
21 96 
56 96 
99 96 
145 96 
151 96 
200 96 
214 96 
262 96 
349 96 
563 96 
730 96 
789 96 
900 96 
2 97 
3 97 
25 97 
41 97 
47 97 
57 97 
143 97 
165 97 
201 97 
296 97 
430 97 
529 97 
543 97 
545 97 
9 98 
11 98 
40 98 
52 98 
65 98 
91 98 
100 98 
129 98 
164 98 
174 98 
199 98 
237 98 
386 98 
458 98 
468 98 
473 98 
561 98 
841 98 
886 98 
943 98 
15 99 
17 99 
46 99 
56 99 
94 99 
96 99 
101 99 
120 99 
130 99 
145 99 
167 99 
216 99 
233 99 
246 99 
249 99 
306 99 
323 99 
324 99 
349 99 
426 99 
460 99 
697 99 
904 99 
916 99 
934 99 
9 100 
15 100 
40 100 
52 100 
91 100 
98 100 
129 100 
163 100 
169 100 
177 100 
199 100 
237 100 
258 100 
266 100 
386 100 
537 100 
582 100 
629 100 
646 100 
659 100 
703 100 
802 100 
893 100 
21 101 
23 101 
44 101 
46 101 
94 101 
99 101 
120 101 
130 101 
234 101 
251 101 
253 101 
280 101 
337 101 
363 101 
425 101 
684 101 
743 101 
787 101 
813 101 
837 101 
905 101 
13 102 
16 102 
17 102 
36 102 
41 102 
85 102 
116 102 
559 102 
677 102 
734 102 
19 103 
34 103 
63 103 
83 103 
88 103 
133 103 
158 103 
193 103 
217 103 
272 103 
287 103 
300 103 
565 103 
606 103 
757 103 
758 103 
771 103 
781 103 
784 103 
3 104 
9 104 
21 104 
49 104 
53 104 
86 104 
148 104 
150 104 
205 104 
246 104 
284 104 
321 104 
331 104 
345 104 
359 104 
549 104 
630 104 
666 104 
690 104 
713 104 
776 104 
788 104 
881 104 
903 104 
946 104 
952 104 
1000 104 
6 105 
10 105 
11 105 
13 105 
16 105 
126 105 
144 105 
194 105 
257 105 
330 105 
370 105 
413 105 
571 105 
608 105 
622 105 
746 105 
882 105 
991 105 
46 106 
60 106 
71 106 
73 106 
76 106 
89 106 
172 106 
397 106 
511 106 
564 106 
586 106 
617 106 
793 106 
898 106 
972 106 
5 107 
7 107 
13 107 
22 107 
41 107 
50 107 
127 107 
161 107 
183 107 
189 107 
197 107 
456 107 
491 107 
625 107 
630 107 
701 107 
716 107 
12 108 
41 108 
59 108 
67 108 
84 108 
85 108 
294 108 
421 108 
601 108 
756 108 
3 109 
24 109 
29 109 
52 109 
55 109 
88 109 
163 109 
182 109 
223 109 
225 109 
291 109 
354 109 
380 109 
399 109 
498 109 
542 109 
615 109 
723 109 
747 109 
763 109 
862 109 
885 109 
925 109 
3 110 
8 110 
28 110 
37 110 
38 110 
71 110 
224 110 
231 110 
362 110 
552 110 
593 110 
783 110 
801 110 
999 110 
4 111 
11 111 
16 111 
40 111 
43 111 
48 111 
149 111 
312 111 
523 111 
953 111 
1 112 
4 112 
6 112 
8 112 
23 112 
32 112 
248 112 
264 112 
278 112 
323 112 
354 112 
423 112 
506 112 
524 112 
714 112 
804 112 
821 112 
854 112 
5 113 
39 113 
43 113 
59 113 
71 113 
89 113 
142 113 
204 113 
226 113 
261 113 
263 113 
324 113 
358 113 
517 113 
550 113 
650 113 
686 113 
720 113 
806 113 
843 113 
849 113 
13 114 
16 114 
53 114 
58 114 
90 114 
92 114 
319 114 
387 114 
427 114 
516 114 
18 115 
26 115 
58 115 
59 115 
69 115 
85 115 
118 115 
131 115 
146 115 
184 115 
275 115 
349 115 
363 115 
438 115 
565 115 
609 115 
648 115 
653 115 
672 115 
747 115 
761 115 
13 116 
16 116 
54 116 
56 116 
70 116 
102 116 
160 116 
187 116 
274 116 
379 116 
446 116 
507 116 
538 116 
559 116 
677 116 
706 116 
734 116 
814 116 
820 116 
843 116 
921 116 
970 116 
1 117 
8 117 
9 117 
19 117 
51 117 
83 117 
137 117 
318 117 
439 117 
462 117 
469 117 
712 117 
962 117 
969 117 
11 118 
18 118 
49 118 
59 118 
85 118 
115 118 
184 118 
277 118 
289 118 
333 118 
346 118 
355 118 
357 118 
415 118 
428 118 
493 118 
500 118 
601 118 
635 118 
672 118 
682 118 
848 118 
852 118 
936 118 
950 118 
10 119 
18 119 
38 119 
46 119 
62 119 
82 119 
138 119 
153 119 
374 119 
468 119 
628 119 
735 119 
869 119 
1 120 
3 120 
28 120 
94 120 
99 120 
101 120 
198 120 
234 120 
241 120 
250 120 
280 120 
284 120 
285 120 
344 120 
427 120 
572 120 
710 120 
717 120 
756 120 
764 120 
777 120 
835 120 
974 120 
983 120 
13 121 
19 121 
24 121 
65 121 
71 121 
76 121 
219 121 
307 121 
401 121 
419 121 
569 121 
610 121 
618 121 
9 122 
10 122 
11 122 
15 122 
68 122 
75 122 
356 122 
418 122 
528 122 
536 122 
678 122 
751 122 
955 122 
3 123 
4 123 
5 123 
46 123 
47 123 
76 123 
134 123 
148 123 
231 123 
271 123 
299 123 
328 123 
548 123 
628 123 
792 123 
910 123 
922 123 
3 124 
4 124 
9 124 
14 124 
17 124 
42 124 
155 124 
187 124 
238 124 
244 124 
261 124 
272 124 
295 124 
296 124 
389 124 
411 124 
688 124 
778 124 
27 125 
46 125 
59 125 
76 125 
80 125 
84 125 
159 125 
195 125 
336 125 
366 125 
377 125 
387 125 
401 125 
406 125 
416 125 
429 125 
457 125 
475 125 
476 125 
590 125 
603 125 
705 125 
718 125 
966 125 
974 125 
6 126 
9 126 
13 126 
63 126 
83 126 
105 126 
353 126 
417 126 
508 126 
826 126 
939 126 
13 127 
22 127 
25 127 
54 127 
78 127 
107 127 
143 127 
173 127 
183 127 
315 127 
366 127 
403 127 
456 127 
469 127 
491 127 
543 127 
625 127 
701 127 
813 127 
860 127 
911 127 
21 128 
42 128 
47 128 
56 128 
81 128 
89 128 
156 128 
388 128 
432 128 
694 128 
840 128 
855 128 
915 128 
1 129 
5 129 
52 129 
66 129 
98 129 
100 129 
130 129 
265 129 
268 129 
325 129 
452 129 
494 129 
558 129 
888 129 
982 129 
1 130 
5 130 
46 130 
99 130 
101 130 
129 130 
136 130 
157 130 
265 130 
268 130 
290 130 
292 130 
339 130 
499 130 
555 130 
697 130 
904 130 
989 130 
995 130 
53 131 
58 131 
60 131 
69 131 
81 131 
115 131 
146 131 
192 131 
259 131 
339 131 
501 131 
555 131 
577 131 
634 131 
746 131 
1 132 
2 132 
8 132 
26 132 
48 132 
59 132 
212 132 
248 132 
273 132 
416 132 
428 132 
488 132 
631 132 
647 132 
669 132 
793 132 
826 132 
827 132 
913 132 
987 132 
8 133 
19 133 
27 133 
30 133 
63 133 
103 133 
287 133 
565 133 
748 133 
771 133 
773 133 
2 134 
4 134 
5 134 
34 134 
88 134 
123 134 
146 134 
173 134 
286 134 
291 134 
299 134 
384 134 
628 134 
929 134 
1 135 
5 135 
7 135 
14 135 
53 135 
72 135 
180 135 
215 135 
228 135 
382 135 
391 135 
585 135 
616 135 
660 135 
728 135 
796 135 
926 135 
938 135 
942 135 
1 136 
4 136 
5 136 
20 136 
29 136 
130 136 
139 136 
157 136 
161 136 
198 136 
255 136 
331 136 
338 136 
340 136 
371 136 
441 136 
486 136 
494 136 
555 136 
611 136 
677 136 
690 136 
724 136 
749 136 
750 136 
752 136 
760 136 
995 136 
5 137 
8 137 
51 137 
61 137 
117 137 
176 137 
439 137 
459 137 
474 137 
485 137 
568 137 
969 137 
1 138 
18 138 
32 138 
62 138 
93 138 
119 138 
141 138 
153 138 
175 138 
190 138 
423 138 
661 138 
703 138 
714 138 
735 138 
762 138 
864 138 
922 138 
4 139 
10 139 
11 139 
20 139 
37 139 
136 139 
161 139 
486 139 
749 139 
752 139 
1 140 
2 140 
16 140 
63 140 
68 140 
798 140 
4 141 
18 141 
44 141 
62 141 
66 141 
138 141 
170 141 
175 141 
190 141 
207 141 
229 141 
237 141 
241 141 
260 141 
274 141 
556 141 
585 141 
655 141 
703 141 
945 141 
5 142 
6 142 
9 142 
21 142 
39 142 
113 142 
162 142 
310 142 
396 142 
397 142 
527 142 
686 142 
806 142 
848 142 
2 143 
3 143 
54 143 
78 143 
97 143 
127 143 
173 143 
561 143 
698 143 
708 143 
1 144 
11 144 
13 144 
33 144 
93 144 
105 144 
257 144 
330 144 
413 144 
4 145 
47 145 
56 145 
89 145 
96 145 
99 145 
167 145 
184 145 
307 145 
563 145 
934 145 
4 146 
5 146 
58 146 
115 146 
131 146 
134 146 
339 146 
384 146 
501 146 
617 146 
633 146 
866 146 
940 146 
1 147 
5 147 
28 147 
49 147 
53 147 
81 147 
235 147 
238 147 
380 147 
408 147 
429 147 
452 147 
509 147 
519 147 
535 147 
560 147 
591 147 
670 147 
676 147 
939 147 
970 147 
3 148 
46 148 
49 148 
53 148 
104 148 
123 148 
246 148 
331 148 
603 148 
4 149 
15 149 
16 149 
38 149 
82 149 
111 149 
316 149 
624 149 
873 149 
5 150 
9 150 
12 150 
21 150 
34 150 
104 150 
195 150 
233 150 
284 150 
343 150 
345 150 
438 150 
502 150 
513 150 
597 150 
623 150 
713 150 
781 150 
870 150 
996 150 
3 151 
21 151 
50 151 
93 151 
96 151 
178 151 
209 151 
262 151 
398 151 
505 151 
544 151 
602 151 
680 151 
883 151 
3 152 
4 152 
10 152 
51 152 
74 152 
79 152 
169 152 
185 152 
273 152 
277 152 
289 152 
309 152 
357 152 
372 152 
526 152 
539 152 
541 152 
562 152 
574 152 
702 152 
774 152 
817 152 
853 152 
990 152 
2 153 
10 153 
34 153 
62 153 
119 153 
138 153 
515 153 
607 153 
735 153 
861 153 
864 153 
1 154 
4 154 
36 154 
44 154 
48 154 
63 154 
156 154 
326 154 
450 154 
518 154 
740 154 
9 155 
17 155 
18 155 
43 155 
58 155 
124 155 
244 155 
293 155 
743 155 
1 156 
21 156 
56 156 
63 156 
128 156 
154 156 
236 156 
326 156 
381 156 
415 156 
432 156 
518 156 
570 156 
1 157 
38 157 
46 157 
73 157 
130 157 
136 157 
168 157 
174 157 
228 157 
265 157 
383 157 
398 157 
411 157 
527 157 
547 157 
555 157 
588 157 
596 157 
616 157 
732 157 
767 157 
795 157 
881 157 
895 157 
980 157 
2 158 
19 158 
27 158 
31 158 
34 158 
103 158 
162 158 
251 158 
256 158 
383 158 
385 158 
477 158 
780 158 
971 158 
10 159 
13 159 
18 159 
76 159 
80 159 
125 159 
171 159 
195 159 
211 159 
243 159 
247 159 
305 159 
406 159 
410 159 
457 159 
523 159 
590 159 
646 159 
900 159 
901 159 
946 159 
974 159 
7 160 
9 160 
13 160 
16 160 
21 160 
116 160 
187 160 
217 160 
274 160 
596 160 
619 160 
836 160 
864 160 
4 161 
7 161 
41 161 
107 161 
136 161 
139 161 
200 161 
255 161 
494 161 
505 161 
534 161 
643 161 
749 161 
803 161 
9 162 
19 162 
21 162 
34 162 
142 162 
158 162 
226 162 
232 162 
310 162 
396 162 
400 162 
636 162 
638 162 
971 162 
29 163 
52 163 
88 163 
91 163 
100 163 
109 163 
177 163 
181 163 
223 163 
314 163 
352 163 
412 163 
473 163 
537 163 
590 163 
615 163 
646 163 
731 163 
747 163 
782 163 
817 163 
871 163 
9 164 
11 164 
38 164 
60 164 
64 164 
98 164 
208 164 
220 164 
293 164 
310 164 
561 164 
706 164 
773 164 
930 164 
3 165 
10 165 
25 165 
74 165 
77 165 
97 165 
949 165 
3 166 
15 166 
25 166 
36 166 
39 166 
90 166 
283 166 
360 166 
407 166 
440 166 
454 166 
464 166 
481 166 
730 166 
753 166 
846 166 
935 166 
947 166 
8 167 
12 167 
30 167 
56 167 
99 167 
145 167 
191 167 
934 167 
38 168 
46 168 
54 168 
64 168 
78 168 
157 168 
174 168 
235 168 
242 168 
255 168 
262 168 
265 168 
269 168 
302 168 
383 168 
398 168 
478 168 
531 168 
567 168 
592 168 
658 168 
704 168 
980 168 
9 169 
10 169 
40 169 
74 169 
100 169 
152 169 
289 169 
357 169 
372 169 
605 169 
633 169 
774 169 
809 169 
951 169 
2 170 
4 170 
10 170 
66 170 
77 170 
141 170 
229 170 
260 170 
315 170 
394 170 
463 170 
534 170 
585 170 
715 170 
812 170 
1 171 
26 171 
52 171 
76 171 
80 171 
159 171 
196 171 
222 171 
431 171 
443 171 
461 171 
483 171 
946 171 
23 172 
29 172 
60 172 
73 172 
82 172 
106 172 
212 172 
269 172 
352 172 
381 172 
538 172 
598 172 
886 172 
985 172 
992 172 
2 173 
34 173 
54 173 
127 173 
134 173 
143 173 
291 173 
315 173 
543 173 
911 173 
929 173 
9 174 
40 174 
46 174 
98 174 
157 174 
168 174 
228 174 
398 174 
409 174 
521 174 
527 174 
577 174 
616 174 
658 174 
795 174 
886 174 
2 175 
10 175 
18 175 
79 175 
138 175 
141 175 
190 175 
209 175 
237 175 
304 175 
540 175 
661 175 
779 175 
924 175 
951 175 
5 176 
7 176 
11 176 
18 176 
61 176 
137 176 
179 176 
185 176 
206 176 
230 176 
267 176 
278 176 
408 176 
459 176 
490 176 
496 176 
768 176 
992 176 
4 177 
18 177 
49 177 
91 177 
100 177 
163 177 
258 177 
443 177 
537 177 
562 177 
652 177 
664 177 
782 177 
802 177 
817 177 
871 177 
893 177 
925 177 
930 177 
23 178 
27 178 
42 178 
50 178 
93 178 
151 178 
209 178 
219 178 
239 178 
924 178 
944 178 
4 179 
7 179 
9 179 
11 179 
73 179 
176 179 
206 179 
268 179 
295 179 
318 179 
320 179 
328 179 
400 179 
512 179 
553 179 
651 179 
904 179 
977 179 
1 180 
12 180 
14 180 
27 180 
30 180 
135 180 
288 180 
294 180 
353 180 
382 180 
422 180 
576 180 
585 180 
660 180 
674 180 
810 180 
979 180 
996 180 
3 181 
26 181 
29 181 
65 181 
88 181 
163 181 
213 181 
225 181 
281 181 
334 181 
342 181 
352 181 
409 181 
558 181 
614 181 
667 181 
780 181 
997 181 
13 182 
32 182 
52 182 
54 182 
55 182 
109 182 
225 182 
354 182 
375 182 
399 182 
481 182 
504 182 
554 182 
587 182 
644 182 
876 182 
986 182 
16 183 
22 183 
36 183 
48 183 
107 183 
127 183 
491 183 
492 183 
509 183 
979 183 
4 184 
47 184 
85 184 
115 184 
118 184 
145 184 
222 184 
307 184 
358 184 
415 184 
447 184 
745 184 
827 184 
849 184 
856 184 
912 184 
5 185 
10 185 
61 185 
79 185 
152 185 
176 185 
223 185 
267 185 
344 185 
384 185 
480 185 
548 185 
796 185 
800 185 
992 185 
4 186 
5 186 
35 186 
41 186 
57 186 
208 186 
240 186 
541 186 
613 186 
712 186 
811 186 
816 186 
830 186 
897 186 
4 187 
14 187 
16 187 
116 187 
124 187 
160 187 
272 187 
274 187 
295 187 
343 187 
836 187 
2 188 
9 188 
11 188 
22 188 
73 188 
77 188 
250 188 
252 188 
263 188 
335 188 
348 188 
392 188 
578 188 
598 188 
662 188 
729 188 
868 188 
3 189 
12 189 
22 189 
34 189 
50 189 
107 189 
197 189 
857 189 
16 190 
44 190 
63 190 
138 190 
141 190 
175 190 
303 190 
393 190 
535 190 
576 190 
661 190 
703 190 
762 190 
922 190 
951 190 
2 191 
12 191 
30 191 
74 191 
77 191 
167 191 
206 191 
436 191 
506 191 
673 191 
2 192 
8 192 
53 192 
60 192 
84 192 
131 192 
202 192 
218 192 
259 192 
385 192 
875 192 
5 193 
11 193 
19 193 
40 193 
83 193 
103 193 
591 193 
2 194 
13 194 
15 194 
16 194 
25 194 
105 194 
608 194 
984 194 
5 195 
34 195 
80 195 
125 195 
150 195 
159 195 
233 195 
406 195 
603 195 
781 195 
900 195 
1 196 
2 196 
17 196 
41 196 
52 196 
171 196 
317 196 
426 196 
483 196 
621 196 
657 196 
681 196 
709 196 
799 196 
967 196 
22 197 
43 197 
76 197 
89 197 
107 197 
189 197 
288 197 
308 197 
420 197 
456 197 
560 197 
629 197 
653 197 
857 197 
999 197 
3 198 
4 198 
28 198 
29 198 
120 198 
136 198 
207 198 
250 198 
340 198 
378 198 
470 198 
563 198 
568 198 
574 198 
777 198 
800 198 
24 199 
88 199 
91 199 
98 199 
100 199 
237 199 
943 199 
7 200 
21 200 
41 200 
96 200 
161 200 
214 200 
266 200 
505 200 
537 200 
604 200 
642 200 
789 200 
919 200 
18 201 
40 201 
41 201 
57 201 
69 201 
97 201 
430 201 
518 201 
529 201 
971 201 
997 201 
1 202 
2 202 
6 202 
8 202 
35 202 
192 202 
364 202 
750 202 
5 203 
34 203 
54 203 
62 203 
70 203 
75 203 
280 203 
43 204 
46 204 
60 204 
71 204 
80 204 
113 204 
263 204 
302 204 
324 204 
358 204 
573 204 
727 204 
843 204 
880 204 
3 205 
6 205 
9 205 
50 205 
93 205 
104 205 
214 205 
312 205 
520 205 
630 205 
659 205 
687 205 
767 205 
805 205 
809 205 
903 205 
952 205 
2 206 
11 206 
77 206 
176 206 
179 206 
191 206 
268 206 
278 206 
322 206 
436 206 
550 206 
552 206 
594 206 
607 206 
665 206 
3 207 
4 207 
28 207 
44 207 
141 207 
198 207 
378 207 
454 207 
470 207 
480 207 
857 207 
945 207 
4 208 
57 208 
60 208 
64 208 
164 208 
186 208 
244 208 
310 208 
541 208 
613 208 
638 208 
664 208 
752 208 
2 209 
50 209 
79 209 
151 209 
175 209 
178 209 
243 209 
779 209 
10 210 
13 210 
19 210 
24 210 
32 210 
43 210 
533 210 
685 210 
707 210 
3 211 
10 211 
13 211 
38 211 
67 211 
159 211 
243 211 
355 211 
523 211 
622 211 
646 211 
652 211 
665 211 
828 211 
954 211 
1 212 
8 212 
23 212 
29 212 
132 212 
172 212 
338 212 
428 212 
451 212 
845 212 
3 213 
18 213 
26 213 
49 213 
62 213 
181 213 
257 213 
332 213 
409 213 
442 213 
532 213 
914 213 
6 214 
7 214 
93 214 
96 214 
200 214 
205 214 
312 214 
547 214 
767 214 
807 214 
1 215 
3 215 
7 215 
52 215 
65 215 
135 215 
227 215 
228 215 
229 215 
298 215 
391 215 
448 215 
462 215 
484 215 
495 215 
616 215 
796 215 
2 216 
15 216 
27 216 
46 216 
59 216 
99 216 
224 216 
245 216 
246 216 
544 216 
588 216 
648 216 
679 216 
988 216 
7 217 
21 217 
63 217 
83 217 
103 217 
160 217 
272 217 
311 217 
619 217 
722 217 
736 217 
864 217 
6 218 
8 218 
36 218 
53 218 
60 218 
192 218 
382 218 
759 218 
23 219 
27 219 
71 219 
76 219 
121 219 
178 219 
256 219 
569 219 
944 219 
7 220 
9 220 
11 220 
92 220 
164 220 
378 220 
706 220 
776 220 
790 220 
7 221 
8 221 
23 221 
41 221 
42 221 
45 221 
340 221 
395 221 
402 221 
580 221 
689 221 
724 221 
874 221 
4 222 
26 222 
47 222 
52 222 
171 222 
184 222 
282 222 
326 222 
341 222 
358 222 
368 222 
374 222 
447 222 
691 222 
856 222 
918 222 
927 222 
959 222 
10 223 
29 223 
79 223 
109 223 
163 223 
185 223 
344 223 
356 223 
369 223 
380 223 
433 223 
445 223 
473 223 
480 223 
747 223 
763 223 
771 223 
832 223 
851 223 
902 223 
963 223 
2 224 
27 224 
28 224 
37 224 
110 224 
216 224 
362 224 
482 224 
593 224 
932 224 
988 224 
999 224 
29 225 
52 225 
88 225 
109 225 
181 225 
182 225 
399 225 
504 225 
587 225 
19 226 
34 226 
71 226 
89 226 
113 226 
162 226 
261 226 
388 226 
488 226 
517 226 
589 226 
636 226 
3 227 
5 227 
52 227 
75 227 
215 227 
393 227 
686 227 
875 227 
964 227 
1 228 
46 228 
135 228 
157 228 
174 228 
215 228 
229 228 
279 228 
527 228 
547 228 
596 228 
695 228 
839 228 
926 228 
935 228 
948 228 
1 229 
66 229 
141 229 
170 229 
215 229 
228 229 
279 229 
315 229 
367 229 
585 229 
733 229 
2 230 
9 230 
11 230 
18 230 
74 230 
176 230 
376 230 
408 230 
508 230 
4 231 
37 231 
47 231 
71 231 
110 231 
123 231 
440 231 
490 231 
548 231 
552 231 
572 231 
683 231 
762 231 
783 231 
833 231 
9 232 
13 232 
21 232 
22 232 
77 232 
162 232 
696 232 
5 233 
15 233 
94 233 
99 233 
150 233 
195 233 
323 233 
324 233 
376 233 
390 233 
482 233 
595 233 
623 233 
781 233 
1 234 
3 234 
46 234 
94 234 
101 234 
120 234 
241 234 
251 234 
284 234 
425 234 
600 234 
743 234 
787 234 
38 235 
46 235 
49 235 
53 235 
147 235 
168 235 
408 235 
429 235 
591 235 
676 235 
774 235 
791 235 
931 235 
1 236 
17 236 
23 236 
44 236 
63 236 
156 236 
267 236 
305 236 
415 236 
446 236 
489 236 
570 236 
869 236 
18 237 
98 237 
100 237 
141 237 
175 237 
199 237 
386 237 
458 237 
582 237 
629 237 
659 237 
924 237 
943 237 
989 237 
3 238 
4 238 
53 238 
81 238 
124 238 
147 238 
261 238 
296 238 
402 238 
637 238 
878 238 
903 238 
973 238 
1 239 
23 239 
35 239 
42 239 
52 239 
178 239 
924 239 
4 240 
18 240 
41 240 
43 240 
49 240 
186 240 
290 240 
581 240 
783 240 
811 240 
816 240 
905 240 
975 240 
3 241 
44 241 
66 241 
120 241 
141 241 
234 241 
274 241 
344 241 
551 241 
556 241 
600 241 
640 241 
756 241 
2 242 
54 242 
64 242 
74 242 
79 242 
168 242 
255 242 
389 242 
403 242 
442 242 
474 242 
486 242 
575 242 
785 242 
808 242 
833 242 
965 242 
2 243 
10 243 
79 243 
159 243 
209 243 
211 243 
319 243 
348 243 
976 243 
9 244 
60 244 
64 244 
124 244 
155 244 
208 244 
293 244 
411 244 
638 244 
664 244 
743 244 
940 244 
2 245 
3 245 
14 245 
55 245 
59 245 
216 245 
252 245 
287 245 
674 245 
699 245 
822 245 
844 245 
852 245 
928 245 
955 245 
977 245 
15 246 
53 246 
99 246 
104 246 
148 246 
216 246 
249 246 
321 246 
410 246 
497 246 
544 246 
549 246 
603 246 
671 246 
690 246 
10 247 
18 247 
32 247 
33 247 
93 247 
159 247 
275 247 
404 247 
410 247 
421 247 
437 247 
542 247 
1 248 
6 248 
8 248 
48 248 
112 248 
132 248 
264 248 
282 248 
345 248 
360 248 
479 248 
821 248 
919 248 
987 248 
6 249 
15 249 
21 249 
93 249 
99 249 
246 249 
367 249 
410 249 
444 249 
699 249 
2 250 
3 250 
22 250 
120 250 
188 250 
198 250 
259 250 
263 250 
444 250 
572 250 
598 250 
662 250 
764 250 
769 250 
27 251 
31 251 
94 251 
101 251 
158 251 
234 251 
256 251 
383 251 
455 251 
491 251 
498 251 
743 251 
753 251 
780 251 
975 251 
3 252 
9 252 
55 252 
73 252 
188 252 
245 252 
287 252 
545 252 
626 252 
674 252 
844 252 
852 252 
5 253 
16 253 
21 253 
44 253 
90 253 
101 253 
281 253 
337 253 
487 253 
691 253 
754 253 
813 253 
956 253 
4 254 
10 254 
13 254 
24 254 
25 254 
264 254 
526 254 
570 254 
4 255 
64 255 
136 255 
161 255 
168 255 
242 255 
262 255 
331 255 
486 255 
494 255 
534 255 
690 255 
754 255 
808 255 
833 255 
933 255 
23 256 
27 256 
31 256 
158 256 
219 256 
251 256 
383 256 
385 256 
455 256 
477 256 
520 256 
768 256 
814 256 
944 256 
3 257 
13 257 
26 257 
105 257 
144 257 
213 257 
370 257 
418 257 
579 257 
622 257 
877 257 
1 258 
2 258 
31 258 
91 258 
100 258 
177 258 
266 258 
703 258 
802 258 
2 259 
22 259 
53 259 
131 259 
192 259 
250 259 
444 259 
4 260 
18 260 
62 260 
141 260 
170 260 
394 260 
396 260 
728 260 
3 261 
71 261 
113 261 
124 261 
226 261 
238 261 
517 261 
637 261 
21 262 
64 262 
96 262 
151 262 
168 262 
255 262 
269 262 
478 262 
505 262 
680 262 
22 263 
43 263 
113 263 
188 263 
204 263 
250 263 
324 263 
729 263 
1 264 
10 264 
13 264 
112 264 
248 264 
254 264 
282 264 
323 264 
526 264 
714 264 
5 265 
38 265 
129 265 
130 265 
157 265 
168 265 
290 265 
383 265 
557 265 
760 265 
767 265 
807 265 
861 265 
881 265 
902 265 
7 266 
41 266 
91 266 
100 266 
200 266 
258 266 
350 266 
537 266 
703 266 
920 266 
994 266 
1 267 
5 267 
63 267 
176 267 
185 267 
236 267 
305 267 
489 267 
992 267 
1 268 
11 268 
129 268 
130 268 
179 268 
206 268 
292 268 
322 268 
494 268 
499 268 
550 268 
60 269 
64 269 
73 269 
168 269 
172 269 
262 269 
352 269 
381 269 
478 269 
531 269 
567 269 
592 269 
676 269 
886 269 
937 269 
8 270 
17 270 
21 270 
23 270 
33 270 
54 270 
286 270 
316 270 
556 270 
625 270 
967 270 
23 271 
33 271 
46 271 
76 271 
82 271 
123 271 
445 271 
830 271 
4 272 
83 272 
103 272 
124 272 
187 272 
217 272 
688 272 
722 272 
757 272 
1 273 
3 273 
4 273 
48 273 
132 273 
152 273 
647 273 
817 273 
66 274 
116 274 
141 274 
160 274 
187 274 
241 274 
556 274 
655 274 
836 274 
956 274 
26 275 
32 275 
59 275 
93 275 
115 275 
247 275 
404 275 
609 275 
4 276 
39 276 
40 276 
43 276 
58 276 
90 276 
347 276 
417 276 
434 276 
511 276 
4 277 
18 277 
49 277 
51 277 
118 277 
152 277 
309 277 
526 277 
601 277 
895 277 
990 277 
1 278 
4 278 
11 278 
112 278 
176 278 
206 278 
304 278 
354 278 
423 278 
496 278 
694 278 
768 278 
804 278 
888 278 
918 278 
1 279 
11 279 
43 279 
49 279 
228 279 
229 279 
788 279 
935 279 
34 280 
75 280 
94 280 
101 280 
120 280 
203 280 
21 281 
26 281 
44 281 
65 281 
181 281 
253 281 
309 281 
332 281 
333 281 
334 281 
342 281 
413 281 
487 281 
599 281 
643 281 
672 281 
775 281 
858 281 
956 281 
1 282 
4 282 
47 282 
222 282 
248 282 
264 282 
341 282 
345 282 
368 282 
374 282 
516 282 
691 282 
755 282 
770 282 
818 282 
825 282 
837 282 
920 282 
1 283 
36 283 
39 283 
44 283 
47 283 
166 283 
325 283 
668 283 
1 284 
21 284 
104 284 
120 284 
150 284 
234 284 
285 284 
345 284 
359 284 
427 284 
437 284 
438 284 
502 284 
717 284 
832 284 
1 285 
8 285 
36 285 
51 285 
120 285 
284 285 
329 285 
391 285 
392 285 
419 285 
427 285 
437 285 
710 285 
832 285 
859 285 
879 285 
908 285 
2 286 
23 286 
33 286 
88 286 
134 286 
270 286 
507 286 
19 287 
55 287 
103 287 
133 287 
245 287 
252 287 
565 287 
748 287 
773 287 
815 287 
852 287 
27 288 
30 288 
43 288 
89 288 
180 288 
197 288 
294 288 
303 288 
653 288 
726 288 
979 288 
999 288 
59 289 
74 289 
85 289 
118 289 
152 289 
169 289 
333 289 
336 289 
355 289 
369 289 
372 289 
399 289 
466 289 
493 289 
539 289 
562 289 
633 289 
701 289 
702 289 
737 289 
742 289 
853 289 
5 290 
18 290 
43 290 
130 290 
240 290 
265 290 
557 290 
581 290 
760 290 
975 290 
24 291 
29 291 
34 291 
109 291 
134 291 
173 291 
515 291 
862 291 
885 291 
929 291 
1 292 
14 292 
26 292 
52 292 
130 292 
268 292 
339 292 
368 292 
461 292 
499 292 
519 292 
579 292 
602 292 
649 292 
801 292 
989 292 
9 293 
38 293 
60 293 
155 293 
164 293 
244 293 
743 293 
773 293 
873 293 
940 293 
30 294 
59 294 
67 294 
108 294 
180 294 
288 294 
422 294 
601 294 
733 294 
4 295 
14 295 
73 295 
124 295 
179 295 
187 295 
318 295 
503 295 
553 295 
778 295 
825 295 
943 295 
977 295 
4 296 
41 296 
47 296 
97 296 
124 296 
238 296 
878 296 
973 296 
6 297 
15 297 
26 297 
38 297 
46 297 
50 297 
372 297 
463 297 
485 297 
649 297 
937 297 
4 298 
5 298 
51 298 
52 298 
65 298 
215 298 
347 298 
441 298 
484 298 
495 298 
514 298 
532 298 
583 298 
680 298 
4 299 
16 299 
44 299 
78 299 
123 299 
134 299 
449 299 
628 299 
744 299 
748 299 
3 300 
8 300 
12 300 
34 300 
88 300 
103 300 
337 300 
606 300 
613 300 
707 300 
736 300 
781 300 
784 300 
842 300 
3 301 
4 301 
13 301 
57 301 
65 301 
71 301 
386 301 
414 301 
823 301 
54 302 
60 302 
78 302 
80 302 
168 302 
204 302 
573 302 
43 303 
44 303 
63 303 
89 303 
190 303 
288 303 
1 304 
2 304 
4 304 
10 304 
175 304 
278 304 
581 304 
1 305 
13 305 
18 305 
159 305 
236 305 
267 305 
422 305 
489 305 
5 306 
17 306 
28 306 
56 306 
72 306 
99 306 
583 306 
916 306 
47 307 
65 307 
76 307 
121 307 
145 307 
184 307 
419 307 
657 307 
745 307 
777 307 
884 307 
16 308 
28 308 
43 308 
71 308 
76 308 
197 308 
456 308 
868 308 
4 309 
26 309 
65 309 
152 309 
277 309 
281 309 
332 309 
350 309 
526 309 
620 309 
895 309 
21 310 
60 310 
142 310 
162 310 
164 310 
208 310 
397 310 
400 310 
930 310 
950 310 
12 311 
23 311 
27 311 
63 311 
83 311 
217 311 
375 311 
435 311 
688 311 
729 311 
749 311 
978 311 
988 311 
11 312 
40 312 
93 312 
111 312 
205 312 
214 312 
659 312 
767 312 
807 312 
4 313 
5 313 
11 313 
45 313 
69 313 
342 313 
711 313 
25 314 
32 314 
52 314 
64 314 
91 314 
163 314 
54 315 
66 315 
127 315 
170 315 
173 315 
229 315 
367 315 
543 315 
715 315 
911 315 
4 316 
8 316 
16 316 
54 316 
149 316 
270 316 
624 316 
873 316 
1 317 
2 317 
12 317 
52 317 
196 317 
407 317 
479 317 
497 317 
604 317 
639 317 
928 317 
1 318 
51 318 
73 318 
117 318 
179 318 
295 318 
462 318 
943 318 
977 318 
2 319 
13 319 
58 319 
79 319 
114 319 
243 319 
348 319 
364 319 
453 319 
516 319 
806 319 
835 319 
976 319 
4 320 
9 320 
59 320 
68 320 
75 320 
179 320 
458 320 
651 320 
660 320 
745 320 
802 320 
2 321 
6 321 
13 321 
53 321 
104 321 
246 321 
497 321 
549 321 
776 321 
946 321 
968 321 
11 322 
13 322 
37 322 
92 322 
206 322 
268 322 
335 322 
475 322 
550 322 
594 322 
695 322 
798 322 
952 322 
1 323 
15 323 
99 323 
112 323 
233 323 
264 323 
376 323 
595 323 
714 323 
923 323 
94 324 
99 324 
113 324 
204 324 
233 324 
263 324 
358 324 
390 324 
482 324 
550 324 
1 325 
5 325 
44 325 
66 325 
129 325 
283 325 
452 325 
558 325 
668 325 
775 325 
26 326 
52 326 
63 326 
154 326 
156 326 
222 326 
471 326 
584 326 
636 326 
883 326 
929 326 
1 327 
4 327 
6 327 
36 327 
51 327 
79 327 
329 327 
460 327 
551 327 
763 327 
791 327 
985 327 
5 328 
7 328 
11 328 
47 328 
123 328 
179 328 
400 328 
531 328 
737 328 
740 328 
4 329 
36 329 
51 329 
79 329 
285 329 
327 329 
392 329 
406 329 
419 329 
436 329 
499 329 
521 329 
887 329 
4 330 
11 330 
81 330 
89 330 
105 330 
144 330 
413 330 
4 331 
49 331 
104 331 
136 331 
148 331 
255 331 
371 331 
739 331 
760 331 
26 332 
49 332 
62 332 
213 332 
281 332 
309 332 
333 332 
350 332 
503 332 
532 332 
914 332 
26 333 
59 333 
118 333 
281 333 
289 333 
332 333 
346 333 
413 333 
493 333 
701 333 
789 333 
848 333 
858 333 
26 334 
27 334 
65 334 
67 334 
181 334 
281 334 
342 334 
580 334 
599 334 
672 334 
764 334 
775 334 
780 334 
964 334 
2 335 
13 335 
37 335 
77 335 
188 335 
322 335 
695 335 
868 335 
46 336 
59 336 
76 336 
85 336 
125 336 
289 336 
366 336 
369 336 
377 336 
387 336 
447 336 
466 336 
530 336 
592 336 
627 336 
668 336 
742 336 
913 336 
923 336 
958 336 
960 336 
34 337 
44 337 
88 337 
101 337 
253 337 
300 337 
351 337 
430 337 
470 337 
483 337 
613 337 
813 337 
20 338 
23 338 
29 338 
136 338 
212 338 
420 338 
724 338 
845 338 
1 339 
58 339 
130 339 
131 339 
146 339 
292 339 
368 339 
501 339 
555 339 
577 339 
617 339 
661 339 
989 339 
7 340 
29 340 
41 340 
136 340 
198 340 
221 340 
402 340 
611 340 
677 340 
27 341 
47 341 
67 341 
84 341 
222 341 
282 341 
368 341 
587 341 
675 341 
976 341 
4 342 
69 342 
181 342 
281 342 
313 342 
334 342 
775 342 
4 343 
5 343 
12 343 
14 343 
150 343 
187 343 
502 343 
639 343 
683 343 
718 343 
741 343 
765 343 
870 343 
3 344 
10 344 
120 344 
185 344 
223 344 
241 344 
369 344 
384 344 
480 344 
548 344 
551 344 
756 344 
796 344 
816 344 
832 344 
1 345 
104 345 
150 345 
248 345 
282 345 
284 345 
359 345 
360 345 
362 345 
479 345 
502 345 
713 345 
818 345 
1 346 
3 346 
5 346 
59 346 
118 346 
333 346 
528 346 
789 346 
829 346 
848 346 
851 346 
852 346 
855 346 
896 346 
4 347 
40 347 
51 347 
58 347 
276 347 
298 347 
371 347 
424 347 
441 347 
993 347 
2 348 
11 348 
73 348 
188 348 
243 348 
319 348 
392 348 
453 348 
578 348 
17 349 
18 349 
58 349 
96 349 
99 349 
115 349 
363 349 
426 349 
460 349 
557 349 
565 349 
899 349 
7 350 
26 350 
41 350 
266 350 
309 350 
332 350 
503 350 
620 350 
766 350 
876 350 
926 350 
4 351 
34 351 
41 351 
55 351 
88 351 
337 351 
430 351 
471 351 
536 351 
73 352 
88 352 
163 352 
172 352 
181 352 
269 352 
381 352 
412 352 
676 352 
937 352 
12 353 
30 353 
63 353 
83 353 
126 353 
180 353 
417 353 
431 353 
549 353 
554 353 
624 353 
637 353 
1 354 
55 354 
109 354 
112 354 
182 354 
278 354 
524 354 
804 354 
862 354 
3 355 
38 355 
85 355 
118 355 
211 355 
289 355 
357 355 
622 355 
665 355 
765 355 
828 355 
909 355 
950 355 
10 356 
11 356 
15 356 
79 356 
122 356 
223 356 
359 356 
751 356 
834 356 
963 356 
10 357 
85 357 
118 357 
152 357 
169 357 
355 357 
950 357 
47 358 
113 358 
184 358 
204 358 
222 358 
324 358 
447 358 
550 358 
650 358 
720 358 
849 358 
912 358 
918 358 
11 359 
15 359 
104 359 
284 359 
345 359 
356 359 
834 359 
1 360 
15 360 
25 360 
166 360 
248 360 
345 360 
362 360 
479 360 
730 360 
838 360 
935 360 
3 361 
23 361 
29 361 
30 361 
64 361 
67 361 
373 361 
567 361 
573 361 
656 361 
982 361 
1 362 
28 362 
110 362 
224 362 
345 362 
360 362 
593 362 
838 362 
932 362 
941 362 
18 363 
21 363 
23 363 
101 363 
115 363 
349 363 
684 363 
744 363 
747 363 
761 363 
837 363 
2 364 
6 364 
35 364 
79 364 
202 364 
319 364 
500 364 
835 364 
18 365 
43 365 
60 365 
65 365 
76 365 
80 365 
457 365 
845 365 
910 365 
931 365 
25 366 
46 366 
54 366 
125 366 
127 366 
336 366 
377 366 
403 366 
429 366 
530 366 
708 366 
720 366 
913 366 
6 367 
66 367 
93 367 
229 367 
249 367 
315 367 
733 367 
911 367 
1 368 
222 368 
282 368 
292 368 
339 368 
341 368 
374 368 
461 368 
516 368 
519 368 
579 368 
10 369 
85 369 
223 369 
289 369 
336 369 
344 369 
399 369 
433 369 
466 369 
902 369 
958 369 
13 370 
14 370 
52 370 
55 370 
105 370 
257 370 
493 370 
622 370 
717 370 
824 370 
4 371 
51 371 
136 371 
331 371 
347 371 
424 371 
441 371 
739 371 
760 371 
993 371 
6 372 
50 372 
152 372 
169 372 
289 372 
297 372 
463 372 
484 372 
562 372 
633 372 
644 372 
774 372 
951 372 
2 373 
19 373 
23 373 
30 373 
88 373 
361 373 
425 373 
472 373 
656 373 
689 373 
891 373 
909 373 
973 373 
980 373 
10 374 
62 374 
119 374 
222 374 
282 374 
368 374 
468 374 
516 374 
691 374 
755 374 
869 374 
906 374 
12 375 
13 375 
23 375 
54 375 
182 375 
311 375 
379 375 
739 375 
876 375 
988 375 
9 376 
15 376 
74 376 
230 376 
233 376 
323 376 
595 376 
923 376 
21 377 
24 377 
70 377 
125 377 
336 377 
366 377 
394 377 
429 377 
475 377 
697 377 
720 377 
863 377 
897 377 
965 377 
3 378 
7 378 
92 378 
198 378 
207 378 
220 378 
466 378 
470 378 
480 378 
564 378 
568 378 
656 378 
711 378 
776 378 
13 379 
54 379 
56 379 
116 379 
375 379 
538 379 
739 379 
1 380 
5 380 
29 380 
109 380 
147 380 
223 380 
509 380 
670 380 
723 380 
851 380 
21 381 
56 381 
156 381 
172 381 
269 381 
352 381 
787 381 
886 381 
992 381 
1 382 
8 382 
36 382 
135 382 
180 382 
218 382 
576 382 
585 382 
674 382 
942 382 
157 383 
158 383 
168 383 
251 383 
256 383 
265 383 
385 383 
455 383 
491 383 
780 383 
881 383 
980 383 
4 384 
10 384 
134 384 
146 384 
185 384 
344 384 
548 384 
800 384 
816 384 
2 385 
84 385 
158 385 
192 385 
256 385 
383 385 
13 386 
65 386 
98 386 
100 386 
237 386 
301 386 
458 386 
468 386 
473 386 
582 386 
58 387 
76 387 
92 387 
114 387 
125 387 
336 387 
416 387 
592 387 
632 387 
650 387 
960 387 
47 388 
71 388 
89 388 
128 388 
226 388 
488 388 
539 388 
589 388 
675 388 
684 388 
2 389 
9 389 
42 389 
79 389 
124 389 
242 389 
403 389 
442 389 
474 389 
612 389 
640 389 
685 389 
696 389 
829 389 
838 389 
842 389 
854 389 
870 389 
934 389 
6 390 
17 390 
23 390 
94 390 
233 390 
324 390 
482 390 
635 390 
7 391 
8 391 
36 391 
135 391 
215 391 
285 391 
616 391 
11 392 
51 392 
188 392 
285 392 
329 392 
348 392 
419 392 
436 392 
499 392 
578 392 
618 392 
797 392 
859 392 
887 392 
5 393 
16 393 
44 393 
75 393 
190 393 
227 393 
686 393 
705 393 
875 393 
893 393 
964 393 
4 394 
21 394 
70 394 
170 394 
260 394 
377 394 
396 394 
463 394 
589 394 
697 394 
702 394 
860 394 
897 394 
2 395 
7 395 
13 395 
45 395 
77 395 
221 395 
533 395 
553 395 
724 395 
803 395 
874 395 
4 396 
9 396 
142 396 
162 396 
260 396 
394 396 
638 396 
728 396 
21 397 
46 397 
60 397 
106 397 
142 397 
310 397 
793 397 
972 397 
21 398 
50 398 
151 398 
157 398 
168 398 
174 398 
616 398 
658 398 
85 399 
109 399 
182 399 
225 399 
289 399 
369 399 
587 399 
644 399 
11 400 
21 400 
162 400 
179 400 
310 400 
328 400 
512 400 
46 401 
65 401 
71 401 
80 401 
121 401 
125 401 
476 401 
618 401 
3 402 
4 402 
41 402 
221 402 
238 402 
340 402 
678 402 
866 402 
25 403 
79 403 
127 403 
242 403 
366 403 
389 403 
469 403 
612 403 
696 403 
4 404 
11 404 
32 404 
73 404 
247 404 
275 404 
421 404 
586 404 
786 404 
962 404 
3 405 
18 405 
32 405 
43 405 
46 405 
83 405 
432 405 
449 405 
464 405 
593 405 
610 405 
670 405 
715 405 
824 405 
841 405 
4 406 
79 406 
125 406 
159 406 
195 406 
329 406 
590 406 
603 406 
705 406 
846 406 
1 407 
12 407 
36 407 
90 407 
166 407 
317 407 
454 407 
478 407 
481 407 
497 407 
704 407 
822 407 
889 407 
18 408 
49 408 
147 408 
176 408 
230 408 
235 408 
429 408 
535 408 
774 408 
939 408 
3 409 
9 409 
40 409 
174 409 
181 409 
213 409 
521 409 
577 409 
682 409 
769 409 
784 409 
799 409 
15 410 
18 410 
159 410 
246 410 
247 410 
249 410 
9 411 
46 411 
73 411 
124 411 
157 411 
244 411 
588 411 
732 411 
805 411 
895 411 
906 411 
4 412 
6 412 
10 412 
88 412 
163 412 
352 412 
590 412 
615 412 
663 412 
751 412 
794 412 
26 413 
105 413 
144 413 
281 413 
330 413 
333 413 
858 413 
4 414 
16 414 
65 414 
71 414 
78 414 
301 414 
448 414 
681 414 
834 414 
1 415 
85 415 
118 415 
156 415 
184 415 
236 415 
428 415 
500 415 
525 415 
667 415 
957 415 
2 416 
59 416 
76 416 
125 416 
132 416 
387 416 
571 416 
632 416 
650 416 
793 416 
826 416 
898 416 
40 417 
43 417 
63 417 
126 417 
276 417 
353 417 
434 417 
511 417 
554 417 
916 417 
3 418 
10 418 
11 418 
26 418 
122 418 
257 418 
528 418 
536 418 
579 418 
678 418 
823 418 
877 418 
76 419 
121 419 
285 419 
307 419 
329 419 
392 419 
657 419 
859 419 
879 419 
20 420 
29 420 
76 420 
89 420 
197 420 
338 420 
32 421 
67 421 
84 421 
108 421 
247 421 
404 421 
586 421 
13 422 
18 422 
30 422 
180 422 
294 422 
305 422 
1 423 
4 423 
93 423 
112 423 
138 423 
278 423 
854 423 
887 423 
918 423 
32 424 
33 424 
51 424 
87 424 
347 424 
371 424 
23 425 
30 425 
46 425 
101 425 
234 425 
373 425 
434 425 
472 425 
787 425 
909 425 
973 425 
986 425 
2 426 
17 426 
99 426 
196 426 
349 426 
460 426 
799 426 
899 426 
967 426 
53 427 
90 427 
114 427 
120 427 
284 427 
285 427 
710 427 
717 427 
832 427 
8 428 
85 428 
118 428 
132 428 
212 428 
415 428 
451 428 
488 428 
500 428 
525 428 
651 428 
667 428 
758 428 
840 428 
879 428 
936 428 
957 428 
125 429 
147 429 
235 429 
366 429 
377 429 
408 429 
475 429 
535 429 
676 429 
720 429 
863 429 
965 429 
970 429 
34 430 
57 430 
97 430 
201 430 
337 430 
351 430 
470 430 
483 430 
518 430 
529 430 
545 430 
863 430 
948 430 
971 430 
997 430 
63 431 
76 431 
80 431 
83 431 
171 431 
353 431 
443 431 
476 431 
637 431 
21 432 
46 432 
83 432 
128 432 
156 432 
405 432 
10 433 
17 433 
21 433 
44 433 
223 433 
369 433 
445 433 
792 433 
892 433 
902 433 
23 434 
30 434 
40 434 
276 434 
417 434 
425 434 
511 434 
4 435 
12 435 
13 435 
27 435 
39 435 
311 435 
453 435 
620 435 
794 435 
2 436 
51 436 
191 436 
206 436 
329 436 
392 436 
499 436 
552 436 
618 436 
665 436 
797 436 
1 437 
32 437 
33 437 
247 437 
284 437 
285 437 
21 438 
26 438 
85 438 
115 438 
150 438 
284 438 
513 438 
648 438 
991 438 
1 439 
8 439 
61 439 
117 439 
137 439 
568 439 
969 439 
37 440 
39 440 
71 440 
90 440 
166 440 
231 440 
572 440 
4 441 
51 441 
136 441 
298 441 
347 441 
371 441 
2 442 
18 442 
49 442 
213 442 
242 442 
389 442 
474 442 
510 442 
575 442 
640 442 
685 442 
953 442 
4 443 
49 443 
80 443 
171 443 
177 443 
431 443 
461 443 
562 443 
597 443 
652 443 
664 443 
669 443 
716 443 
719 443 
930 443 
21 444 
22 444 
93 444 
249 444 
250 444 
259 444 
859 444 
10 445 
33 445 
82 445 
223 445 
271 445 
433 445 
467 445 
713 445 
771 445 
23 446 
44 446 
54 446 
70 446 
116 446 
236 446 
814 446 
957 446 
958 446 
59 447 
85 447 
184 447 
222 447 
336 447 
358 447 
627 447 
668 447 
912 447 
918 447 
927 447 
1 448 
4 448 
7 448 
16 448 
215 448 
414 448 
462 448 
901 448 
16 449 
32 449 
43 449 
44 449 
299 449 
405 449 
464 449 
593 449 
666 449 
1 450 
10 450 
13 450 
44 450 
58 450 
154 450 
2 451 
6 451 
8 451 
22 451 
212 451 
428 451 
626 451 
5 452 
28 452 
129 452 
147 452 
325 452 
560 452 
2 453 
4 453 
39 453 
319 453 
348 453 
435 453 
4 454 
36 454 
44 454 
166 454 
207 454 
407 454 
822 454 
889 454 
56 455 
62 455 
70 455 
251 455 
256 455 
383 455 
477 455 
487 455 
491 455 
975 455 
13 456 
43 456 
107 456 
127 456 
197 456 
308 456 
560 456 
629 456 
813 456 
18 457 
43 457 
76 457 
125 457 
159 457 
365 457 
901 457 
4 458 
9 458 
98 458 
237 458 
320 458 
386 458 
468 458 
513 458 
745 458 
802 458 
850 458 
1 459 
32 459 
48 459 
61 459 
137 459 
176 459 
1 460 
51 460 
99 460 
327 460 
349 460 
426 460 
899 460 
907 460 
985 460 
1 461 
80 461 
171 461 
292 461 
368 461 
443 461 
519 461 
669 461 
801 461 
1 462 
51 462 
117 462 
215 462 
318 462 
448 462 
469 462 
492 462 
734 462 
882 462 
901 462 
962 462 
4 463 
50 463 
170 463 
297 463 
372 463 
394 463 
484 463 
589 463 
644 463 
812 463 
3 464 
25 464 
32 464 
166 464 
405 464 
449 464 
593 464 
666 464 
16 465 
19 465 
22 465 
37 465 
71 465 
80 465 
7 466 
92 466 
289 466 
336 466 
369 466 
378 466 
564 466 
569 466 
656 466 
719 466 
831 466 
958 466 
19 467 
22 467 
33 467 
50 467 
82 467 
445 467 
600 467 
713 467 
786 467 
790 467 
10 468 
98 468 
119 468 
374 468 
386 468 
458 468 
473 468 
841 468 
869 468 
906 468 
25 469 
51 469 
117 469 
127 469 
403 469 
462 469 
492 469 
734 469 
882 469 
962 469 
34 470 
198 470 
207 470 
337 470 
378 470 
430 470 
483 470 
26 471 
34 471 
52 471 
88 471 
326 471 
351 471 
522 471 
536 471 
584 471 
636 471 
759 471 
872 471 
894 471 
945 471 
1 472 
6 472 
23 472 
31 472 
373 472 
425 472 
608 472 
973 472 
986 472 
29 473 
98 473 
163 473 
223 473 
386 473 
468 473 
731 473 
841 473 
908 473 
5 474 
8 474 
137 474 
242 474 
389 474 
442 474 
485 474 
640 474 
829 474 
838 474 
953 474 
978 474 
995 474 
37 475 
92 475 
125 475 
322 475 
377 475 
429 475 
496 475 
514 475 
540 475 
612 475 
952 475 
972 475 
63 476 
80 476 
83 476 
125 476 
401 476 
431 476 
31 477 
56 477 
62 477 
158 477 
256 477 
455 477 
768 477 
814 477 
944 477 
1 478 
12 478 
168 478 
262 478 
269 478 
407 478 
531 478 
704 478 
1 479 
2 479 
248 479 
317 479 
345 479 
360 479 
604 479 
3 480 
185 480 
207 480 
223 480 
344 480 
378 480 
832 480 
52 481 
55 481 
90 481 
166 481 
182 481 
407 481 
554 481 
2 482 
27 482 
224 482 
233 482 
324 482 
390 482 
738 482 
961 482 
52 483 
171 483 
196 483 
337 483 
430 483 
470 483 
50 484 
65 484 
215 484 
298 484 
372 484 
463 484 
514 484 
644 484 
812 484 
5 485 
15 485 
38 485 
137 485 
297 485 
474 485 
20 486 
64 486 
136 486 
139 486 
242 486 
255 486 
754 486 
808 486 
44 487 
62 487 
70 487 
253 487 
281 487 
455 487 
642 487 
691 487 
956 487 
8 488 
71 488 
132 488 
226 488 
388 488 
428 488 
539 488 
589 488 
651 488 
840 488 
4 489 
11 489 
16 489 
236 489 
267 489 
305 489 
632 489 
867 489 
4 490 
7 490 
18 490 
47 490 
176 490 
231 490 
683 490 
107 491 
127 491 
183 491 
251 491 
383 491 
455 491 
625 491 
975 491 
16 492 
48 492 
51 492 
183 492 
462 492 
469 492 
734 492 
14 493 
55 493 
118 493 
289 493 
333 493 
370 493 
566 493 
701 493 
717 493 
722 493 
737 493 
914 493 
936 493 
990 493 
1 494 
129 494 
136 494 
161 494 
255 494 
268 494 
534 494 
643 494 
690 494 
803 494 
888 494 
6 495 
35 495 
52 495 
94 495 
215 495 
298 495 
582 495 
606 495 
671 495 
766 495 
11 496 
37 496 
92 496 
176 496 
278 496 
475 496 
514 496 
694 496 
768 496 
779 496 
12 497 
53 497 
246 497 
317 497 
321 497 
407 497 
928 497 
968 497 
3 498 
27 498 
31 498 
52 498 
109 498 
251 498 
542 498 
615 498 
727 498 
753 498 
820 498 
925 498 
130 499 
268 499 
292 499 
329 499 
392 499 
436 499 
887 499 
2 500 
79 500 
118 500 
364 500 
415 500 
428 500 
525 500 
679 500 
721 500 
758 500 
936 500 
7 501 
45 501 
69 501 
131 501 
146 501 
339 501 
555 501 
966 501 
5 502 
12 502 
150 502 
284 502 
343 502 
345 502 
639 502 
718 502 
4 503 
26 503 
73 503 
295 503 
332 503 
350 503 
825 503 
876 503 
9 504 
52 504 
63 504 
68 504 
182 504 
225 504 
7 505 
21 505 
151 505 
161 505 
200 505 
262 505 
680 505 
883 505 
8 506 
32 506 
74 506 
77 506 
112 506 
191 506 
673 506 
23 507 
33 507 
56 507 
70 507 
116 507 
286 507 
706 507 
970 507 
2 508 
6 508 
13 508 
74 508 
126 508 
230 508 
654 508 
692 508 
826 508 
939 508 
5 509 
16 509 
36 509 
147 509 
183 509 
380 509 
670 509 
947 509 
979 509 
2 510 
14 510 
15 510 
18 510 
49 510 
442 510 
808 510 
912 510 
71 511 
89 511 
106 511 
276 511 
417 511 
434 511 
617 511 
11 512 
49 512 
60 512 
81 512 
179 512 
400 512 
709 512 
778 512 
4 513 
9 513 
21 513 
150 513 
438 513 
458 513 
597 513 
996 513 
65 514 
92 514 
298 514 
475 514 
484 514 
496 514 
540 514 
847 514 
856 514 
972 514 
2 515 
10 515 
24 515 
29 515 
153 515 
291 515 
594 515 
607 515 
862 515 
58 516 
114 516 
282 516 
319 516 
368 516 
374 516 
2 517 
12 517 
41 517 
113 517 
226 517 
261 517 
1 518 
57 518 
154 518 
156 518 
201 518 
430 518 
971 518 
1 519 
28 519 
147 519 
292 519 
368 519 
461 519 
579 519 
23 520 
27 520 
50 520 
93 520 
205 520 
256 520 
847 520 
36 521 
40 521 
51 521 
174 521 
329 521 
409 521 
577 521 
682 521 
769 521 
784 521 
11 522 
15 522 
34 522 
72 522 
88 522 
471 522 
759 522 
891 522 
13 523 
40 523 
43 523 
111 523 
159 523 
211 523 
646 523 
1 524 
6 524 
8 524 
84 524 
112 524 
354 524 
4 525 
44 525 
78 525 
415 525 
428 525 
500 525 
578 525 
667 525 
758 525 
872 525 
879 525 
13 526 
152 526 
254 526 
264 526 
277 526 
309 526 
895 526 
6 527 
21 527 
142 527 
157 527 
174 527 
228 527 
596 527 
695 527 
795 527 
3 528 
5 528 
11 528 
122 528 
346 528 
418 528 
536 528 
735 528 
823 528 
851 528 
1 529 
12 529 
23 529 
97 529 
201 529 
430 529 
627 529 
1 530 
8 530 
28 530 
46 530 
336 530 
366 530 
614 530 
708 530 
913 530 
7 531 
11 531 
168 531 
269 531 
328 531 
478 531 
592 531 
704 531 
725 531 
737 531 
740 531 
52 532 
62 532 
65 532 
213 532 
298 532 
332 532 
811 532 
914 532 
7 533 
19 533 
24 533 
45 533 
210 533 
395 533 
2 534 
10 534 
161 534 
170 534 
255 534 
494 534 
643 534 
721 534 
782 534 
16 535 
63 535 
147 535 
190 535 
408 535 
429 535 
576 535 
970 535 
88 536 
122 536 
351 536 
418 536 
471 536 
528 536 
678 536 
823 536 
955 536 
7 537 
100 537 
163 537 
177 537 
200 537 
266 537 
604 537 
782 537 
893 537 
920 537 
994 537 
23 538 
56 538 
82 538 
116 538 
172 538 
379 538 
598 538 
843 538 
921 538 
985 538 
71 539 
74 539 
152 539 
289 539 
388 539 
488 539 
541 539 
574 539 
853 539 
10 540 
79 540 
92 540 
175 540 
475 540 
514 540 
612 540 
847 540 
856 540 
972 540 
4 541 
74 541 
152 541 
186 541 
208 541 
539 541 
574 541 
3 542 
10 542 
18 542 
109 542 
247 542 
498 542 
727 542 
925 542 
2 543 
25 543 
97 543 
127 543 
173 543 
315 543 
741 543 
911 543 
15 544 
21 544 
93 544 
151 544 
216 544 
246 544 
602 544 
648 544 
671 544 
815 544 
3 545 
55 545 
57 545 
97 545 
252 545 
430 545 
626 545 
863 545 
1 546 
2 546 
3 546 
4 546 
47 546 
81 546 
621 546 
933 546 
959 546 
6 547 
46 547 
93 547 
157 547 
214 547 
228 547 
47 548 
123 548 
185 548 
231 548 
344 548 
384 548 
796 548 
816 548 
910 548 
12 549 
30 549 
104 549 
246 549 
321 549 
353 549 
624 549 
690 549 
788 549 
946 549 
113 550 
206 550 
268 550 
322 550 
324 550 
358 550 
594 550 
650 550 
798 550 
1 551 
3 551 
36 551 
241 551 
327 551 
344 551 
2 552 
37 552 
110 552 
206 552 
231 552 
436 552 
665 552 
762 552 
783 552 
801 552 
2 553 
4 553 
77 553 
179 553 
295 553 
395 553 
968 553 
55 554 
63 554 
182 554 
353 554 
417 554 
481 554 
986 554 
130 555 
131 555 
136 555 
157 555 
339 555 
501 555 
21 556 
33 556 
141 556 
241 556 
270 556 
274 556 
625 556 
647 556 
655 556 
956 556 
967 556 
5 557 
18 557 
58 557 
265 557 
290 557 
349 557 
760 557 
861 557 
902 557 
938 557 
3 558 
65 558 
66 558 
129 558 
181 558 
325 558 
614 558 
710 558 
982 558 
997 558 
8 559 
16 559 
56 559 
62 559 
102 559 
116 559 
677 559 
28 560 
43 560 
147 560 
197 560 
452 560 
456 560 
629 560 
2 561 
3 561 
9 561 
98 561 
143 561 
164 561 
698 561 
4 562 
152 562 
177 562 
289 562 
372 562 
443 562 
597 562 
664 562 
702 562 
719 562 
755 562 
4 563 
29 563 
56 563 
96 563 
145 563 
198 563 
730 563 
7 564 
76 564 
89 564 
106 564 
378 564 
466 564 
569 564 
656 564 
700 564 
711 564 
719 564 
885 564 
915 564 
58 565 
103 565 
115 565 
133 565 
287 565 
349 565 
773 565 
3 566 
14 566 
28 566 
38 566 
55 566 
493 566 
645 566 
3 567 
64 567 
67 567 
168 567 
269 567 
361 567 
584 567 
3 568 
8 568 
137 568 
198 568 
378 568 
439 568 
574 568 
7 569 
71 569 
121 569 
219 569 
466 569 
564 569 
915 569 
13 570 
25 570 
63 570 
156 570 
236 570 
254 570 
869 570 
2 571 
6 571 
10 571 
59 571 
105 571 
416 571 
3 572 
37 572 
120 572 
231 572 
250 572 
440 572 
764 572 
833 572 
899 572 
23 573 
29 573 
80 573 
204 573 
302 573 
361 573 
3 574 
152 574 
198 574 
539 574 
541 574 
568 574 
800 574 
2 575 
11 575 
40 575 
72 575 
242 575 
442 575 
654 575 
1 576 
16 576 
180 576 
190 576 
382 576 
535 576 
58 577 
131 577 
174 577 
339 577 
409 577 
521 577 
661 577 
682 577 
799 577 
4 578 
78 578 
188 578 
348 578 
392 578 
525 578 
3 579 
257 579 
292 579 
368 579 
418 579 
519 579 
8 580 
26 580 
27 580 
42 580 
221 580 
334 580 
818 580 
1 581 
4 581 
18 581 
240 581 
290 581 
304 581 
853 581 
975 581 
6 582 
35 582 
100 582 
237 582 
386 582 
495 582 
606 582 
629 582 
766 582 
4 583 
5 583 
28 583 
298 583 
306 583 
680 583 
731 583 
865 583 
3 584 
26 584 
67 584 
326 584 
471 584 
567 584 
883 584 
945 584 
135 585 
141 585 
170 585 
180 585 
229 585 
382 585 
674 585 
996 585 
32 586 
71 586 
76 586 
106 586 
404 586 
421 586 
898 586 
67 587 
84 587 
182 587 
225 587 
341 587 
399 587 
644 587 
976 587 
27 588 
46 588 
59 588 
157 588 
216 588 
411 588 
679 588 
772 588 
895 588 
906 588 
981 588 
4 589 
226 589 
388 589 
394 589 
463 589 
488 589 
88 590 
125 590 
159 590 
163 590 
406 590 
412 590 
615 590 
794 590 
974 590 
11 591 
40 591 
53 591 
147 591 
193 591 
235 591 
931 591 
76 592 
168 592 
269 592 
336 592 
387 592 
531 592 
704 592 
960 592 
110 593 
224 593 
362 593 
405 593 
449 593 
464 593 
999 593 
24 594 
29 594 
206 594 
322 594 
515 594 
550 594 
698 594 
798 594 
29 595 
33 595 
82 595 
233 595 
323 595 
376 595 
844 595 
13 596 
16 596 
157 596 
160 596 
228 596 
527 596 
695 596 
839 596 
4 597 
21 597 
150 597 
443 597 
513 597 
562 597 
719 597 
755 597 
932 597 
960 597 
996 597 
2 598 
82 598 
172 598 
188 598 
250 598 
538 598 
662 598 
769 598 
961 598 
4 599 
9 599 
17 599 
65 599 
281 599 
334 599 
672 599 
764 599 
3 600 
19 600 
22 600 
234 600 
241 600 
467 600 
640 600 
49 601 
59 601 
108 601 
118 601 
277 601 
294 601 
682 601 
14 602 
26 602 
93 602 
151 602 
292 602 
544 602 
53 603 
125 603 
148 603 
195 603 
246 603 
406 603 
705 603 
718 603 
2 604 
7 604 
200 604 
317 604 
479 604 
537 604 
639 604 
642 604 
919 604 
5 605 
9 605 
40 605 
45 605 
169 605 
687 605 
757 605 
871 605 
6 606 
34 606 
103 606 
300 606 
495 606 
582 606 
671 606 
707 606 
758 606 
766 606 
2 607 
10 607 
77 607 
153 607 
206 607 
515 607 
1 608 
13 608 
31 608 
105 608 
194 608 
472 608 
9 609 
26 609 
39 609 
92 609 
115 609 
275 609 
819 609 
18 610 
19 610 
24 610 
32 610 
121 610 
405 610 
670 610 
890 610 
6 611 
17 611 
29 611 
79 611 
136 611 
340 611 
658 611 
677 611 
79 612 
92 612 
389 612 
403 612 
475 612 
540 612 
696 612 
34 613 
57 613 
186 613 
208 613 
300 613 
337 613 
752 613 
981 613 
1 614 
3 614 
28 614 
181 614 
530 614 
558 614 
667 614 
710 614 
52 615 
109 615 
163 615 
412 615 
498 615 
590 615 
794 615 
135 616 
157 616 
174 616 
215 616 
391 616 
398 616 
796 616 
58 617 
89 617 
106 617 
146 617 
339 617 
511 617 
940 617 
51 618 
65 618 
121 618 
392 618 
401 618 
436 618 
797 618 
2 619 
19 619 
21 619 
22 619 
160 619 
217 619 
736 619 
13 620 
26 620 
39 620 
309 620 
350 620 
435 620 
766 620 
819 620 
926 620 
2 621 
3 621 
4 621 
41 621 
196 621 
546 621 
657 621 
663 621 
38 622 
105 622 
211 622 
257 622 
355 622 
370 622 
652 622 
665 622 
765 622 
909 622 
2 623 
4 623 
5 623 
14 623 
150 623 
233 623 
772 623 
4 624 
30 624 
149 624 
316 624 
353 624 
549 624 
21 625 
107 625 
127 625 
270 625 
491 625 
556 625 
701 625 
3 626 
6 626 
22 626 
252 626 
451 626 
545 626 
1 627 
12 627 
59 627 
336 627 
447 627 
529 627 
668 627 
923 627 
46 628 
82 628 
119 628 
123 628 
134 628 
299 628 
100 629 
197 629 
237 629 
456 629 
560 629 
582 629 
659 629 
989 629 
3 630 
5 630 
7 630 
104 630 
107 630 
205 630 
903 630 
1 631 
2 631 
23 631 
26 631 
33 631 
132 631 
669 631 
797 631 
907 631 
913 631 
4 632 
16 632 
76 632 
387 632 
416 632 
489 632 
650 632 
867 632 
898 632 
4 633 
5 633 
146 633 
169 633 
289 633 
372 633 
866 633 
39 634 
59 634 
60 634 
68 634 
81 634 
131 634 
746 634 
821 634 
890 634 
921 634 
6 635 
11 635 
18 635 
23 635 
118 635 
390 635 
19 636 
52 636 
162 636 
226 636 
326 636 
471 636 
872 636 
3 637 
63 637 
238 637 
261 637 
353 637 
431 637 
9 638 
64 638 
162 638 
208 638 
244 638 
396 638 
2 639 
12 639 
317 639 
343 639 
502 639 
604 639 
3 640 
241 640 
389 640 
442 640 
474 640 
600 640 
685 640 
829 640 
842 640 
854 640 
870 640 
953 640 
978 640 
995 640 
2 641 
6 641 
9 641 
19 641 
54 641 
56 641 
917 641 
7 642 
62 642 
70 642 
200 642 
487 642 
604 642 
919 642 
21 643 
44 643 
161 643 
281 643 
494 643 
534 643 
803 643 
182 644 
372 644 
399 644 
463 644 
484 644 
587 644 
812 644 
3 645 
38 645 
64 645 
67 645 
566 645 
700 645 
52 646 
100 646 
159 646 
163 646 
211 646 
523 646 
21 647 
33 647 
48 647 
132 647 
273 647 
556 647 
15 648 
85 648 
115 648 
216 648 
438 648 
544 648 
815 648 
991 648 
6 649 
14 649 
46 649 
52 649 
292 649 
297 649 
937 649 
113 650 
358 650 
387 650 
416 650 
550 650 
632 650 
720 650 
4 651 
8 651 
179 651 
320 651 
428 651 
488 651 
840 651 
38 652 
49 652 
177 652 
211 652 
443 652 
622 652 
925 652 
954 652 
18 653 
69 653 
89 653 
115 653 
197 653 
288 653 
693 653 
6 654 
13 654 
40 654 
72 654 
508 654 
575 654 
692 654 
23 655 
24 655 
30 655 
141 655 
274 655 
556 655 
956 655 
23 656 
361 656 
373 656 
378 656 
466 656 
564 656 
689 656 
711 656 
719 656 
831 656 
885 656 
993 656 
41 657 
76 657 
196 657 
307 657 
419 657 
621 657 
17 658 
79 658 
168 658 
174 658 
398 658 
611 658 
93 659 
100 659 
205 659 
237 659 
312 659 
629 659 
989 659 
14 660 
59 660 
75 660 
135 660 
180 660 
320 660 
810 660 
58 661 
138 661 
175 661 
190 661 
339 661 
577 661 
762 661 
951 661 
5 662 
8 662 
12 662 
188 662 
250 662 
598 662 
769 662 
961 662 
3 663 
4 663 
6 663 
10 663 
412 663 
621 663 
751 663 
804 663 
984 663 
60 664 
177 664 
208 664 
244 664 
443 664 
562 664 
930 664 
206 665 
211 665 
355 665 
436 665 
552 665 
622 665 
3 666 
21 666 
32 666 
104 666 
449 666 
464 666 
3 667 
181 667 
415 667 
428 667 
525 667 
614 667 
879 667 
44 668 
283 668 
325 668 
336 668 
447 668 
627 668 
923 668 
26 669 
80 669 
132 669 
443 669 
461 669 
631 669 
716 669 
797 669 
907 669 
913 669 
954 669 
18 670 
147 670 
380 670 
405 670 
509 670 
610 670 
890 670 
6 671 
15 671 
246 671 
495 671 
544 671 
606 671 
59 672 
115 672 
118 672 
281 672 
334 672 
599 672 
764 672 
3 673 
26 673 
38 673 
74 673 
191 673 
506 673 
994 673 
3 674 
180 674 
245 674 
252 674 
382 674 
585 674 
699 674 
844 674 
996 674 
27 675 
47 675 
67 675 
89 675 
341 675 
388 675 
684 675 
73 676 
147 676 
235 676 
269 676 
352 676 
429 676 
937 676 
102 677 
116 677 
136 677 
340 677 
559 677 
611 677 
734 677 
3 678 
4 678 
122 678 
402 678 
418 678 
536 678 
866 678 
955 678 
2 679 
27 679 
79 679 
216 679 
500 679 
588 679 
721 679 
894 679 
998 679 
5 680 
151 680 
262 680 
298 680 
505 680 
583 680 
17 681 
41 681 
65 681 
71 681 
196 681 
414 681 
709 681 
49 682 
118 682 
409 682 
521 682 
577 682 
601 682 
769 682 
799 682 
4 683 
14 683 
231 683 
343 683 
490 683 
850 683 
23 684 
47 684 
101 684 
363 684 
388 684 
675 684 
905 684 
32 685 
43 685 
210 685 
389 685 
442 685 
640 685 
842 685 
5 686 
75 686 
113 686 
142 686 
227 686 
393 686 
806 686 
848 686 
875 686 
6 687 
9 687 
45 687 
50 687 
205 687 
605 687 
805 687 
4 688 
63 688 
83 688 
124 688 
272 688 
311 688 
729 688 
749 688 
23 689 
42 689 
221 689 
373 689 
656 689 
104 690 
136 690 
246 690 
255 690 
494 690 
549 690 
788 690 
44 691 
222 691 
253 691 
282 691 
374 691 
487 691 
755 691 
837 691 
13 692 
41 692 
45 692 
55 692 
508 692 
654 692 
4 693 
18 693 
20 693 
69 693 
95 693 
653 693 
723 693 
987 693 
11 694 
21 694 
42 694 
128 694 
278 694 
496 694 
888 694 
915 694 
13 695 
228 695 
322 695 
335 695 
527 695 
596 695 
839 695 
948 695 
9 696 
21 696 
232 696 
389 696 
403 696 
612 696 
969 696 
1000 696 
46 697 
70 697 
99 697 
130 697 
377 697 
394 697 
702 697 
860 697 
904 697 
2 698 
24 698 
29 698 
143 698 
561 698 
594 698 
3 699 
6 699 
21 699 
245 699 
249 699 
674 699 
955 699 
38 700 
64 700 
76 700 
89 700 
564 700 
645 700 
831 700 
107 701 
127 701 
289 701 
333 701 
493 701 
625 701 
737 701 
70 702 
152 702 
289 702 
394 702 
562 702 
697 702 
860 702 
100 703 
138 703 
141 703 
190 703 
258 703 
266 703 
922 703 
1 704 
168 704 
407 704 
478 704 
531 704 
592 704 
5 705 
75 705 
125 705 
393 705 
406 705 
603 705 
718 705 
893 705 
966 705 
9 706 
56 706 
116 706 
164 706 
220 706 
507 706 
820 706 
13 707 
34 707 
43 707 
210 707 
300 707 
606 707 
46 708 
54 708 
78 708 
143 708 
366 708 
530 708 
17 709 
49 709 
60 709 
196 709 
512 709 
681 709 
778 709 
3 710 
120 710 
285 710 
427 710 
558 710 
614 710 
4 711 
45 711 
313 711 
378 711 
564 711 
656 711 
5 712 
19 712 
35 712 
83 712 
117 712 
186 712 
897 712 
82 713 
104 713 
150 713 
345 713 
445 713 
467 713 
1 714 
32 714 
112 714 
138 714 
264 714 
323 714 
18 715 
43 715 
66 715 
170 715 
315 715 
405 715 
824 715 
841 715 
5 716 
41 716 
80 716 
107 716 
443 716 
669 716 
55 717 
120 717 
284 717 
370 717 
427 717 
493 717 
722 717 
5 718 
125 718 
343 718 
502 718 
603 718 
705 718 
741 718 
765 718 
877 718 
966 718 
443 719 
466 719 
562 719 
564 719 
597 719 
656 719 
755 719 
831 719 
885 719 
932 719 
993 719 
113 720 
358 720 
366 720 
377 720 
429 720 
650 720 
863 720 
2 721 
10 721 
79 721 
500 721 
534 721 
679 721 
725 721 
782 721 
55 722 
83 722 
217 722 
272 722 
493 722 
717 722 
914 722 
18 723 
29 723 
69 723 
109 723 
380 723 
693 723 
983 723 
7 724 
29 724 
136 724 
221 724 
338 724 
395 724 
803 724 
858 724 
874 724 
2 725 
7 725 
10 725 
11 725 
531 725 
721 725 
9 726 
10 726 
27 726 
30 726 
74 726 
288 726 
3 727 
43 727 
71 727 
204 727 
498 727 
542 727 
880 727 
4 728 
7 728 
14 728 
135 728 
260 728 
396 728 
22 729 
63 729 
188 729 
263 729 
311 729 
688 729 
749 729 
978 729 
25 730 
56 730 
96 730 
166 730 
360 730 
563 730 
753 730 
947 730 
5 731 
28 731 
29 731 
163 731 
473 731 
583 731 
880 731 
908 731 
4 732 
10 732 
73 732 
95 732 
157 732 
411 732 
59 733 
66 733 
67 733 
229 733 
294 733 
367 733 
102 734 
116 734 
462 734 
469 734 
492 734 
677 734 
882 734 
3 735 
5 735 
119 735 
138 735 
153 735 
528 735 
864 735 
8 736 
12 736 
21 736 
217 736 
300 736 
619 736 
842 736 
11 737 
289 737 
328 737 
493 737 
531 737 
701 737 
2 738 
9 738 
27 738 
39 738 
68 738 
482 738 
867 738 
961 738 
4 739 
13 739 
331 739 
371 739 
375 739 
379 739 
4 740 
7 740 
48 740 
154 740 
328 740 
531 740 
2 741 
5 741 
25 741 
343 741 
543 741 
718 741 
765 741 
877 741 
5 742 
53 742 
59 742 
90 742 
289 742 
336 742 
101 743 
155 743 
234 743 
244 743 
251 743 
293 743 
21 744 
23 744 
44 744 
78 744 
299 744 
363 744 
748 744 
4 745 
47 745 
184 745 
307 745 
320 745 
458 745 
777 745 
827 745 
884 745 
10 746 
13 746 
60 746 
105 746 
131 746 
634 746 
810 746 
921 746 
991 746 
18 747 
109 747 
115 747 
163 747 
223 747 
363 747 
761 747 
763 747 
19 748 
44 748 
133 748 
287 748 
299 748 
744 748 
815 748 
136 749 
139 749 
161 749 
311 749 
688 749 
729 749 
752 749 
978 749 
1 750 
2 750 
5 750 
8 750 
136 750 
202 750 
10 751 
11 751 
122 751 
356 751 
412 751 
663 751 
57 752 
136 752 
139 752 
208 752 
613 752 
749 752 
981 752 
25 753 
27 753 
166 753 
251 753 
498 753 
730 753 
947 753 
5 754 
16 754 
64 754 
253 754 
255 754 
486 754 
282 755 
374 755 
562 755 
597 755 
691 755 
719 755 
837 755 
932 755 
960 755 
41 756 
85 756 
108 756 
120 756 
241 756 
344 756 
5 757 
9 757 
83 757 
103 757 
272 757 
605 757 
34 758 
103 758 
428 758 
500 758 
525 758 
606 758 
53 759 
60 759 
88 759 
218 759 
471 759 
522 759 
136 760 
265 760 
290 760 
331 760 
371 760 
557 760 
21 761 
88 761 
91 761 
115 761 
363 761 
747 761 
884 761 
917 761 
37 762 
138 762 
190 762 
231 762 
552 762 
661 762 
36 763 
51 763 
109 763 
223 763 
327 763 
747 763 
791 763 
120 764 
250 764 
334 764 
572 764 
599 764 
672 764 
38 765 
343 765 
355 765 
622 765 
718 765 
741 765 
909 765 
26 766 
350 766 
495 766 
582 766 
606 766 
620 766 
926 766 
38 767 
157 767 
205 767 
214 767 
265 767 
312 767 
807 767 
31 768 
176 768 
256 768 
278 768 
477 768 
496 768 
814 768 
250 769 
409 769 
521 769 
598 769 
662 769 
682 769 
961 769 
4 770 
10 770 
47 770 
53 770 
282 770 
825 770 
865 770 
920 770 
927 770 
941 770 
10 771 
63 771 
103 771 
133 771 
223 771 
445 771 
4 772 
14 772 
27 772 
59 772 
588 772 
623 772 
836 772 
38 773 
133 773 
164 773 
287 773 
293 773 
565 773 
49 774 
152 774 
169 774 
235 774 
372 774 
408 774 
791 774 
951 774 
5 775 
66 775 
281 775 
325 775 
334 775 
342 775 
53 776 
92 776 
104 776 
220 776 
321 776 
378 776 
28 777 
47 777 
120 777 
198 777 
307 777 
745 777 
835 777 
884 777 
14 778 
49 778 
124 778 
295 778 
512 778 
709 778 
37 779 
79 779 
92 779 
175 779 
209 779 
496 779 
65 780 
158 780 
181 780 
251 780 
334 780 
383 780 
964 780 
88 781 
103 781 
150 781 
195 781 
233 781 
300 781 
784 781 
2 782 
163 782 
177 782 
534 782 
537 782 
721 782 
871 782 
4 783 
41 783 
110 783 
231 783 
240 783 
552 783 
801 783 
40 784 
103 784 
300 784 
409 784 
521 784 
781 784 
2 785 
32 785 
54 785 
64 785 
74 785 
242 785 
889 785 
4 786 
22 786 
50 786 
73 786 
404 786 
467 786 
962 786 
21 787 
56 787 
101 787 
234 787 
381 787 
425 787 
43 788 
49 788 
104 788 
279 788 
549 788 
690 788 
21 789 
59 789 
96 789 
200 789 
333 789 
346 789 
829 789 
7 790 
9 790 
33 790 
82 790 
220 790 
467 790 
36 791 
49 791 
235 791 
327 791 
763 791 
774 791 
3 792 
21 792 
44 792 
76 792 
123 792 
433 792 
922 792 
2 793 
60 793 
106 793 
132 793 
397 793 
416 793 
826 793 
12 794 
27 794 
412 794 
435 794 
590 794 
615 794 
5 795 
61 795 
66 795 
157 795 
174 795 
527 795 
135 796 
185 796 
215 796 
344 796 
548 796 
616 796 
26 797 
392 797 
436 797 
618 797 
631 797 
669 797 
907 797 
954 797 
2 798 
68 798 
140 798 
322 798 
550 798 
594 798 
17 799 
196 799 
409 799 
426 799 
577 799 
682 799 
3 800 
10 800 
185 800 
198 800 
384 800 
574 800 
1 801 
110 801 
292 801 
461 801 
552 801 
783 801 
9 802 
100 802 
177 802 
258 802 
320 802 
458 802 
850 802 
7 803 
161 803 
395 803 
494 803 
643 803 
724 803 
858 803 
6 804 
10 804 
112 804 
278 804 
354 804 
663 804 
46 805 
50 805 
73 805 
205 805 
411 805 
687 805 
809 805 
13 806 
58 806 
113 806 
142 806 
319 806 
686 806 
848 806 
38 807 
214 807 
265 807 
312 807 
767 807 
2 808 
15 808 
242 808 
255 808 
486 808 
510 808 
833 808 
933 808 
10 809 
50 809 
74 809 
169 809 
205 809 
805 809 
10 810 
13 810 
14 810 
180 810 
660 810 
746 810 
41 811 
52 811 
65 811 
186 811 
240 811 
532 811 
816 811 
4 812 
170 812 
463 812 
484 812 
644 812 
13 813 
101 813 
127 813 
253 813 
337 813 
456 813 
860 813 
54 814 
116 814 
256 814 
446 814 
477 814 
768 814 
944 814 
958 814 
15 815 
19 815 
287 815 
544 815 
648 815 
748 815 
186 816 
240 816 
344 816 
384 816 
548 816 
811 816 
3 817 
91 817 
152 817 
163 817 
177 817 
273 817 
1 818 
8 818 
42 818 
282 818 
345 818 
580 818 
9 819 
13 819 
39 819 
609 819 
620 819 
27 820 
31 820 
56 820 
116 820 
498 820 
706 820 
6 821 
59 821 
68 821 
112 821 
248 821 
634 821 
14 822 
36 822 
55 822 
245 822 
407 822 
454 822 
889 822 
977 822 
4 823 
57 823 
301 823 
418 823 
528 823 
536 823 
14 824 
18 824 
52 824 
370 824 
405 824 
715 824 
47 825 
73 825 
282 825 
295 825 
503 825 
770 825 
865 825 
920 825 
941 825 
6 826 
126 826 
132 826 
416 826 
508 826 
793 826 
26 827 
47 827 
59 827 
132 827 
184 827 
745 827 
2 828 
3 828 
6 828 
26 828 
211 828 
355 828 
59 829 
346 829 
389 829 
474 829 
640 829 
789 829 
838 829 
855 829 
870 829 
934 829 
978 829 
4 830 
23 830 
33 830 
35 830 
186 830 
271 830 
942 830 
76 831 
89 831 
466 831 
656 831 
700 831 
719 831 
223 832 
284 832 
285 832 
344 832 
427 832 
480 832 
37 833 
231 833 
242 833 
255 833 
572 833 
808 833 
899 833 
933 833 
15 834 
16 834 
78 834 
356 834 
359 834 
414 834 
2 835 
28 835 
120 835 
319 835 
364 835 
777 835 
974 835 
983 835 
4 836 
14 836 
160 836 
187 836 
274 836 
772 836 
21 837 
101 837 
282 837 
363 837 
691 837 
755 837 
1 838 
360 838 
362 838 
389 838 
474 838 
829 838 
941 838 
10 839 
37 839 
58 839 
228 839 
596 839 
695 839 
948 839 
42 840 
56 840 
128 840 
428 840 
488 840 
651 840 
43 841 
98 841 
405 841 
468 841 
473 841 
715 841 
8 842 
300 842 
389 842 
640 842 
685 842 
736 842 
854 842 
56 843 
71 843 
113 843 
116 843 
204 843 
538 843 
849 843 
921 843 
33 844 
82 844 
245 844 
252 844 
595 844 
674 844 
23 845 
60 845 
76 845 
212 845 
338 845 
365 845 
3 846 
4 846 
15 846 
79 846 
166 846 
406 846 
874 846 
23 847 
27 847 
92 847 
514 847 
520 847 
540 847 
856 847 
118 848 
142 848 
333 848 
346 848 
686 848 
806 848 
852 848 
47 849 
71 849 
113 849 
184 849 
358 849 
843 849 
4 850 
9 850 
14 850 
458 850 
683 850 
802 850 
3 851 
29 851 
223 851 
346 851 
380 851 
528 851 
118 852 
245 852 
252 852 
287 852 
346 852 
848 852 
1 853 
4 853 
152 853 
289 853 
539 853 
581 853 
4 854 
112 854 
389 854 
423 854 
640 854 
842 854 
887 854 
47 855 
59 855 
81 855 
128 855 
346 855 
829 855 
896 855 
4 856 
184 856 
222 856 
514 856 
540 856 
847 856 
3 857 
22 857 
28 857 
189 857 
197 857 
207 857 
7 858 
281 858 
333 858 
413 858 
724 858 
803 858 
21 859 
93 859 
285 859 
392 859 
419 859 
444 859 
879 859 
908 859 
13 860 
127 860 
394 860 
697 860 
702 860 
813 860 
2 861 
5 861 
34 861 
153 861 
265 861 
557 861 
902 861 
24 862 
55 862 
109 862 
291 862 
354 862 
515 862 
57 863 
377 863 
429 863 
430 863 
545 863 
720 863 
948 863 
965 863 
7 864 
138 864 
153 864 
160 864 
217 864 
735 864 
4 865 
5 865 
47 865 
583 865 
770 865 
825 865 
941 865 
3 866 
5 866 
146 866 
402 866 
633 866 
678 866 
9 867 
16 867 
68 867 
489 867 
632 867 
738 867 
2 868 
43 868 
76 868 
188 868 
308 868 
335 868 
63 869 
119 869 
236 869 
374 869 
468 869 
570 869 
5 870 
150 870 
343 870 
389 870 
640 870 
829 870 
934 870 
9 871 
40 871 
163 871 
177 871 
605 871 
782 871 
4 872 
44 872 
52 872 
471 872 
525 872 
636 872 
894 872 
16 873 
38 873 
60 873 
149 873 
293 873 
316 873 
3 874 
15 874 
221 874 
395 874 
724 874 
846 874 
8 875 
84 875 
192 875 
227 875 
393 875 
686 875 
964 875 
26 876 
54 876 
182 876 
350 876 
375 876 
503 876 
5 877 
26 877 
257 877 
418 877 
718 877 
741 877 
2 878 
4 878 
10 878 
20 878 
238 878 
296 878 
973 878 
285 879 
419 879 
428 879 
525 879 
667 879 
859 879 
908 879 
5 880 
28 880 
71 880 
204 880 
727 880 
731 880 
49 881 
86 881 
104 881 
157 881 
265 881 
383 881 
11 882 
16 882 
105 882 
462 882 
469 882 
734 882 
21 883 
26 883 
151 883 
326 883 
505 883 
584 883 
929 883 
88 884 
91 884 
307 884 
745 884 
761 884 
777 884 
917 884 
24 885 
109 885 
291 885 
564 885 
656 885 
719 885 
993 885 
40 886 
98 886 
172 886 
174 886 
269 886 
381 886 
992 886 
4 887 
329 887 
392 887 
423 887 
499 887 
854 887 
1 888 
11 888 
129 888 
278 888 
494 888 
694 888 
2 889 
74 889 
407 889 
454 889 
785 889 
822 889 
18 890 
39 890 
68 890 
610 890 
634 890 
670 890 
11 891 
19 891 
72 891 
88 891 
373 891 
522 891 
949 891 
7 892 
11 892 
17 892 
20 892 
44 892 
433 892 
75 893 
100 893 
177 893 
393 893 
537 893 
705 893 
2 894 
52 894 
79 894 
471 894 
679 894 
872 894 
998 894 
157 895 
277 895 
309 895 
411 895 
526 895 
588 895 
906 895 
981 895 
38 896 
59 896 
60 896 
73 896 
346 896 
855 896 
21 897 
35 897 
186 897 
377 897 
394 897 
712 897 
71 898 
76 898 
106 898 
416 898 
586 898 
632 898 
37 899 
349 899 
426 899 
460 899 
572 899 
833 899 
21 900 
56 900 
80 900 
96 900 
159 900 
195 900 
1 901 
76 901 
159 901 
448 901 
457 901 
462 901 
223 902 
265 902 
369 902 
433 902 
557 902 
861 902 
53 903 
81 903 
104 903 
205 903 
238 903 
630 903 
9 904 
73 904 
99 904 
130 904 
179 904 
697 904 
23 905 
43 905 
49 905 
101 905 
240 905 
684 905 
10 906 
374 906 
411 906 
468 906 
588 906 
895 906 
981 906 
1 907 
51 907 
460 907 
631 907 
669 907 
797 907 
954 907 
29 908 
285 908 
473 908 
731 908 
859 908 
879 908 
30 909 
355 909 
373 909 
425 909 
622 909 
765 909 
980 909 
47 910 
76 910 
80 910 
123 910 
365 910 
548 910 
931 910 
66 911 
127 911 
173 911 
315 911 
367 911 
543 911 
18 912 
49 912 
184 912 
358 912 
447 912 
510 912 
132 913 
336 913 
366 913 
530 913 
631 913 
669 913 
55 914 
213 914 
332 914 
493 914 
532 914 
722 914 
936 914 
7 915 
42 915 
128 915 
564 915 
569 915 
694 915 
17 916 
40 916 
43 916 
99 916 
306 916 
417 916 
2 917 
54 917 
88 917 
641 917 
761 917 
884 917 
4 918 
222 918 
278 918 
358 918 
423 918 
447 918 
927 918 
959 918 
8 919 
48 919 
200 919 
248 919 
604 919 
642 919 
7 920 
266 920 
282 920 
537 920 
770 920 
825 920 
994 920 
60 921 
116 921 
538 921 
634 921 
746 921 
843 921 
3 922 
123 922 
138 922 
190 922 
703 922 
792 922 
15 923 
323 923 
336 923 
376 923 
627 923 
668 923 
18 924 
42 924 
175 924 
178 924 
237 924 
239 924 
49 925 
109 925 
177 925 
498 925 
542 925 
652 925 
1 926 
135 926 
228 926 
350 926 
620 926 
766 926 
938 926 
10 927 
53 927 
222 927 
447 927 
770 927 
918 927 
959 927 
2 928 
12 928 
59 928 
245 928 
317 928 
497 928 
26 929 
134 929 
173 929 
291 929 
326 929 
883 929 
60 930 
164 930 
177 930 
310 930 
443 930 
664 930 
950 930 
53 931 
76 931 
235 931 
365 931 
591 931 
910 931 
28 932 
224 932 
362 932 
597 932 
719 932 
755 932 
960 932 
1 933 
81 933 
255 933 
546 933 
808 933 
833 933 
99 934 
145 934 
167 934 
389 934 
829 934 
870 934 
1 935 
15 935 
166 935 
228 935 
279 935 
360 935 
55 936 
118 936 
428 936 
493 936 
500 936 
914 936 
990 936 
6 937 
269 937 
297 937 
352 937 
649 937 
676 937 
1 938 
18 938 
58 938 
135 938 
557 938 
926 938 
13 939 
49 939 
126 939 
147 939 
408 939 
508 939 
9 940 
58 940 
146 940 
244 940 
293 940 
617 940 
1 941 
362 941 
770 941 
825 941 
838 941 
865 941 
1 942 
4 942 
35 942 
135 942 
382 942 
830 942 
73 943 
98 943 
199 943 
237 943 
295 943 
318 943 
27 944 
178 944 
219 944 
256 944 
477 944 
814 944 
26 945 
44 945 
141 945 
207 945 
471 945 
584 945 
76 946 
104 946 
159 946 
171 946 
321 946 
549 946 
16 947 
36 947 
166 947 
509 947 
730 947 
753 947 
57 948 
228 948 
430 948 
695 948 
839 948 
863 948 
19 949 
74 949 
77 949 
88 949 
165 949 
891 949 
60 950 
118 950 
310 950 
355 950 
357 950 
930 950 
169 951 
175 951 
190 951 
372 951 
661 951 
774 951 
9 952 
92 952 
104 952 
205 952 
322 952 
475 952 
1000 952 
4 953 
48 953 
111 953 
442 953 
474 953 
640 953 
38 954 
211 954 
652 954 
669 954 
797 954 
907 954 
3 955 
122 955 
245 955 
536 955 
678 955 
699 955 
253 956 
274 956 
281 956 
487 956 
556 956 
655 956 
54 957 
70 957 
85 957 
415 957 
428 957 
446 957 
54 958 
336 958 
369 958 
446 958 
466 958 
814 958 
2 959 
4 959 
222 959 
546 959 
918 959 
927 959 
336 960 
387 960 
592 960 
597 960 
755 960 
932 960 
2 961 
482 961 
598 961 
662 961 
738 961 
769 961 
73 962 
117 962 
404 962 
462 962 
469 962 
786 962 
17 963 
42 963 
56 963 
79 963 
223 963 
356 963 
65 964 
227 964 
334 964 
393 964 
780 964 
875 964 
54 965 
64 965 
242 965 
377 965 
429 965 
863 965 
7 966 
69 966 
125 966 
501 966 
705 966 
718 966 
2 967 
33 967 
196 967 
270 967 
426 967 
556 967 
2 968 
53 968 
77 968 
321 968 
497 968 
553 968 
9 969 
21 969 
117 969 
137 969 
439 969 
696 969 
1000 969 
70 970 
116 970 
147 970 
429 970 
507 970 
535 970 
19 971 
158 971 
162 971 
201 971 
430 971 
518 971 
997 971 
46 972 
106 972 
397 972 
475 972 
514 972 
540 972 
238 973 
296 973 
373 973 
425 973 
472 973 
878 973 
28 974 
120 974 
125 974 
159 974 
590 974 
835 974 
983 974 
240 975 
251 975 
290 975 
455 975 
491 975 
581 975 
67 976 
79 976 
243 976 
319 976 
341 976 
587 976 
55 977 
179 977 
245 977 
295 977 
318 977 
822 977 
311 978 
474 978 
640 978 
729 978 
749 978 
829 978 
995 978 
16 979 
27 979 
180 979 
183 979 
288 979 
509 979 
30 980 
157 980 
168 980 
373 980 
383 980 
909 980 
57 981 
588 981 
613 981 
752 981 
895 981 
906 981 
64 982 
66 982 
67 982 
129 982 
361 982 
558 982 
18 983 
69 983 
120 983 
723 983 
835 983 
974 983 
2 984 
3 984 
4 984 
25 984 
194 984 
663 984 
1 985 
23 985 
172 985 
327 985 
460 985 
538 985 
23 986 
55 986 
182 986 
425 986 
472 986 
554 986 
4 987 
48 987 
95 987 
132 987 
248 987 
693 987 
23 988 
27 988 
216 988 
224 988 
311 988 
375 988 
130 989 
237 989 
292 989 
339 989 
629 989 
659 989 
51 990 
55 990 
152 990 
277 990 
493 990 
936 990 
13 991 
85 991 
105 991 
438 991 
648 991 
746 991 
172 992 
176 992 
185 992 
267 992 
381 992 
886 992 
4 993 
347 993 
371 993 
656 993 
719 993 
885 993 
3 994 
26 994 
266 994 
537 994 
673 994 
920 994 
5 995 
130 995 
136 995 
474 995 
640 995 
978 995 
150 996 
180 996 
513 996 
585 996 
597 996 
674 996 
65 997 
181 997 
201 997 
430 997 
558 997 
971 997 
15 998 
40 998 
72 998 
79 998 
679 998 
894 998 
43 999 
110 999 
197 999 
224 999 
288 999 
593 999 
9 1000 
21 1000 
104 1000 
696 1000 
952 1000 
969 1000 
