2 1 
3 1 
4 1 
5 1 
6 1 
8 1 
9 1 
11 1 
13 1 
14 1 
15 1 
18 1 
20 1 
21 1 
23 1 
24 1 
25 1 
33 1 
34 1 
36 1 
42 1 
46 1 
47 1 
52 1 
56 1 
58 1 
62 1 
66 1 
72 1 
77 1 
80 1 
81 1 
88 1 
98 1 
102 1 
103 1 
104 1 
105 1 
110 1 
118 1 
122 1 
124 1 
127 1 
128 1 
131 1 
135 1 
146 1 
158 1 
168 1 
182 1 
183 1 
190 1 
191 1 
196 1 
205 1 
207 1 
208 1 
214 1 
216 1 
220 1 
221 1 
251 1 
255 1 
264 1 
265 1 
269 1 
270 1 
276 1 
284 1 
290 1 
294 1 
297 1 
306 1 
316 1 
330 1 
331 1 
334 1 
343 1 
349 1 
353 1 
355 1 
361 1 
372 1 
375 1 
381 1 
384 1 
389 1 
399 1 
428 1 
436 1 
453 1 
463 1 
465 1 
475 1 
477 1 
484 1 
507 1 
512 1 
517 1 
534 1 
544 1 
549 1 
565 1 
572 1 
575 1 
586 1 
595 1 
605 1 
620 1 
632 1 
637 1 
644 1 
660 1 
689 1 
692 1 
702 1 
743 1 
749 1 
772 1 
814 1 
815 1 
836 1 
841 1 
844 1 
858 1 
875 1 
909 1 
910 1 
911 1 
912 1 
937 1 
967 1 
969 1 
988 1 
991 1 
997 1 
1 2 
3 2 
4 2 
5 2 
7 2 
12 2 
14 2 
17 2 
21 2 
22 2 
25 2 
30 2 
31 2 
32 2 
34 2 
36 2 
41 2 
49 2 
52 2 
60 2 
62 2 
64 2 
70 2 
83 2 
84 2 
92 2 
96 2 
101 2 
102 2 
106 2 
111 2 
112 2 
117 2 
123 2 
131 2 
158 2 
161 2 
162 2 
176 2 
179 2 
187 2 
198 2 
206 2 
207 2 
208 2 
209 2 
216 2 
218 2 
220 2 
221 2 
222 2 
229 2 
252 2 
254 2 
260 2 
263 2 
265 2 
274 2 
275 2 
302 2 
308 2 
314 2 
322 2 
342 2 
347 2 
357 2 
368 2 
374 2 
378 2 
380 2 
384 2 
390 2 
393 2 
400 2 
414 2 
424 2 
432 2 
441 2 
445 2 
449 2 
457 2 
470 2 
498 2 
503 2 
537 2 
538 2 
560 2 
561 2 
601 2 
612 2 
619 2 
625 2 
629 2 
630 2 
636 2 
640 2 
679 2 
689 2 
698 2 
706 2 
714 2 
716 2 
731 2 
745 2 
767 2 
790 2 
793 2 
823 2 
845 2 
847 2 
848 2 
872 2 
902 2 
907 2 
924 2 
932 2 
939 2 
941 2 
942 2 
958 2 
979 2 
986 2 
1 3 
2 3 
4 3 
5 3 
6 3 
7 3 
9 3 
10 3 
11 3 
12 3 
14 3 
15 3 
17 3 
18 3 
19 3 
20 3 
22 3 
29 3 
31 3 
32 3 
34 3 
38 3 
40 3 
42 3 
47 3 
48 3 
49 3 
54 3 
61 3 
63 3 
67 3 
70 3 
71 3 
72 3 
73 3 
74 3 
75 3 
77 3 
78 3 
84 3 
85 3 
87 3 
90 3 
93 3 
100 3 
105 3 
106 3 
107 3 
108 3 
112 3 
120 3 
138 3 
145 3 
151 3 
155 3 
166 3 
167 3 
170 3 
188 3 
197 3 
200 3 
203 3 
210 3 
214 3 
226 3 
229 3 
245 3 
255 3 
262 3 
271 3 
283 3 
288 3 
292 3 
301 3 
321 3 
324 3 
326 3 
335 3 
338 3 
344 3 
345 3 
358 3 
365 3 
369 3 
380 3 
394 3 
395 3 
396 3 
409 3 
420 3 
421 3 
428 3 
439 3 
452 3 
464 3 
482 3 
488 3 
491 3 
545 3 
558 3 
576 3 
587 3 
593 3 
624 3 
632 3 
642 3 
649 3 
652 3 
670 3 
672 3 
679 3 
681 3 
703 3 
709 3 
715 3 
726 3 
740 3 
760 3 
789 3 
803 3 
817 3 
836 3 
860 3 
878 3 
879 3 
904 3 
931 3 
933 3 
940 3 
950 3 
971 3 
972 3 
994 3 
1 4 
2 4 
3 4 
5 4 
6 4 
7 4 
8 4 
14 4 
16 4 
25 4 
26 4 
29 4 
30 4 
32 4 
34 4 
36 4 
39 4 
43 4 
45 4 
50 4 
54 4 
59 4 
62 4 
65 4 
66 4 
68 4 
69 4 
80 4 
95 4 
108 4 
114 4 
117 4 
133 4 
135 4 
145 4 
147 4 
152 4 
155 4 
189 4 
199 4 
222 4 
232 4 
240 4 
247 4 
271 4 
273 4 
292 4 
296 4 
311 4 
314 4 
315 4 
322 4 
325 4 
350 4 
355 4 
363 4 
365 4 
378 4 
395 4 
425 4 
426 4 
436 4 
445 4 
463 4 
467 4 
470 4 
495 4 
498 4 
535 4 
551 4 
597 4 
601 4 
607 4 
608 4 
610 4 
611 4 
618 4 
636 4 
643 4 
671 4 
673 4 
677 4 
687 4 
703 4 
764 4 
773 4 
784 4 
815 4 
850 4 
883 4 
926 4 
937 4 
938 4 
963 4 
976 4 
996 4 
1 5 
2 5 
3 5 
4 5 
6 5 
8 5 
10 5 
11 5 
13 5 
14 5 
18 5 
20 5 
21 5 
22 5 
25 5 
26 5 
27 5 
28 5 
29 5 
32 5 
35 5 
38 5 
41 5 
44 5 
48 5 
56 5 
60 5 
63 5 
64 5 
65 5 
66 5 
69 5 
75 5 
82 5 
88 5 
89 5 
96 5 
103 5 
106 5 
107 5 
109 5 
118 5 
124 5 
135 5 
139 5 
145 5 
148 5 
151 5 
182 5 
191 5 
195 5 
196 5 
197 5 
198 5 
200 5 
205 5 
224 5 
240 5 
245 5 
276 5 
289 5 
299 5 
306 5 
335 5 
346 5 
350 5 
355 5 
369 5 
400 5 
418 5 
421 5 
448 5 
451 5 
473 5 
479 5 
486 5 
493 5 
519 5 
524 5 
544 5 
559 5 
595 5 
597 5 
632 5 
671 5 
683 5 
707 5 
720 5 
734 5 
755 5 
762 5 
765 5 
808 5 
825 5 
840 5 
869 5 
887 5 
890 5 
916 5 
919 5 
979 5 
990 5 
1 6 
3 6 
4 6 
5 6 
7 6 
8 6 
9 6 
10 6 
12 6 
13 6 
16 6 
17 6 
18 6 
19 6 
21 6 
27 6 
36 6 
38 6 
39 6 
45 6 
47 6 
50 6 
51 6 
52 6 
58 6 
73 6 
77 6 
79 6 
84 6 
90 6 
94 6 
95 6 
100 6 
114 6 
115 6 
120 6 
128 6 
130 6 
139 6 
150 6 
156 6 
159 6 
161 6 
164 6 
166 6 
169 6 
172 6 
173 6 
178 6 
180 6 
181 6 
182 6 
184 6 
187 6 
190 6 
204 6 
209 6 
211 6 
228 6 
230 6 
243 6 
259 6 
262 6 
266 6 
268 6 
276 6 
279 6 
283 6 
312 6 
318 6 
319 6 
323 6 
334 6 
353 6 
355 6 
377 6 
382 6 
383 6 
398 6 
415 6 
416 6 
425 6 
426 6 
434 6 
443 6 
459 6 
468 6 
484 6 
486 6 
487 6 
489 6 
496 6 
499 6 
500 6 
501 6 
510 6 
515 6 
528 6 
529 6 
531 6 
565 6 
570 6 
596 6 
597 6 
614 6 
615 6 
620 6 
631 6 
644 6 
652 6 
670 6 
695 6 
719 6 
733 6 
743 6 
758 6 
802 6 
838 6 
840 6 
841 6 
845 6 
864 6 
891 6 
895 6 
899 6 
925 6 
947 6 
953 6 
972 6 
982 6 
2 7 
3 7 
4 7 
6 7 
8 7 
10 7 
12 7 
14 7 
17 7 
22 7 
24 7 
30 7 
43 7 
55 7 
57 7 
61 7 
67 7 
68 7 
89 7 
90 7 
105 7 
111 7 
117 7 
126 7 
155 7 
188 7 
193 7 
194 7 
212 7 
217 7 
232 7 
243 7 
298 7 
303 7 
317 7 
322 7 
367 7 
409 7 
410 7 
414 7 
424 7 
432 7 
494 7 
496 7 
551 7 
585 7 
639 7 
649 7 
674 7 
703 7 
705 7 
711 7 
784 7 
802 7 
1 8 
4 8 
5 8 
6 8 
7 8 
9 8 
10 8 
16 8 
19 8 
20 8 
23 8 
26 8 
29 8 
33 8 
37 8 
42 8 
44 8 
64 8 
79 8 
87 8 
89 8 
91 8 
109 8 
116 8 
129 8 
161 8 
172 8 
187 8 
199 8 
212 8 
215 8 
245 8 
264 8 
268 8 
325 8 
328 8 
355 8 
407 8 
408 8 
468 8 
502 8 
550 8 
551 8 
682 8 
686 8 
746 8 
753 8 
758 8 
809 8 
810 8 
850 8 
887 8 
931 8 
1 9 
3 9 
6 9 
8 9 
11 9 
12 9 
13 9 
15 9 
19 9 
23 9 
27 9 
28 9 
34 9 
35 9 
37 9 
43 9 
52 9 
53 9 
59 9 
71 9 
75 9 
78 9 
84 9 
86 9 
97 9 
98 9 
107 9 
108 9 
113 9 
116 9 
125 9 
128 9 
138 9 
164 9 
166 9 
176 9 
180 9 
189 9 
203 9 
208 9 
219 9 
237 9 
249 9 
251 9 
254 9 
257 9 
277 9 
291 9 
309 9 
316 9 
317 9 
334 9 
339 9 
344 9 
346 9 
348 9 
423 9 
473 9 
500 9 
516 9 
540 9 
542 9 
547 9 
564 9 
596 9 
635 9 
643 9 
668 9 
686 9 
716 9 
727 9 
730 9 
732 9 
739 9 
748 9 
751 9 
755 9 
769 9 
777 9 
798 9 
807 9 
821 9 
833 9 
861 9 
877 9 
897 9 
898 9 
899 9 
926 9 
955 9 
960 9 
967 9 
980 9 
3 10 
5 10 
6 10 
7 10 
8 10 
11 10 
13 10 
15 10 
16 10 
17 10 
26 10 
28 10 
39 10 
40 10 
41 10 
53 10 
77 10 
79 10 
81 10 
89 10 
100 10 
109 10 
129 10 
150 10 
153 10 
163 10 
198 10 
200 10 
211 10 
232 10 
245 10 
279 10 
293 10 
299 10 
318 10 
327 10 
328 10 
337 10 
345 10 
362 10 
367 10 
370 10 
398 10 
403 10 
425 10 
434 10 
461 10 
469 10 
470 10 
471 10 
490 10 
491 10 
524 10 
543 10 
559 10 
591 10 
594 10 
651 10 
663 10 
670 10 
681 10 
705 10 
745 10 
750 10 
797 10 
837 10 
855 10 
859 10 
863 10 
923 10 
1 11 
3 11 
5 11 
9 11 
10 11 
13 11 
15 11 
18 11 
19 11 
20 11 
26 11 
27 11 
28 11 
33 11 
37 11 
40 11 
43 11 
47 11 
53 11 
54 11 
61 11 
62 11 
75 11 
79 11 
85 11 
119 11 
125 11 
126 11 
143 11 
144 11 
146 11 
159 11 
165 11 
167 11 
172 11 
174 11 
221 11 
236 11 
294 11 
306 11 
324 11 
326 11 
334 11 
341 11 
360 11 
387 11 
392 11 
393 11 
394 11 
429 11 
474 11 
480 11 
513 11 
518 11 
536 11 
562 11 
564 11 
571 11 
594 11 
601 11 
604 11 
635 11 
651 11 
653 11 
679 11 
694 11 
715 11 
726 11 
737 11 
752 11 
775 11 
786 11 
822 11 
860 11 
862 11 
908 11 
966 11 
2 12 
3 12 
6 12 
7 12 
9 12 
17 12 
22 12 
24 12 
30 12 
48 12 
50 12 
60 12 
74 12 
76 12 
78 12 
84 12 
94 12 
95 12 
97 12 
98 12 
99 12 
106 12 
112 12 
125 12 
130 12 
137 12 
140 12 
152 12 
153 12 
154 12 
156 12 
166 12 
170 12 
179 12 
183 12 
193 12 
217 12 
225 12 
235 12 
242 12 
248 12 
249 12 
250 12 
264 12 
272 12 
277 12 
280 12 
289 12 
298 12 
301 12 
313 12 
317 12 
367 12 
368 12 
389 12 
407 12 
416 12 
438 12 
452 12 
483 12 
548 12 
551 12 
552 12 
560 12 
575 12 
580 12 
621 12 
622 12 
663 12 
667 12 
686 12 
689 12 
695 12 
698 12 
701 12 
710 12 
711 12 
733 12 
737 12 
785 12 
792 12 
806 12 
809 12 
826 12 
857 12 
868 12 
878 12 
899 12 
901 12 
924 12 
944 12 
946 12 
991 12 
994 12 
1 13 
5 13 
6 13 
9 13 
10 13 
11 13 
15 13 
16 13 
18 13 
28 13 
33 13 
35 13 
46 13 
51 13 
58 13 
73 13 
80 13 
92 13 
99 13 
115 13 
119 13 
124 13 
135 13 
136 13 
141 13 
149 13 
167 13 
186 13 
192 13 
195 13 
200 13 
210 13 
218 13 
222 13 
233 13 
237 13 
238 13 
249 13 
256 13 
278 13 
297 13 
299 13 
305 13 
320 13 
323 13 
339 13 
344 13 
359 13 
386 13 
401 13 
417 13 
418 13 
433 13 
466 13 
481 13 
491 13 
505 13 
526 13 
545 13 
546 13 
578 13 
722 13 
757 13 
765 13 
779 13 
782 13 
799 13 
808 13 
925 13 
927 13 
966 13 
971 13 
1 14 
2 14 
3 14 
4 14 
5 14 
7 14 
21 14 
22 14 
24 14 
43 14 
54 14 
67 14 
187 14 
191 14 
194 14 
215 14 
232 14 
252 14 
292 14 
331 14 
409 14 
509 14 
538 14 
541 14 
699 14 
707 14 
709 14 
745 14 
887 14 
902 14 
919 14 
976 14 
981 14 
983 14 
988 14 
1 15 
3 15 
9 15 
10 15 
11 15 
13 15 
23 15 
40 15 
46 15 
51 15 
69 15 
77 15 
105 15 
116 15 
167 15 
185 15 
206 15 
238 15 
239 15 
265 15 
270 15 
287 15 
300 15 
354 15 
389 15 
402 15 
454 15 
479 15 
504 15 
512 15 
543 15 
553 15 
556 15 
558 15 
568 15 
585 15 
665 15 
730 15 
794 15 
812 15 
817 15 
931 15 
4 16 
6 16 
8 16 
10 16 
13 16 
26 16 
36 16 
39 16 
41 16 
58 16 
68 16 
90 16 
113 16 
114 16 
123 16 
132 16 
161 16 
181 16 
184 16 
190 16 
271 16 
299 16 
318 16 
323 16 
461 16 
470 16 
588 16 
668 16 
676 16 
690 16 
700 16 
743 16 
758 16 
767 16 
884 16 
889 16 
961 16 
982 16 
2 17 
3 17 
6 17 
7 17 
10 17 
12 17 
31 17 
48 17 
50 17 
52 17 
93 17 
112 17 
137 17 
150 17 
163 17 
179 17 
207 17 
226 17 
232 17 
238 17 
244 17 
309 17 
396 17 
426 17 
428 17 
442 17 
466 17 
471 17 
482 17 
503 17 
569 17 
670 17 
812 17 
860 17 
985 17 
1 18 
3 18 
5 18 
6 18 
11 18 
13 18 
20 18 
21 18 
35 18 
38 18 
42 18 
49 18 
55 18 
56 18 
62 18 
63 18 
70 18 
83 18 
115 18 
120 18 
136 18 
141 18 
192 18 
201 18 
204 18 
222 18 
261 18 
274 18 
298 18 
301 18 
310 18 
374 18 
387 18 
415 18 
440 18 
481 18 
490 18 
521 18 
539 18 
598 18 
645 18 
648 18 
650 18 
675 18 
734 18 
742 18 
755 18 
763 18 
788 18 
795 18 
829 18 
836 18 
837 18 
859 18 
879 18 
911 18 
927 18 
974 18 
984 18 
3 19 
6 19 
8 19 
9 19 
11 19 
27 19 
37 19 
59 19 
71 19 
75 19 
85 19 
87 19 
134 19 
172 19 
304 19 
317 19 
325 19 
354 19 
360 19 
364 19 
499 19 
500 19 
506 19 
527 19 
543 19 
577 19 
596 19 
659 19 
697 19 
700 19 
718 19 
751 19 
897 19 
965 19 
984 19 
998 19 
1 20 
3 20 
5 20 
8 20 
11 20 
18 20 
25 20 
38 20 
42 20 
44 20 
46 20 
47 20 
55 20 
72 20 
85 20 
87 20 
88 20 
91 20 
104 20 
116 20 
118 20 
121 20 
151 20 
156 20 
157 20 
160 20 
173 20 
175 20 
212 20 
224 20 
242 20 
246 20 
260 20 
270 20 
281 20 
297 20 
308 20 
380 20 
387 20 
395 20 
509 20 
513 20 
562 20 
583 20 
587 20 
627 20 
691 20 
697 20 
765 20 
766 20 
903 20 
916 20 
963 20 
984 20 
990 20 
1 21 
2 21 
5 21 
6 21 
14 21 
18 21 
24 21 
27 21 
51 21 
56 21 
82 21 
101 21 
107 21 
129 21 
146 21 
204 21 
252 21 
276 21 
294 21 
308 21 
331 21 
412 21 
490 21 
509 21 
612 21 
629 21 
638 21 
689 21 
838 21 
841 21 
930 21 
2 22 
3 22 
5 22 
7 22 
12 22 
14 22 
24 22 
55 22 
57 22 
61 22 
68 22 
71 22 
74 22 
97 22 
98 22 
99 22 
106 22 
110 22 
117 22 
187 22 
214 22 
219 22 
262 22 
266 22 
287 22 
335 22 
358 22 
388 22 
412 22 
413 22 
478 22 
493 22 
533 22 
544 22 
590 22 
664 22 
754 22 
790 22 
827 22 
839 22 
851 22 
887 22 
888 22 
894 22 
901 22 
917 22 
951 22 
981 22 
1 23 
8 23 
9 23 
15 23 
33 23 
34 23 
64 23 
98 23 
105 23 
110 23 
116 23 
127 23 
149 23 
168 23 
219 23 
254 23 
291 23 
331 23 
372 23 
391 23 
405 23 
423 23 
431 23 
458 23 
469 23 
479 23 
504 23 
546 23 
547 23 
553 23 
556 23 
567 23 
634 23 
674 23 
677 23 
798 23 
820 23 
907 23 
1 24 
7 24 
12 24 
14 24 
21 24 
22 24 
55 24 
56 24 
58 24 
99 24 
101 24 
140 24 
193 24 
231 24 
509 24 
638 24 
664 24 
689 24 
701 24 
754 24 
813 24 
841 24 
881 24 
988 24 
1 25 
2 25 
4 25 
5 25 
20 25 
32 25 
41 25 
45 25 
48 25 
57 25 
60 25 
65 25 
88 25 
96 25 
117 25 
122 25 
147 25 
194 25 
196 25 
197 25 
213 25 
224 25 
240 25 
246 25 
263 25 
269 25 
284 25 
364 25 
377 25 
421 25 
476 25 
486 25 
495 25 
508 25 
519 25 
580 25 
602 25 
607 25 
692 25 
701 25 
714 25 
747 25 
806 25 
825 25 
852 25 
889 25 
910 25 
980 25 
4 26 
5 26 
8 26 
10 26 
11 26 
16 26 
28 26 
29 26 
30 26 
31 26 
44 26 
79 26 
81 26 
133 26 
140 26 
143 26 
148 26 
153 26 
171 26 
179 26 
211 26 
215 26 
256 26 
281 26 
327 26 
469 26 
480 26 
502 26 
627 26 
661 26 
712 26 
863 26 
982 26 
5 27 
6 27 
9 27 
11 27 
19 27 
21 27 
38 27 
45 27 
51 27 
63 27 
78 27 
82 27 
86 27 
114 27 
119 27 
230 27 
240 27 
248 27 
294 27 
317 27 
382 27 
456 27 
488 27 
500 27 
521 27 
543 27 
776 27 
818 27 
849 27 
999 27 
5 28 
9 28 
10 28 
11 28 
13 28 
26 28 
35 28 
37 28 
40 28 
54 28 
76 28 
81 28 
82 28 
86 28 
92 28 
93 28 
97 28 
102 28 
127 28 
144 28 
148 28 
171 28 
176 28 
195 28 
196 28 
198 28 
203 28 
204 28 
205 28 
227 28 
230 28 
231 28 
233 28 
282 28 
295 28 
297 28 
305 28 
320 28 
337 28 
341 28 
348 28 
350 28 
372 28 
393 28 
408 28 
432 28 
448 28 
468 28 
478 28 
479 28 
482 28 
508 28 
537 28 
557 28 
570 28 
571 28 
576 28 
582 28 
588 28 
594 28 
607 28 
637 28 
693 28 
708 28 
729 28 
736 28 
745 28 
751 28 
760 28 
769 28 
796 28 
810 28 
829 28 
837 28 
877 28 
885 28 
898 28 
912 28 
915 28 
929 28 
943 28 
946 28 
948 28 
956 28 
959 28 
3 29 
4 29 
5 29 
8 29 
26 29 
30 29 
31 29 
39 29 
44 29 
65 29 
108 29 
142 29 
179 29 
199 29 
210 29 
275 29 
281 29 
325 29 
337 29 
365 29 
370 29 
403 29 
420 29 
471 29 
497 29 
506 29 
559 29 
613 29 
677 29 
761 29 
775 29 
871 29 
2 30 
4 30 
7 30 
12 30 
26 30 
29 30 
31 30 
39 30 
59 30 
60 30 
76 30 
111 30 
133 30 
140 30 
142 30 
152 30 
267 30 
272 30 
273 30 
275 30 
298 30 
302 30 
312 30 
322 30 
389 30 
414 30 
418 30 
435 30 
498 30 
506 30 
620 30 
661 30 
679 30 
744 30 
820 30 
821 30 
904 30 
923 30 
948 30 
963 30 
2 31 
3 31 
17 31 
26 31 
29 31 
30 31 
32 31 
49 31 
52 31 
83 31 
140 31 
142 31 
155 31 
209 31 
272 31 
275 31 
281 31 
312 31 
343 31 
347 31 
348 31 
362 31 
376 31 
390 31 
396 31 
399 31 
402 31 
465 31 
525 31 
526 31 
559 31 
574 31 
625 31 
626 31 
712 31 
757 31 
766 31 
801 31 
816 31 
848 31 
950 31 
986 31 
998 31 
2 32 
3 32 
4 32 
5 32 
25 32 
31 32 
45 32 
48 32 
49 32 
57 32 
70 32 
155 32 
164 32 
202 32 
206 32 
237 32 
265 32 
315 32 
347 32 
348 32 
366 32 
465 32 
525 32 
535 32 
571 32 
634 32 
643 32 
671 32 
762 32 
830 32 
950 32 
970 32 
979 32 
1 33 
8 33 
11 33 
13 33 
23 33 
64 33 
119 33 
124 33 
127 33 
186 33 
221 33 
256 33 
264 33 
306 33 
341 33 
349 33 
356 33 
391 33 
394 33 
399 33 
450 33 
477 33 
536 33 
583 33 
656 33 
676 33 
890 33 
909 33 
1 34 
2 34 
3 34 
4 34 
9 34 
23 34 
314 34 
331 34 
400 34 
423 34 
431 34 
875 34 
967 34 
5 35 
9 35 
13 35 
18 35 
28 35 
92 35 
136 35 
149 35 
176 35 
230 35 
237 35 
320 35 
332 35 
481 35 
482 35 
748 35 
755 35 
757 35 
927 35 
971 35 
1 36 
2 36 
4 36 
6 36 
16 36 
50 36 
62 36 
66 36 
68 36 
80 36 
100 36 
102 36 
123 36 
162 36 
168 36 
181 36 
216 36 
229 36 
243 36 
307 36 
316 36 
318 36 
441 36 
449 36 
572 36 
586 36 
609 36 
644 36 
656 36 
764 36 
773 36 
815 36 
878 36 
879 36 
898 36 
8 37 
9 37 
11 37 
19 37 
28 37 
40 37 
43 37 
59 37 
61 37 
86 37 
93 37 
104 37 
113 37 
115 37 
137 37 
138 37 
174 37 
217 37 
258 37 
285 37 
304 37 
366 37 
398 37 
422 37 
532 37 
550 37 
581 37 
681 37 
725 37 
822 37 
902 37 
954 37 
3 38 
5 38 
6 38 
18 38 
20 38 
27 38 
42 38 
45 38 
55 38 
63 38 
72 38 
73 38 
74 38 
78 38 
83 38 
86 38 
94 38 
96 38 
128 38 
139 38 
163 38 
178 38 
225 38 
234 38 
250 38 
261 38 
286 38 
391 38 
423 38 
434 38 
443 38 
472 38 
473 38 
521 38 
545 38 
564 38 
566 38 
600 38 
642 38 
645 38 
666 38 
739 38 
774 38 
777 38 
866 38 
891 38 
904 38 
1000 38 
4 39 
6 39 
10 39 
16 39 
29 39 
30 39 
41 39 
53 39 
59 39 
90 39 
113 39 
199 39 
267 39 
325 39 
359 39 
435 39 
463 39 
591 39 
645 39 
834 39 
915 39 
961 39 
3 40 
10 40 
11 40 
15 40 
28 40 
37 40 
54 40 
76 40 
82 40 
100 40 
122 40 
126 40 
159 40 
174 40 
204 40 
227 40 
334 40 
369 40 
398 40 
510 40 
530 40 
543 40 
655 40 
750 40 
817 40 
903 40 
932 40 
2 41 
5 41 
10 41 
16 41 
25 41 
39 41 
53 41 
60 41 
64 41 
96 41 
199 41 
228 41 
446 41 
461 41 
645 41 
662 41 
847 41 
930 41 
1 42 
3 42 
8 42 
18 42 
20 42 
38 42 
46 42 
49 42 
67 42 
83 42 
87 42 
118 42 
120 42 
141 42 
225 42 
260 42 
274 42 
290 42 
303 42 
371 42 
391 42 
395 42 
417 42 
443 42 
487 42 
504 42 
514 42 
617 42 
791 42 
797 42 
829 42 
859 42 
955 42 
4 43 
7 43 
9 43 
11 43 
14 43 
37 43 
53 43 
61 43 
67 43 
113 43 
115 43 
137 43 
172 43 
215 43 
232 43 
247 43 
351 43 
366 43 
373 43 
492 43 
494 43 
511 43 
540 43 
541 43 
550 43 
589 43 
594 43 
606 43 
609 43 
610 43 
623 43 
626 43 
687 43 
709 43 
741 43 
811 43 
854 43 
870 43 
962 43 
985 43 
5 44 
8 44 
20 44 
26 44 
29 44 
179 44 
215 44 
355 44 
408 44 
497 44 
613 44 
765 44 
982 44 
4 45 
6 45 
25 45 
27 45 
32 45 
38 45 
57 45 
65 45 
86 45 
94 45 
114 45 
119 45 
128 45 
134 45 
147 45 
150 45 
184 45 
194 45 
315 45 
347 45 
376 45 
456 45 
488 45 
515 45 
690 45 
701 45 
728 45 
729 45 
741 45 
867 45 
922 45 
989 45 
1 46 
13 46 
15 46 
20 46 
42 46 
51 46 
69 46 
72 46 
77 46 
80 46 
85 46 
91 46 
99 46 
111 46 
118 46 
121 46 
131 46 
132 46 
135 46 
144 46 
157 46 
162 46 
183 46 
206 46 
216 46 
224 46 
283 46 
287 46 
290 46 
349 46 
375 46 
433 46 
437 46 
442 46 
444 46 
457 46 
463 46 
480 46 
549 46 
572 46 
602 46 
665 46 
702 46 
720 46 
727 46 
743 46 
791 46 
794 46 
797 46 
799 46 
808 46 
827 46 
835 46 
1 47 
3 47 
6 47 
11 47 
20 47 
151 47 
160 47 
229 47 
436 47 
488 47 
513 47 
620 47 
627 47 
679 47 
766 47 
972 47 
3 48 
5 48 
12 48 
17 48 
25 48 
32 48 
50 48 
93 48 
125 48 
154 48 
170 48 
174 48 
177 48 
180 48 
203 48 
225 48 
271 48 
278 48 
646 48 
657 48 
740 48 
776 48 
811 48 
812 48 
831 48 
843 48 
862 48 
933 48 
985 48 
2 49 
3 49 
18 49 
31 49 
32 49 
42 49 
63 49 
67 49 
70 49 
141 49 
155 49 
164 49 
185 49 
202 49 
206 49 
209 49 
221 49 
234 49 
237 49 
277 49 
343 49 
393 49 
538 49 
539 49 
541 49 
571 49 
640 49 
795 49 
888 49 
914 49 
970 49 
4 50 
6 50 
12 50 
17 50 
36 50 
48 50 
100 50 
125 50 
137 50 
152 50 
174 50 
180 50 
249 50 
261 50 
328 50 
462 50 
485 50 
520 50 
730 50 
764 50 
968 50 
6 51 
13 51 
15 51 
21 51 
27 51 
46 51 
69 51 
91 51 
135 51 
157 51 
185 51 
224 51 
230 51 
238 51 
239 51 
244 51 
270 51 
278 51 
288 51 
294 51 
307 51 
332 51 
340 51 
354 51 
388 51 
444 51 
447 51 
558 51 
602 51 
696 51 
916 51 
938 51 
972 51 
987 51 
1 52 
2 52 
6 52 
9 52 
17 52 
31 52 
83 52 
92 52 
101 52 
112 52 
128 52 
142 52 
158 52 
175 52 
182 52 
190 52 
209 52 
214 52 
226 52 
235 52 
262 52 
323 52 
356 52 
357 52 
430 52 
605 52 
617 52 
633 52 
639 52 
660 52 
661 52 
724 52 
740 52 
785 52 
894 52 
900 52 
9 53 
10 53 
11 53 
39 53 
41 53 
43 53 
125 53 
199 53 
228 53 
311 53 
446 53 
574 53 
591 53 
594 53 
707 53 
784 53 
804 53 
915 53 
3 54 
4 54 
11 54 
14 54 
28 54 
40 54 
76 54 
126 54 
144 54 
165 54 
202 54 
358 54 
601 54 
653 54 
655 54 
726 54 
735 54 
959 54 
7 55 
18 55 
20 55 
22 55 
24 55 
38 55 
57 55 
71 55 
243 55 
253 55 
338 55 
475 55 
645 55 
648 55 
666 55 
748 55 
754 55 
964 55 
1 56 
5 56 
18 56 
21 56 
24 56 
58 56 
81 56 
101 56 
107 56 
129 56 
130 56 
146 56 
151 56 
201 56 
231 56 
257 56 
340 56 
412 56 
458 56 
490 56 
493 56 
507 56 
513 56 
522 56 
547 56 
577 56 
592 56 
598 56 
614 56 
685 56 
712 56 
734 56 
763 56 
771 56 
870 56 
943 56 
7 57 
22 57 
25 57 
32 57 
45 57 
55 57 
68 57 
71 57 
147 57 
184 57 
243 57 
246 57 
253 57 
263 57 
266 57 
287 57 
303 57 
338 57 
347 57 
446 57 
475 57 
604 57 
705 57 
796 57 
964 57 
1 58 
6 58 
13 58 
16 58 
24 58 
56 58 
73 58 
81 58 
141 58 
159 58 
184 58 
205 58 
323 58 
339 58 
387 58 
466 58 
567 58 
584 58 
595 58 
688 58 
700 58 
722 58 
978 58 
4 59 
9 59 
19 59 
30 59 
37 59 
39 59 
138 59 
152 59 
267 59 
285 59 
302 59 
643 59 
751 59 
2 60 
5 60 
12 60 
25 60 
30 60 
41 60 
76 60 
88 60 
275 60 
368 60 
369 60 
380 60 
411 60 
441 60 
452 60 
533 60 
904 60 
923 60 
936 60 
994 60 
3 61 
7 61 
11 61 
22 61 
37 61 
43 61 
105 61 
115 61 
172 61 
335 61 
351 61 
358 61 
648 61 
715 61 
775 61 
1 62 
2 62 
4 62 
11 62 
18 62 
36 62 
80 62 
146 62 
189 62 
213 62 
216 62 
220 62 
227 62 
307 62 
313 62 
316 62 
342 62 
392 62 
516 62 
834 62 
938 62 
3 63 
5 63 
18 63 
27 63 
38 63 
49 63 
70 63 
78 63 
96 63 
163 63 
201 63 
248 63 
301 63 
472 63 
595 63 
675 63 
683 63 
808 63 
877 63 
880 63 
2 64 
5 64 
8 64 
23 64 
33 64 
41 64 
391 64 
546 64 
847 64 
930 64 
932 64 
4 65 
5 65 
25 65 
29 65 
45 65 
69 65 
89 65 
95 65 
103 65 
133 65 
147 65 
182 65 
240 65 
258 65 
259 65 
279 65 
293 65 
296 65 
319 65 
321 65 
365 65 
370 65 
439 65 
440 65 
450 65 
589 65 
635 65 
718 65 
807 65 
892 65 
937 65 
1 66 
4 66 
5 66 
36 66 
103 66 
145 66 
384 66 
428 66 
572 66 
753 66 
815 66 
937 66 
3 67 
7 67 
14 67 
42 67 
43 67 
49 67 
194 67 
215 67 
494 67 
4 68 
7 68 
16 68 
22 68 
36 68 
57 68 
114 68 
117 68 
123 68 
126 68 
303 68 
315 68 
318 68 
409 68 
604 68 
690 68 
773 68 
836 68 
4 69 
5 69 
15 69 
46 69 
51 69 
65 69 
89 69 
91 69 
95 69 
103 69 
109 69 
133 69 
185 69 
206 69 
258 69 
282 69 
383 69 
402 69 
454 69 
480 69 
635 69 
649 69 
682 69 
696 69 
771 69 
801 69 
812 69 
869 69 
939 69 
2 70 
3 70 
18 70 
32 70 
49 70 
63 70 
84 70 
201 70 
208 70 
252 70 
265 70 
298 70 
302 70 
336 70 
460 70 
714 70 
795 70 
974 70 
3 71 
9 71 
19 71 
22 71 
55 71 
57 71 
75 71 
107 71 
108 71 
134 71 
148 71 
170 71 
189 71 
193 71 
251 71 
253 71 
263 71 
266 71 
304 71 
491 71 
499 71 
527 71 
555 71 
678 71 
748 71 
813 71 
828 71 
833 71 
906 71 
959 71 
967 71 
1 72 
3 72 
20 72 
38 72 
46 72 
73 72 
85 72 
144 72 
157 72 
233 72 
236 72 
250 72 
267 72 
270 72 
292 72 
300 72 
326 72 
373 72 
405 72 
410 72 
453 72 
463 72 
494 72 
534 72 
557 72 
587 72 
629 72 
664 72 
665 72 
672 72 
709 72 
735 72 
791 72 
794 72 
832 72 
839 72 
901 72 
913 72 
952 72 
3 73 
6 73 
13 73 
38 73 
58 73 
72 73 
74 73 
138 73 
141 73 
159 73 
200 73 
250 73 
286 73 
292 73 
338 73 
410 73 
494 73 
584 73 
664 73 
713 73 
774 73 
803 73 
805 73 
832 73 
905 73 
999 73 
3 74 
12 74 
22 74 
38 74 
73 74 
97 74 
106 74 
110 74 
138 74 
145 74 
214 74 
286 74 
429 74 
464 74 
483 74 
495 74 
539 74 
545 74 
551 74 
553 74 
584 74 
599 74 
611 74 
721 74 
752 74 
774 74 
854 74 
905 74 
929 74 
3 75 
5 75 
9 75 
11 75 
19 75 
71 75 
108 75 
134 75 
148 75 
170 75 
193 75 
197 75 
253 75 
344 75 
503 75 
628 75 
893 75 
960 75 
12 76 
28 76 
30 76 
40 76 
54 76 
60 76 
82 76 
102 76 
122 76 
127 76 
136 76 
196 76 
290 76 
295 76 
352 76 
379 76 
524 76 
622 76 
655 76 
872 76 
904 76 
936 76 
941 76 
946 76 
959 76 
992 76 
994 76 
1 77 
3 77 
6 77 
10 77 
15 77 
46 77 
120 77 
131 77 
312 77 
318 77 
345 77 
499 77 
510 77 
512 77 
568 77 
623 77 
653 77 
738 77 
802 77 
859 77 
899 77 
3 78 
9 78 
12 78 
27 78 
38 78 
63 78 
112 78 
163 78 
235 78 
248 78 
521 78 
564 78 
686 78 
739 78 
849 78 
866 78 
999 78 
6 79 
8 79 
10 79 
11 79 
26 79 
143 79 
171 79 
245 79 
327 79 
425 79 
787 79 
809 79 
1 80 
4 80 
13 80 
36 80 
46 80 
62 80 
99 80 
111 80 
121 80 
139 80 
189 80 
213 80 
269 80 
307 80 
433 80 
462 80 
596 80 
722 80 
738 80 
850 80 
879 80 
898 80 
1 81 
10 81 
26 81 
28 81 
56 81 
58 81 
153 81 
205 81 
337 81 
361 81 
688 81 
909 81 
5 82 
21 82 
27 82 
28 82 
40 82 
76 82 
102 82 
122 82 
136 82 
171 82 
204 82 
240 82 
276 82 
289 82 
290 82 
345 82 
350 82 
522 82 
530 82 
537 82 
576 82 
612 82 
633 82 
903 82 
2 83 
18 83 
31 83 
38 83 
42 83 
52 83 
92 83 
120 83 
161 83 
165 83 
225 83 
234 83 
261 83 
303 83 
342 83 
347 83 
356 83 
390 83 
401 83 
456 83 
537 83 
618 83 
642 83 
659 83 
661 83 
695 83 
766 83 
816 83 
826 83 
941 83 
2 84 
3 84 
6 84 
9 84 
12 84 
70 84 
94 84 
164 84 
166 84 
169 84 
173 84 
178 84 
208 84 
218 84 
223 84 
268 84 
280 84 
336 84 
377 84 
386 84 
438 84 
483 84 
579 84 
739 84 
769 84 
858 84 
866 84 
871 84 
3 85 
11 85 
19 85 
20 85 
46 85 
72 85 
87 85 
144 85 
157 85 
233 85 
236 85 
321 85 
324 85 
349 85 
360 85 
429 85 
474 85 
697 85 
700 85 
9 86 
27 86 
28 86 
37 86 
38 86 
45 86 
93 86 
94 86 
97 86 
104 86 
134 86 
456 86 
566 86 
588 86 
710 86 
729 86 
922 86 
993 86 
3 87 
8 87 
19 87 
20 87 
42 87 
85 87 
91 87 
173 87 
321 87 
365 87 
407 87 
439 87 
700 87 
718 87 
887 87 
1 88 
5 88 
20 88 
25 88 
60 88 
104 88 
122 88 
160 88 
251 88 
369 88 
411 88 
519 88 
533 88 
580 88 
641 88 
795 88 
825 88 
885 88 
5 89 
7 89 
8 89 
10 89 
65 89 
69 89 
103 89 
109 89 
124 89 
182 89 
212 89 
259 89 
279 89 
282 89 
295 89 
330 89 
411 89 
589 89 
650 89 
705 89 
764 89 
780 89 
876 89 
3 90 
6 90 
7 90 
16 90 
39 90 
113 90 
132 90 
190 90 
359 90 
529 90 
563 90 
668 90 
8 91 
20 91 
46 91 
51 91 
69 91 
87 91 
116 91 
156 91 
157 91 
173 91 
246 91 
407 91 
454 91 
457 91 
480 91 
489 91 
550 91 
680 91 
702 91 
801 91 
846 91 
903 91 
978 91 
2 92 
13 92 
28 92 
35 92 
52 92 
83 92 
101 92 
142 92 
161 92 
165 92 
181 92 
230 92 
233 92 
235 92 
356 92 
357 92 
401 92 
618 92 
633 92 
757 92 
3 93 
17 93 
28 93 
37 93 
48 93 
86 93 
104 93 
226 93 
238 93 
394 93 
729 93 
812 93 
933 93 
6 94 
12 94 
38 94 
45 94 
84 94 
86 94 
95 94 
134 94 
153 94 
173 94 
177 94 
259 94 
264 94 
268 94 
280 94 
289 94 
386 94 
566 94 
586 94 
616 94 
652 94 
654 94 
710 94 
733 94 
734 94 
777 94 
857 94 
925 94 
4 95 
6 95 
12 95 
65 95 
69 95 
94 95 
130 95 
147 95 
153 95 
177 95 
242 95 
258 95 
319 95 
368 95 
371 95 
455 95 
560 95 
733 95 
734 95 
807 95 
853 95 
961 95 
996 95 
2 96 
5 96 
25 96 
38 96 
41 96 
63 96 
263 96 
364 96 
390 96 
424 96 
595 96 
910 96 
9 97 
12 97 
22 97 
28 97 
74 97 
86 97 
98 97 
110 97 
183 97 
203 97 
219 97 
286 97 
291 97 
310 97 
353 97 
360 97 
379 97 
388 97 
404 97 
419 97 
429 97 
432 97 
467 97 
483 97 
495 97 
511 97 
582 97 
588 97 
603 97 
621 97 
630 97 
893 97 
993 97 
1 98 
9 98 
12 98 
22 98 
23 98 
97 98 
110 98 
149 98 
183 98 
208 98 
219 98 
272 98 
353 98 
419 98 
517 98 
555 98 
634 98 
851 98 
893 98 
913 98 
944 98 
12 99 
13 99 
22 99 
24 99 
46 99 
80 99 
111 99 
139 99 
140 99 
143 99 
154 99 
192 99 
285 99 
415 99 
433 99 
549 99 
596 99 
603 99 
664 99 
667 99 
722 99 
813 99 
901 99 
951 99 
966 99 
3 100 
6 100 
10 100 
36 100 
40 100 
50 100 
243 100 
369 100 
681 100 
750 100 
932 100 
2 101 
21 101 
24 101 
52 101 
56 101 
92 101 
142 101 
181 101 
191 101 
231 101 
241 101 
412 101 
430 101 
437 101 
577 101 
846 101 
881 101 
1 102 
2 102 
28 102 
36 102 
76 102 
82 102 
123 102 
127 102 
131 102 
136 102 
168 102 
171 102 
220 102 
524 102 
549 102 
557 102 
633 102 
702 102 
751 102 
858 102 
872 102 
992 102 
1 103 
5 103 
65 103 
66 103 
69 103 
89 103 
118 103 
133 103 
259 103 
282 103 
293 103 
299 103 
383 103 
384 103 
413 103 
453 103 
649 103 
650 103 
753 103 
783 103 
804 103 
844 103 
892 103 
979 103 
1 104 
20 104 
37 104 
86 104 
88 104 
93 104 
160 104 
297 104 
1 105 
3 105 
7 105 
15 105 
23 105 
61 105 
188 105 
265 105 
284 105 
288 105 
300 105 
330 105 
335 105 
410 105 
435 105 
479 105 
585 105 
648 105 
2 106 
3 106 
5 106 
12 106 
22 106 
74 106 
145 106 
198 106 
335 106 
451 106 
551 106 
611 106 
785 106 
790 106 
840 106 
3 107 
5 107 
9 107 
21 107 
56 107 
71 107 
129 107 
130 107 
151 107 
448 107 
458 107 
491 107 
522 107 
568 107 
613 107 
833 107 
842 107 
930 107 
3 108 
4 108 
9 108 
29 108 
71 108 
75 108 
170 108 
189 108 
210 108 
339 108 
346 108 
403 108 
471 108 
503 108 
555 108 
592 108 
628 108 
677 108 
678 108 
816 108 
897 108 
960 108 
5 109 
8 109 
10 109 
69 109 
89 109 
124 109 
129 109 
330 109 
411 109 
682 109 
705 109 
876 109 
923 109 
931 109 
1 110 
22 110 
23 110 
74 110 
97 110 
98 110 
149 110 
168 110 
188 110 
247 110 
286 110 
291 110 
310 110 
388 110 
458 110 
467 110 
469 110 
511 110 
569 110 
582 110 
763 110 
803 110 
832 110 
933 110 
977 110 
2 111 
7 111 
30 111 
46 111 
80 111 
99 111 
121 111 
132 111 
139 111 
143 111 
162 111 
269 111 
283 111 
285 111 
432 111 
459 111 
492 111 
496 111 
549 111 
606 111 
636 111 
924 111 
2 112 
3 112 
12 112 
17 112 
52 112 
78 112 
158 112 
207 112 
235 112 
309 112 
442 112 
881 112 
9 113 
16 113 
37 113 
39 113 
43 113 
90 113 
132 113 
359 113 
540 113 
550 113 
563 113 
609 113 
727 113 
783 113 
961 113 
962 113 
4 114 
6 114 
16 114 
27 114 
45 114 
68 114 
119 114 
123 114 
150 114 
169 114 
186 114 
271 114 
363 114 
382 114 
409 114 
427 114 
484 114 
505 114 
535 114 
597 114 
615 114 
729 114 
773 114 
778 114 
833 114 
989 114 
6 115 
13 115 
18 115 
37 115 
43 115 
61 115 
137 115 
217 115 
222 115 
417 115 
606 115 
626 115 
681 115 
725 115 
800 115 
811 115 
925 115 
940 115 
954 115 
8 116 
9 116 
15 116 
20 116 
23 116 
91 116 
156 116 
175 116 
212 116 
291 116 
405 116 
454 116 
504 116 
530 116 
536 116 
550 116 
567 116 
671 116 
686 116 
730 116 
749 116 
810 116 
818 116 
835 116 
905 116 
2 117 
4 117 
7 117 
22 117 
25 117 
68 117 
126 117 
222 117 
260 117 
311 117 
315 117 
495 117 
561 117 
611 117 
836 117 
995 117 
1 118 
5 118 
20 118 
42 118 
46 118 
103 118 
121 118 
242 118 
260 118 
299 118 
371 118 
413 118 
797 118 
804 118 
990 118 
11 119 
13 119 
27 119 
33 119 
45 119 
114 119 
167 119 
195 119 
210 119 
218 119 
256 119 
306 119 
356 119 
359 119 
375 119 
401 119 
488 119 
526 119 
529 119 
690 119 
704 119 
717 119 
723 119 
724 119 
729 119 
741 119 
787 119 
880 119 
944 119 
950 119 
3 120 
6 120 
18 120 
42 120 
77 120 
83 120 
166 120 
312 120 
631 120 
653 120 
789 120 
814 120 
829 120 
20 121 
46 121 
80 121 
111 121 
118 121 
132 121 
242 121 
269 121 
281 121 
459 121 
462 121 
542 121 
843 121 
1 122 
25 122 
40 122 
76 122 
82 122 
88 122 
251 122 
269 122 
284 122 
580 122 
641 122 
795 122 
852 122 
903 122 
2 123 
16 123 
36 123 
68 123 
102 123 
114 123 
131 123 
162 123 
176 123 
254 123 
273 123 
409 123 
1 124 
5 124 
13 124 
33 124 
89 124 
109 124 
186 124 
330 124 
399 124 
450 124 
912 124 
9 125 
11 125 
12 125 
48 125 
50 125 
53 125 
154 125 
174 125 
177 125 
250 125 
261 125 
305 125 
313 125 
329 125 
564 125 
646 125 
744 125 
776 125 
7 126 
11 126 
40 126 
54 126 
68 126 
117 126 
159 126 
165 126 
202 126 
236 126 
315 126 
474 126 
518 126 
1 127 
23 127 
28 127 
33 127 
76 127 
102 127 
196 127 
320 127 
372 127 
385 127 
570 127 
872 127 
909 127 
1 128 
6 128 
9 128 
38 128 
45 128 
52 128 
158 128 
175 128 
207 128 
226 128 
333 128 
515 128 
534 128 
824 128 
874 128 
8 129 
10 129 
21 129 
56 129 
107 129 
109 129 
130 129 
146 129 
201 129 
340 129 
385 129 
451 129 
527 129 
568 129 
613 129 
680 129 
682 129 
712 129 
761 129 
930 129 
943 129 
6 130 
12 130 
56 130 
95 130 
107 130 
129 130 
156 130 
201 130 
242 130 
257 130 
522 130 
568 130 
580 130 
853 130 
1 131 
2 131 
46 131 
77 131 
102 131 
123 131 
183 131 
254 131 
273 131 
314 131 
406 131 
501 131 
874 131 
906 131 
16 132 
46 132 
90 132 
111 132 
113 132 
121 132 
162 132 
437 132 
442 132 
459 132 
492 132 
572 132 
668 132 
4 133 
26 133 
30 133 
65 133 
69 133 
103 133 
273 133 
383 133 
661 133 
744 133 
783 133 
892 133 
19 134 
45 134 
71 134 
75 134 
86 134 
94 134 
148 134 
304 134 
813 134 
828 134 
906 134 
922 134 
1 135 
4 135 
5 135 
13 135 
46 135 
51 135 
224 135 
244 135 
278 135 
288 135 
306 135 
350 135 
388 135 
436 135 
514 135 
772 135 
799 135 
949 135 
970 135 
13 136 
18 136 
35 136 
76 136 
82 136 
102 136 
149 136 
192 136 
290 136 
332 136 
345 136 
352 136 
386 136 
392 136 
440 136 
524 136 
573 136 
608 136 
675 136 
919 136 
927 136 
12 137 
17 137 
37 137 
43 137 
50 137 
115 137 
152 137 
217 137 
258 137 
366 137 
373 137 
462 137 
511 137 
606 137 
737 137 
3 138 
9 138 
37 138 
59 138 
73 138 
74 138 
200 138 
285 138 
304 138 
497 138 
581 138 
584 138 
643 138 
805 138 
926 138 
5 139 
6 139 
38 139 
80 139 
99 139 
111 139 
143 139 
154 139 
178 139 
192 139 
241 139 
382 139 
473 139 
596 139 
667 139 
720 139 
12 140 
24 140 
26 140 
30 140 
31 140 
99 140 
712 140 
13 141 
18 141 
42 141 
49 141 
58 141 
73 141 
274 141 
310 141 
339 141 
387 141 
523 141 
539 141 
541 141 
593 141 
685 141 
863 141 
888 141 
958 141 
29 142 
30 142 
31 142 
52 142 
92 142 
101 142 
181 142 
191 142 
235 142 
272 142 
275 142 
337 142 
418 142 
430 142 
437 142 
447 142 
506 142 
548 142 
574 142 
610 142 
688 142 
723 142 
819 142 
11 143 
26 143 
79 143 
99 143 
111 143 
139 143 
154 143 
171 143 
211 143 
241 143 
256 143 
285 143 
415 143 
480 143 
518 143 
641 143 
787 143 
924 143 
974 143 
11 144 
28 144 
46 144 
54 144 
72 144 
85 144 
233 144 
267 144 
349 144 
393 144 
408 144 
427 144 
449 144 
598 144 
601 144 
694 144 
727 144 
786 144 
853 144 
862 144 
943 144 
3 145 
4 145 
5 145 
66 145 
74 145 
106 145 
464 145 
597 145 
599 145 
611 145 
618 145 
642 145 
854 145 
1 146 
11 146 
21 146 
56 146 
62 146 
129 146 
220 146 
294 146 
313 146 
392 146 
991 146 
4 147 
25 147 
45 147 
57 147 
65 147 
95 147 
184 147 
194 147 
197 147 
246 147 
319 147 
321 147 
376 147 
406 147 
430 147 
446 147 
508 147 
563 147 
599 147 
708 147 
728 147 
796 147 
806 147 
848 147 
867 147 
920 147 
964 147 
996 147 
5 148 
26 148 
28 148 
71 148 
75 148 
134 148 
195 148 
231 148 
400 148 
468 148 
508 148 
779 148 
813 148 
13 149 
23 149 
35 149 
98 149 
110 149 
136 149 
168 149 
188 149 
320 149 
332 149 
386 149 
392 149 
404 149 
573 149 
616 149 
631 149 
634 149 
677 149 
907 149 
933 149 
6 150 
10 150 
17 150 
45 150 
114 150 
163 150 
169 150 
186 150 
211 150 
223 150 
266 150 
293 150 
319 150 
351 150 
352 150 
361 150 
362 150 
367 150 
381 150 
403 150 
426 150 
466 150 
486 150 
515 150 
569 150 
614 150 
657 150 
699 150 
754 150 
788 150 
838 150 
851 150 
936 150 
953 150 
3 151 
5 151 
20 151 
47 151 
56 151 
107 151 
160 151 
229 151 
380 151 
436 151 
448 151 
458 151 
493 151 
4 152 
12 152 
30 152 
50 152 
59 152 
137 152 
249 152 
302 152 
322 152 
462 152 
620 152 
625 152 
683 152 
730 152 
737 152 
10 153 
12 153 
26 153 
81 153 
94 153 
95 153 
177 153 
264 153 
368 153 
371 153 
560 153 
616 153 
772 153 
849 153 
875 153 
961 153 
12 154 
48 154 
99 154 
125 154 
139 154 
143 154 
177 154 
192 154 
225 154 
241 154 
250 154 
305 154 
382 154 
455 154 
548 154 
603 154 
667 154 
728 154 
855 154 
862 154 
921 154 
3 155 
4 155 
7 155 
31 155 
32 155 
49 155 
164 155 
185 155 
239 155 
348 155 
362 155 
366 155 
376 155 
395 155 
397 155 
399 155 
416 155 
421 155 
460 155 
477 155 
512 155 
540 155 
649 155 
691 155 
784 155 
802 155 
830 155 
934 155 
986 155 
992 155 
6 156 
12 156 
20 156 
91 156 
116 156 
130 156 
175 156 
246 156 
308 156 
416 156 
454 156 
489 156 
530 156 
536 156 
580 156 
583 156 
655 156 
671 156 
835 156 
20 157 
46 157 
51 157 
72 157 
85 157 
91 157 
236 157 
457 157 
474 157 
602 157 
680 157 
720 157 
794 157 
846 157 
1 158 
2 158 
52 158 
112 158 
128 158 
175 158 
207 158 
255 158 
333 158 
397 158 
445 158 
605 158 
617 158 
619 158 
740 158 
896 158 
975 158 
6 159 
11 159 
40 159 
58 159 
73 159 
126 159 
236 159 
20 160 
47 160 
88 160 
104 160 
151 160 
627 160 
2 161 
6 161 
8 161 
16 161 
83 161 
92 161 
165 161 
357 161 
468 161 
537 161 
659 161 
758 161 
767 161 
793 161 
2 162 
36 162 
46 162 
111 162 
123 162 
132 162 
176 162 
283 162 
437 162 
441 162 
609 162 
835 162 
876 162 
10 163 
17 163 
38 163 
63 163 
78 163 
150 163 
293 163 
471 163 
472 163 
564 163 
569 163 
855 163 
1000 163 
6 164 
9 164 
32 164 
49 164 
84 164 
155 164 
169 164 
180 164 
185 164 
202 164 
223 164 
234 164 
239 164 
277 164 
336 164 
366 164 
397 164 
460 164 
666 164 
673 164 
739 164 
762 164 
858 164 
866 164 
952 164 
953 164 
11 165 
54 165 
83 165 
92 165 
126 165 
161 165 
202 165 
358 165 
401 165 
474 165 
562 165 
651 165 
653 165 
659 165 
3 166 
6 166 
9 166 
12 166 
84 166 
120 166 
277 166 
283 166 
309 166 
407 166 
443 166 
473 166 
624 166 
769 166 
789 166 
792 166 
861 166 
871 166 
947 166 
3 167 
11 167 
13 167 
15 167 
119 167 
195 167 
375 167 
529 167 
779 167 
927 167 
931 167 
966 167 
1 168 
23 168 
36 168 
102 168 
110 168 
149 168 
188 168 
247 168 
329 168 
404 168 
419 168 
458 168 
531 168 
677 168 
763 168 
6 169 
84 169 
114 169 
150 169 
164 169 
186 169 
223 169 
324 169 
361 169 
363 169 
483 169 
704 169 
782 169 
799 169 
838 169 
864 169 
953 169 
3 170 
12 170 
48 170 
71 170 
75 170 
108 170 
193 170 
203 170 
255 170 
503 170 
555 170 
592 170 
652 170 
657 170 
742 170 
816 170 
823 170 
878 170 
26 171 
28 171 
79 171 
82 171 
102 171 
143 171 
211 171 
350 171 
522 171 
557 171 
633 171 
736 171 
780 171 
787 171 
793 171 
885 171 
6 172 
8 172 
11 172 
19 172 
43 172 
61 172 
187 172 
325 172 
351 172 
354 172 
500 172 
506 172 
554 172 
589 172 
753 172 
775 172 
865 172 
965 172 
981 172 
984 172 
6 173 
20 173 
84 173 
87 173 
91 173 
94 173 
178 173 
259 173 
268 173 
579 173 
586 173 
11 174 
37 174 
40 174 
48 174 
50 174 
125 174 
180 174 
261 174 
278 174 
328 174 
334 174 
398 174 
510 174 
520 174 
605 174 
744 174 
776 174 
822 174 
831 174 
865 174 
908 174 
20 175 
52 175 
116 175 
128 175 
156 175 
158 175 
212 175 
226 175 
671 175 
697 175 
824 175 
874 175 
908 175 
965 175 
2 176 
9 176 
28 176 
35 176 
123 176 
162 176 
348 176 
748 176 
755 176 
807 176 
915 176 
48 177 
94 177 
95 177 
125 177 
153 177 
154 177 
368 177 
455 177 
520 177 
646 177 
734 177 
811 177 
6 178 
38 178 
84 178 
139 178 
173 178 
377 178 
383 178 
434 178 
459 178 
579 178 
828 178 
2 179 
12 179 
17 179 
26 179 
29 179 
44 179 
497 179 
761 179 
982 179 
6 180 
9 180 
48 180 
50 180 
164 180 
174 180 
278 180 
6 181 
16 181 
36 181 
92 181 
101 181 
142 181 
191 181 
241 181 
447 181 
644 181 
684 181 
743 181 
767 181 
846 181 
878 181 
1 182 
5 182 
6 182 
52 182 
65 182 
89 182 
190 182 
209 182 
228 182 
276 182 
279 182 
295 182 
357 182 
420 182 
472 182 
475 182 
581 182 
615 182 
639 182 
780 182 
894 182 
917 182 
1 183 
12 183 
46 183 
97 183 
98 183 
131 183 
216 183 
272 183 
343 183 
381 183 
419 183 
484 183 
555 183 
603 183 
630 183 
669 183 
913 183 
6 184 
16 184 
45 184 
57 184 
58 184 
147 184 
376 184 
406 184 
796 184 
15 185 
49 185 
51 185 
69 185 
155 185 
164 185 
234 185 
239 185 
270 185 
332 185 
447 185 
666 185 
696 185 
935 185 
939 185 
13 186 
33 186 
114 186 
124 186 
150 186 
169 186 
223 186 
324 186 
351 186 
352 186 
363 186 
378 186 
450 186 
505 186 
583 186 
704 186 
782 186 
799 186 
890 186 
942 186 
2 187 
6 187 
8 187 
14 187 
22 187 
172 187 
268 187 
538 187 
753 187 
845 187 
981 187 
983 187 
3 188 
7 188 
105 188 
110 188 
149 188 
168 188 
247 188 
288 188 
329 188 
404 188 
410 188 
419 188 
435 188 
631 188 
646 188 
933 188 
4 189 
9 189 
62 189 
71 189 
80 189 
108 189 
213 189 
227 189 
251 189 
339 189 
433 189 
542 189 
668 189 
678 189 
732 189 
938 189 
957 189 
968 189 
1 190 
6 190 
16 190 
52 190 
90 190 
182 190 
214 190 
357 190 
529 190 
815 190 
982 190 
1 191 
5 191 
14 191 
101 191 
142 191 
181 191 
241 191 
437 191 
447 191 
544 191 
684 191 
688 191 
707 191 
759 191 
819 191 
969 191 
13 192 
18 192 
99 192 
136 192 
139 192 
154 192 
440 192 
603 192 
7 193 
12 193 
24 193 
71 193 
75 193 
170 193 
217 193 
253 193 
280 193 
639 193 
663 193 
689 193 
893 193 
988 193 
7 194 
14 194 
25 194 
45 194 
67 194 
147 194 
197 194 
213 194 
430 194 
461 194 
701 194 
708 194 
768 194 
921 194 
977 194 
5 195 
13 195 
28 195 
119 195 
148 195 
167 195 
210 195 
231 195 
341 195 
375 195 
400 195 
479 195 
546 195 
590 195 
779 195 
829 195 
880 195 
912 195 
944 195 
1 196 
5 196 
25 196 
28 196 
76 196 
127 196 
295 196 
320 196 
421 196 
519 196 
692 196 
869 196 
3 197 
5 197 
25 197 
75 197 
147 197 
194 197 
213 197 
245 197 
344 197 
346 197 
430 197 
461 197 
714 197 
747 197 
770 197 
789 197 
806 197 
928 197 
964 197 
977 197 
2 198 
5 198 
10 198 
28 198 
106 198 
205 198 
451 198 
524 198 
796 198 
890 198 
4 199 
8 199 
29 199 
39 199 
41 199 
53 199 
228 199 
311 199 
645 199 
662 199 
850 199 
915 199 
962 199 
3 200 
5 200 
10 200 
13 200 
73 200 
138 200 
418 200 
491 200 
545 200 
559 200 
803 200 
805 200 
999 200 
18 201 
56 201 
63 201 
70 201 
129 201 
130 201 
257 201 
298 201 
340 201 
385 201 
460 201 
507 201 
680 201 
685 201 
32 202 
49 202 
54 202 
126 202 
164 202 
165 202 
237 202 
358 202 
535 202 
713 202 
762 202 
914 202 
3 203 
9 203 
28 203 
48 203 
97 203 
170 203 
255 203 
271 203 
432 203 
558 203 
582 203 
657 203 
742 203 
898 203 
6 204 
18 204 
21 204 
28 204 
40 204 
82 204 
227 204 
282 204 
415 204 
481 204 
530 204 
1 205 
5 205 
28 205 
58 205 
81 205 
198 205 
361 205 
595 205 
688 205 
796 205 
890 205 
909 205 
978 205 
2 206 
15 206 
32 206 
46 206 
49 206 
69 206 
221 206 
274 206 
287 206 
296 206 
333 206 
402 206 
844 206 
970 206 
1 207 
2 207 
17 207 
112 207 
128 207 
158 207 
255 207 
309 207 
333 207 
397 207 
445 207 
464 207 
476 207 
503 207 
534 207 
560 207 
565 207 
654 207 
658 207 
684 207 
731 207 
814 207 
896 207 
935 207 
969 207 
973 207 
1 208 
2 208 
9 208 
70 208 
84 208 
98 208 
218 208 
252 208 
316 208 
336 208 
498 208 
507 208 
517 208 
693 208 
847 208 
2 209 
6 209 
31 209 
49 209 
52 209 
182 209 
228 209 
262 209 
343 209 
393 209 
420 209 
581 209 
639 209 
640 209 
647 209 
692 209 
801 209 
886 209 
976 209 
3 210 
13 210 
29 210 
108 210 
119 210 
195 210 
218 210 
403 210 
420 210 
546 210 
578 210 
590 210 
775 210 
871 210 
873 210 
880 210 
6 211 
10 211 
26 211 
143 211 
150 211 
171 211 
256 211 
266 211 
279 211 
403 211 
518 211 
528 211 
532 211 
627 211 
797 211 
974 211 
7 212 
8 212 
20 212 
89 212 
116 212 
175 212 
697 212 
908 212 
25 213 
62 213 
80 213 
189 213 
194 213 
197 213 
227 213 
433 213 
461 213 
714 213 
768 213 
770 213 
834 213 
850 213 
957 213 
973 213 
1 214 
3 214 
22 214 
52 214 
74 214 
190 214 
262 214 
593 214 
660 214 
770 214 
815 214 
8 215 
14 215 
26 215 
43 215 
44 215 
67 215 
502 215 
1 216 
2 216 
36 216 
46 216 
62 216 
183 216 
229 216 
316 216 
342 216 
343 216 
384 216 
516 216 
632 216 
656 216 
669 216 
786 216 
7 217 
12 217 
37 217 
115 217 
137 217 
193 217 
258 217 
280 217 
301 217 
317 217 
422 217 
438 217 
639 217 
674 217 
681 217 
2 218 
13 218 
84 218 
119 218 
208 218 
210 218 
401 218 
498 218 
505 218 
9 219 
22 219 
23 219 
97 219 
98 219 
254 219 
257 219 
353 219 
360 219 
851 219 
1 220 
2 220 
62 220 
102 220 
146 220 
313 220 
549 220 
991 220 
1 221 
2 221 
11 221 
33 221 
49 221 
206 221 
274 221 
296 221 
349 221 
394 221 
538 221 
619 221 
638 221 
716 221 
737 221 
2 222 
4 222 
13 222 
18 222 
115 222 
117 222 
260 222 
311 222 
417 222 
561 222 
84 223 
150 223 
164 223 
169 223 
186 223 
324 223 
336 223 
351 223 
361 223 
381 223 
438 223 
483 223 
942 223 
953 223 
5 224 
20 224 
25 224 
46 224 
51 224 
135 224 
244 224 
444 224 
514 224 
949 224 
970 224 
12 225 
38 225 
42 225 
48 225 
83 225 
154 225 
234 225 
303 225 
342 225 
391 225 
417 225 
423 225 
456 225 
485 225 
548 225 
552 225 
600 225 
728 225 
826 225 
831 225 
862 225 
891 225 
921 225 
3 226 
17 226 
52 226 
93 226 
128 226 
175 226 
238 226 
244 226 
394 226 
482 226 
576 226 
824 226 
965 226 
995 226 
28 227 
40 227 
62 227 
189 227 
204 227 
213 227 
282 227 
834 227 
6 228 
41 228 
53 228 
182 228 
199 228 
209 228 
311 228 
420 228 
446 228 
472 228 
574 228 
647 228 
662 228 
692 228 
694 228 
784 228 
883 228 
918 228 
962 228 
976 228 
2 229 
3 229 
36 229 
47 229 
151 229 
216 229 
436 229 
488 229 
6 230 
27 230 
28 230 
35 230 
51 230 
92 230 
482 230 
948 230 
24 231 
28 231 
56 231 
101 231 
148 231 
195 231 
341 231 
468 231 
577 231 
607 231 
637 231 
779 231 
881 231 
4 232 
7 232 
10 232 
14 232 
17 232 
43 232 
247 232 
292 232 
426 232 
492 232 
541 232 
670 232 
13 233 
28 233 
72 233 
85 233 
92 233 
144 233 
267 233 
297 233 
300 233 
326 233 
427 233 
444 233 
448 233 
502 233 
557 233 
578 233 
665 233 
672 233 
778 233 
853 233 
38 234 
49 234 
83 234 
164 234 
185 234 
225 234 
277 234 
342 234 
423 234 
485 234 
552 234 
673 234 
822 234 
831 234 
891 234 
952 234 
12 235 
52 235 
78 235 
92 235 
112 235 
142 235 
248 235 
633 235 
868 235 
11 236 
72 236 
85 236 
126 236 
157 236 
159 236 
474 236 
518 236 
794 236 
9 237 
13 237 
32 237 
35 237 
49 237 
202 237 
249 237 
481 237 
535 237 
571 237 
634 237 
713 237 
914 237 
13 238 
15 238 
17 238 
51 238 
93 238 
226 238 
239 238 
244 238 
307 238 
327 238 
396 238 
886 238 
15 239 
51 239 
155 239 
164 239 
185 239 
238 239 
307 239 
327 239 
340 239 
354 239 
396 239 
460 239 
512 239 
666 239 
935 239 
4 240 
5 240 
25 240 
27 240 
65 240 
82 240 
289 240 
296 240 
440 240 
607 240 
101 241 
139 241 
143 241 
154 241 
181 241 
191 241 
382 241 
684 241 
759 241 
846 241 
969 241 
983 241 
12 242 
20 242 
95 242 
118 242 
121 242 
130 242 
281 242 
542 242 
747 242 
853 242 
6 243 
7 243 
36 243 
55 243 
57 243 
100 243 
338 243 
705 243 
17 244 
51 244 
135 244 
224 244 
226 244 
238 244 
288 244 
514 244 
938 244 
3 245 
5 245 
8 245 
10 245 
79 245 
197 245 
328 245 
346 245 
632 245 
809 245 
20 246 
25 246 
57 246 
91 246 
147 246 
156 246 
308 246 
446 246 
489 246 
508 246 
509 246 
563 246 
691 246 
824 246 
903 246 
978 246 
4 247 
43 247 
110 247 
168 247 
188 247 
232 247 
329 247 
426 247 
492 247 
531 247 
610 247 
830 247 
12 248 
27 248 
63 248 
78 248 
235 248 
868 248 
999 248 
9 249 
12 249 
13 249 
50 249 
152 249 
237 249 
344 249 
516 249 
573 249 
730 249 
765 249 
12 250 
38 250 
72 250 
73 250 
125 250 
154 250 
305 250 
313 250 
329 250 
410 250 
455 250 
523 250 
575 250 
733 250 
826 250 
911 250 
928 250 
1 251 
9 251 
71 251 
88 251 
122 251 
189 251 
795 251 
885 251 
2 252 
14 252 
21 252 
70 252 
208 252 
302 252 
308 252 
331 252 
374 252 
640 252 
699 252 
731 252 
745 252 
823 252 
838 252 
55 253 
57 253 
71 253 
75 253 
193 253 
263 253 
748 253 
893 253 
959 253 
2 254 
9 254 
23 254 
123 254 
131 254 
219 254 
257 254 
273 254 
314 254 
406 254 
501 254 
561 254 
587 254 
798 254 
820 254 
874 254 
1 255 
3 255 
158 255 
170 255 
203 255 
207 255 
397 255 
565 255 
575 255 
652 255 
726 255 
13 256 
26 256 
33 256 
119 256 
143 256 
211 256 
359 256 
518 256 
627 256 
704 256 
717 256 
882 256 
9 257 
56 257 
130 257 
201 257 
219 257 
254 257 
507 257 
614 257 
798 257 
37 258 
65 258 
69 258 
95 258 
137 258 
217 258 
422 258 
635 258 
807 258 
6 259 
65 259 
89 259 
94 259 
103 259 
173 259 
293 259 
450 259 
589 259 
650 259 
652 259 
654 259 
718 259 
857 259 
937 259 
951 259 
2 260 
20 260 
42 260 
117 260 
118 260 
222 260 
371 260 
395 260 
487 260 
504 260 
561 260 
562 260 
990 260 
18 261 
38 261 
50 261 
83 261 
125 261 
174 261 
328 261 
485 261 
642 261 
744 261 
3 262 
6 262 
22 262 
52 262 
209 262 
214 262 
323 262 
593 262 
770 262 
2 263 
25 263 
57 263 
71 263 
96 263 
253 263 
364 263 
390 263 
889 263 
942 263 
959 263 
1 264 
8 264 
12 264 
33 264 
94 264 
153 264 
289 264 
616 264 
698 264 
710 264 
1 265 
2 265 
15 265 
32 265 
70 265 
105 265 
284 265 
300 265 
389 265 
465 265 
979 265 
6 266 
22 266 
57 266 
71 266 
150 266 
211 266 
287 266 
319 266 
412 266 
478 266 
496 266 
528 266 
532 266 
544 266 
781 266 
851 266 
934 266 
30 267 
39 267 
59 267 
72 267 
144 267 
233 267 
300 267 
427 267 
435 267 
444 267 
502 267 
578 267 
778 267 
834 267 
6 268 
8 268 
84 268 
94 268 
173 268 
187 268 
280 268 
586 268 
1 269 
25 269 
80 269 
111 269 
121 269 
122 269 
284 269 
377 269 
462 269 
476 269 
579 269 
600 269 
843 269 
987 269 
1 270 
15 270 
20 270 
51 270 
72 270 
185 270 
332 270 
3 271 
4 271 
16 271 
48 271 
114 271 
203 271 
363 271 
427 271 
558 271 
673 271 
740 271 
12 272 
30 272 
31 272 
98 272 
142 272 
183 272 
312 272 
414 272 
418 272 
431 272 
555 272 
574 272 
610 272 
944 272 
4 273 
30 273 
123 273 
131 273 
133 273 
254 273 
498 273 
874 273 
2 274 
18 274 
42 274 
141 274 
206 274 
221 274 
296 274 
310 274 
333 274 
374 274 
523 274 
591 274 
593 274 
619 274 
638 274 
819 274 
859 274 
2 275 
29 275 
30 275 
31 275 
60 275 
142 275 
337 275 
380 275 
548 275 
559 275 
679 275 
820 275 
1 276 
5 276 
6 276 
21 276 
82 276 
182 276 
353 276 
475 276 
489 276 
612 276 
749 276 
9 277 
12 277 
49 277 
164 277 
166 277 
234 277 
309 277 
407 277 
673 277 
822 277 
899 277 
13 278 
48 278 
51 278 
135 278 
174 278 
180 278 
388 278 
831 278 
865 278 
6 279 
10 279 
65 279 
89 279 
182 279 
211 279 
295 279 
764 279 
12 280 
84 280 
94 280 
193 280 
217 280 
268 280 
301 280 
386 280 
663 280 
988 280 
20 281 
26 281 
29 281 
31 281 
121 281 
242 281 
542 281 
747 281 
28 282 
69 282 
89 282 
103 282 
204 282 
227 282 
649 282 
682 282 
3 283 
6 283 
46 283 
111 283 
162 283 
166 283 
443 283 
528 283 
565 283 
570 283 
670 283 
835 283 
876 283 
1 284 
25 284 
105 284 
122 284 
265 284 
269 284 
330 284 
377 284 
579 284 
600 284 
852 284 
987 284 
37 285 
59 285 
99 285 
111 285 
138 285 
143 285 
304 285 
415 285 
497 285 
532 285 
641 285 
669 285 
781 285 
924 285 
38 286 
73 286 
74 286 
97 286 
110 286 
291 286 
429 286 
539 286 
752 286 
774 286 
918 286 
15 287 
22 287 
46 287 
57 287 
206 287 
266 287 
412 287 
413 287 
665 287 
827 287 
3 288 
51 288 
105 288 
135 288 
188 288 
244 288 
435 288 
938 288 
5 289 
12 289 
82 289 
94 289 
240 289 
264 289 
698 289 
1 290 
42 290 
46 290 
76 290 
82 290 
136 290 
345 290 
352 290 
375 290 
379 290 
566 290 
622 290 
914 290 
1000 290 
9 291 
23 291 
97 291 
110 291 
116 291 
286 291 
310 291 
405 291 
547 291 
3 292 
4 292 
14 292 
72 292 
73 292 
232 292 
338 292 
494 292 
709 292 
713 292 
976 292 
10 293 
65 293 
103 293 
150 293 
163 293 
259 293 
362 293 
450 293 
490 293 
754 293 
788 293 
855 293 
1 294 
11 294 
21 294 
27 294 
51 294 
146 294 
28 295 
76 295 
89 295 
182 295 
196 295 
279 295 
764 295 
780 295 
946 295 
4 296 
65 296 
206 296 
221 296 
240 296 
274 296 
333 296 
440 296 
844 296 
1 297 
13 297 
20 297 
28 297 
104 297 
233 297 
305 297 
448 297 
478 297 
7 298 
12 298 
18 298 
30 298 
70 298 
201 298 
389 298 
460 298 
821 298 
974 298 
991 298 
5 299 
10 299 
13 299 
16 299 
103 299 
118 299 
413 299 
979 299 
990 299 
15 300 
72 300 
105 300 
233 300 
265 300 
267 300 
326 300 
373 300 
585 300 
735 300 
778 300 
3 301 
12 301 
18 301 
63 301 
217 301 
280 301 
675 301 
2 302 
30 302 
59 302 
70 302 
152 302 
252 302 
374 302 
620 302 
625 302 
683 302 
714 302 
7 303 
42 303 
57 303 
68 303 
83 303 
225 303 
604 303 
826 303 
19 304 
37 304 
71 304 
134 304 
138 304 
285 304 
497 304 
499 304 
532 304 
581 304 
669 304 
902 304 
13 305 
28 305 
125 305 
154 305 
250 305 
297 305 
329 305 
455 305 
478 305 
523 305 
1 306 
5 306 
11 306 
33 306 
119 306 
135 306 
341 306 
356 306 
723 306 
724 306 
950 306 
36 307 
51 307 
62 307 
80 307 
238 307 
239 307 
327 307 
340 307 
879 307 
916 307 
987 307 
2 308 
20 308 
21 308 
156 308 
246 308 
252 308 
509 308 
583 308 
629 308 
640 308 
706 308 
721 308 
824 308 
9 309 
17 309 
112 309 
166 309 
207 309 
277 309 
442 309 
473 309 
624 309 
881 309 
947 309 
18 310 
97 310 
110 310 
141 310 
274 310 
291 310 
374 310 
511 310 
521 310 
523 310 
591 310 
837 310 
4 311 
53 311 
117 311 
199 311 
222 311 
228 311 
574 311 
694 311 
707 311 
804 311 
954 311 
962 311 
6 312 
30 312 
31 312 
77 312 
120 312 
272 312 
414 312 
431 312 
499 312 
623 312 
631 312 
653 312 
658 312 
738 312 
814 312 
12 313 
62 313 
125 313 
146 313 
220 313 
250 313 
575 313 
911 313 
2 314 
4 314 
34 314 
131 314 
254 314 
378 314 
400 314 
406 314 
561 314 
587 314 
608 314 
906 314 
949 314 
4 315 
32 315 
45 315 
68 315 
117 315 
126 315 
643 315 
836 315 
995 315 
1 316 
9 316 
36 316 
62 316 
208 316 
216 316 
507 316 
516 316 
656 316 
693 316 
7 317 
9 317 
12 317 
19 317 
27 317 
217 317 
367 317 
438 317 
500 317 
543 317 
622 317 
776 317 
818 317 
998 317 
6 318 
10 318 
16 318 
36 318 
68 318 
77 318 
398 318 
510 318 
690 318 
758 318 
859 318 
6 319 
65 319 
95 319 
147 319 
150 319 
266 319 
321 319 
496 319 
614 319 
719 319 
781 319 
851 319 
13 320 
28 320 
35 320 
127 320 
149 320 
196 320 
372 320 
385 320 
971 320 
3 321 
65 321 
85 321 
87 321 
147 321 
319 321 
365 321 
2 322 
4 322 
7 322 
30 322 
152 322 
414 322 
424 322 
445 322 
457 322 
698 322 
703 322 
872 322 
6 323 
13 323 
16 323 
52 323 
58 323 
262 323 
700 323 
722 323 
889 323 
3 324 
11 324 
85 324 
169 324 
186 324 
223 324 
326 324 
604 324 
715 324 
760 324 
942 324 
4 325 
8 325 
19 325 
29 325 
39 325 
172 325 
354 325 
364 325 
422 325 
463 325 
467 325 
3 326 
11 326 
72 326 
233 326 
300 326 
324 326 
373 326 
405 326 
534 326 
557 326 
604 326 
760 326 
860 326 
10 327 
26 327 
79 327 
238 327 
239 327 
307 327 
396 327 
425 327 
469 327 
886 327 
8 328 
10 328 
50 328 
174 328 
245 328 
261 328 
485 328 
520 328 
605 328 
628 328 
968 328 
125 329 
168 329 
188 329 
247 329 
250 329 
305 329 
419 329 
523 329 
531 329 
646 329 
830 329 
928 329 
1 330 
89 330 
105 330 
109 330 
124 330 
284 330 
411 330 
1 331 
14 331 
21 331 
23 331 
34 331 
252 331 
431 331 
699 331 
838 331 
875 331 
910 331 
35 332 
51 332 
136 332 
149 332 
185 332 
270 332 
392 332 
447 332 
616 332 
919 332 
128 333 
158 333 
206 333 
207 333 
274 333 
296 333 
445 333 
464 333 
476 333 
619 333 
844 333 
1 334 
6 334 
9 334 
11 334 
40 334 
174 334 
510 334 
3 335 
5 335 
22 335 
61 335 
105 335 
106 335 
493 335 
648 335 
715 335 
840 335 
70 336 
84 336 
164 336 
208 336 
223 336 
438 336 
858 336 
10 337 
28 337 
29 337 
81 337 
142 337 
275 337 
548 337 
594 337 
3 338 
55 338 
57 338 
73 338 
243 338 
292 338 
475 338 
9 339 
13 339 
58 339 
108 339 
141 339 
189 339 
346 339 
387 339 
466 339 
542 339 
567 339 
584 339 
716 339 
777 339 
882 339 
51 340 
56 340 
129 340 
201 340 
239 340 
307 340 
385 340 
451 340 
527 340 
696 340 
712 340 
719 340 
916 340 
972 340 
11 341 
28 341 
33 341 
195 341 
231 341 
306 341 
637 341 
693 341 
829 341 
2 342 
62 342 
83 342 
216 342 
225 342 
234 342 
384 342 
456 342 
485 342 
786 342 
1 343 
31 343 
49 343 
183 343 
209 343 
216 343 
381 343 
632 343 
640 343 
669 343 
801 343 
886 343 
3 344 
9 344 
13 344 
75 344 
197 344 
249 344 
516 344 
573 344 
621 344 
765 344 
3 345 
10 345 
77 345 
82 345 
136 345 
290 345 
5 346 
9 346 
108 346 
197 346 
245 346 
339 346 
777 346 
821 346 
897 346 
980 346 
2 347 
31 347 
32 347 
45 347 
57 347 
83 347 
390 347 
625 347 
757 347 
941 347 
958 347 
9 348 
28 348 
31 348 
32 348 
155 348 
176 348 
362 348 
416 348 
465 348 
830 348 
877 348 
915 348 
1 349 
33 349 
46 349 
85 349 
144 349 
221 349 
477 349 
727 349 
4 350 
5 350 
28 350 
82 350 
135 350 
171 350 
522 350 
537 350 
736 350 
780 350 
793 350 
957 350 
43 351 
61 351 
150 351 
172 351 
186 351 
223 351 
352 351 
378 351 
589 351 
699 351 
865 351 
953 351 
76 352 
136 352 
150 352 
186 352 
290 352 
351 352 
378 352 
379 352 
566 352 
699 352 
914 352 
1000 352 
1 353 
6 353 
97 353 
98 353 
219 353 
276 353 
360 353 
379 353 
489 353 
864 353 
15 354 
19 354 
51 354 
172 354 
239 354 
325 354 
364 354 
422 354 
506 354 
554 354 
558 354 
577 354 
1 355 
4 355 
5 355 
6 355 
8 355 
44 355 
408 355 
425 355 
33 356 
52 356 
83 356 
92 356 
119 356 
306 356 
661 356 
723 356 
724 356 
2 357 
52 357 
92 357 
161 357 
182 357 
190 357 
767 357 
894 357 
900 357 
3 358 
22 358 
54 358 
61 358 
165 358 
202 358 
13 359 
39 359 
90 359 
113 359 
119 359 
256 359 
563 359 
704 359 
882 359 
11 360 
19 360 
85 360 
97 360 
219 360 
353 360 
379 360 
404 360 
429 360 
697 360 
1 361 
81 361 
150 361 
169 361 
205 361 
223 361 
381 361 
10 362 
31 362 
150 362 
155 362 
293 362 
348 362 
367 362 
370 362 
376 362 
416 362 
434 362 
490 362 
540 362 
657 362 
754 362 
922 362 
4 363 
114 363 
169 363 
186 363 
271 363 
427 363 
505 363 
535 363 
673 363 
704 363 
778 363 
19 364 
25 364 
96 364 
263 364 
325 364 
354 364 
422 364 
577 364 
889 364 
910 364 
3 365 
4 365 
29 365 
65 365 
87 365 
321 365 
370 365 
439 365 
452 365 
32 366 
37 366 
43 366 
137 366 
155 366 
164 366 
373 366 
397 366 
477 366 
556 366 
647 366 
732 366 
854 366 
956 366 
985 366 
992 366 
7 367 
10 367 
12 367 
150 367 
317 367 
362 367 
370 367 
622 367 
657 367 
663 367 
711 367 
756 367 
852 367 
922 367 
2 368 
12 368 
60 368 
95 368 
153 368 
177 368 
371 368 
452 368 
455 368 
520 368 
552 368 
772 368 
856 368 
924 368 
3 369 
5 369 
40 369 
60 369 
88 369 
100 369 
411 369 
441 369 
519 369 
10 370 
29 370 
65 370 
362 370 
365 370 
367 370 
434 370 
439 370 
663 370 
756 370 
852 370 
922 370 
42 371 
95 371 
118 371 
153 371 
260 371 
368 371 
487 371 
617 371 
772 371 
849 371 
856 371 
955 371 
961 371 
993 371 
1 372 
23 372 
28 372 
127 372 
320 372 
385 372 
570 372 
43 373 
72 373 
137 373 
300 373 
326 373 
366 373 
405 373 
453 373 
511 373 
623 373 
706 373 
735 373 
741 373 
854 373 
870 373 
2 374 
18 374 
252 374 
274 374 
302 374 
310 374 
521 374 
591 374 
823 374 
1 375 
46 375 
119 375 
167 375 
195 375 
290 375 
529 375 
743 375 
31 376 
45 376 
147 376 
155 376 
184 376 
362 376 
399 376 
402 376 
406 376 
526 376 
728 376 
920 376 
996 376 
6 377 
25 377 
84 377 
178 377 
269 377 
284 377 
383 377 
476 377 
487 377 
579 377 
602 377 
960 377 
2 378 
4 378 
186 378 
314 378 
351 378 
352 378 
470 378 
608 378 
612 378 
750 378 
76 379 
97 379 
290 379 
352 379 
353 379 
360 379 
404 379 
566 379 
622 379 
941 379 
2 380 
3 380 
20 380 
60 380 
151 380 
275 380 
1 381 
150 381 
183 381 
223 381 
343 381 
361 381 
484 381 
6 382 
27 382 
114 382 
139 382 
154 382 
241 382 
484 382 
531 382 
895 382 
6 383 
69 383 
103 383 
133 383 
178 383 
377 383 
487 383 
783 383 
1 384 
2 384 
66 384 
103 384 
216 384 
342 384 
428 384 
453 384 
637 384 
753 384 
786 384 
127 385 
129 385 
201 385 
320 385 
340 385 
372 385 
451 385 
680 385 
719 385 
13 386 
84 386 
94 386 
136 386 
149 386 
280 386 
573 386 
608 386 
11 387 
18 387 
20 387 
58 387 
141 387 
339 387 
567 387 
984 387 
22 388 
51 388 
97 388 
110 388 
135 388 
278 388 
467 388 
569 388 
1 389 
12 389 
15 389 
30 389 
265 389 
298 389 
465 389 
821 389 
991 389 
2 390 
31 390 
83 390 
96 390 
263 390 
347 390 
424 390 
630 390 
766 390 
942 390 
986 390 
23 391 
33 391 
38 391 
42 391 
64 391 
225 391 
417 391 
443 391 
546 391 
600 391 
791 391 
11 392 
62 392 
136 392 
146 392 
149 392 
332 392 
616 392 
919 392 
2 393 
11 393 
28 393 
49 393 
144 393 
209 393 
408 393 
449 393 
525 393 
571 393 
746 393 
759 393 
786 393 
810 393 
3 394 
11 394 
33 394 
93 394 
221 394 
226 394 
536 394 
576 394 
676 394 
737 394 
3 395 
4 395 
20 395 
42 395 
155 395 
260 395 
421 395 
562 395 
691 395 
934 395 
963 395 
3 396 
17 396 
31 396 
238 396 
239 396 
327 396 
428 396 
624 396 
860 396 
886 396 
155 397 
158 397 
164 397 
207 397 
255 397 
366 397 
477 397 
556 397 
6 398 
10 398 
37 398 
40 398 
174 398 
318 398 
1 399 
31 399 
33 399 
124 399 
155 399 
376 399 
402 399 
626 399 
725 399 
912 399 
986 399 
998 399 
2 400 
5 400 
34 400 
148 400 
195 400 
314 400 
13 401 
83 401 
92 401 
119 401 
165 401 
218 401 
505 401 
526 401 
618 401 
695 401 
15 402 
31 402 
69 402 
206 402 
376 402 
399 402 
454 402 
526 402 
626 402 
725 402 
771 402 
10 403 
29 403 
108 403 
150 403 
210 403 
211 403 
471 403 
797 403 
871 403 
97 404 
149 404 
168 404 
188 404 
360 404 
379 404 
631 404 
23 405 
72 405 
116 405 
291 405 
326 405 
373 405 
453 405 
534 405 
629 405 
706 405 
900 405 
131 406 
147 406 
184 406 
254 406 
314 406 
376 406 
501 406 
906 406 
920 406 
996 406 
8 407 
12 407 
87 407 
91 407 
166 407 
277 407 
887 407 
8 408 
28 408 
44 408 
144 408 
355 408 
393 408 
449 408 
525 408 
598 408 
746 408 
759 408 
810 408 
943 408 
3 409 
7 409 
14 409 
68 409 
114 409 
123 409 
7 410 
72 410 
73 410 
105 410 
188 410 
250 410 
664 410 
839 410 
913 410 
60 411 
88 411 
89 411 
109 411 
330 411 
369 411 
441 411 
533 411 
876 411 
21 412 
22 412 
56 412 
101 412 
266 412 
287 412 
413 412 
478 412 
533 412 
590 412 
717 412 
839 412 
22 413 
103 413 
118 413 
287 413 
299 413 
412 413 
533 413 
717 413 
804 413 
827 413 
888 413 
917 413 
2 414 
7 414 
30 414 
272 414 
312 414 
322 414 
424 414 
431 414 
457 414 
658 414 
6 415 
18 415 
99 415 
143 415 
204 415 
285 415 
481 415 
641 415 
788 415 
920 415 
6 416 
12 416 
155 416 
156 416 
348 416 
362 416 
540 416 
695 416 
13 417 
42 417 
115 417 
222 417 
225 417 
391 417 
925 417 
940 417 
5 418 
13 418 
30 418 
142 418 
200 418 
272 418 
545 418 
97 419 
98 419 
168 419 
183 419 
188 419 
329 419 
603 419 
646 419 
893 419 
3 420 
29 420 
182 420 
209 420 
210 420 
228 420 
472 420 
581 420 
615 420 
647 420 
775 420 
883 420 
3 421 
5 421 
25 421 
155 421 
196 421 
395 421 
486 421 
519 421 
691 421 
869 421 
980 421 
37 422 
217 422 
258 422 
325 422 
354 422 
364 422 
9 423 
23 423 
34 423 
38 423 
225 423 
234 423 
552 423 
2 424 
7 424 
96 424 
322 424 
390 424 
414 424 
630 424 
4 425 
6 425 
10 425 
79 425 
327 425 
355 425 
4 426 
6 426 
17 426 
150 426 
232 426 
247 426 
466 426 
486 426 
501 426 
515 426 
554 426 
842 426 
989 426 
114 427 
144 427 
233 427 
267 427 
271 427 
363 427 
444 427 
778 427 
853 427 
1 428 
3 428 
17 428 
66 428 
384 428 
396 428 
624 428 
637 428 
860 428 
11 429 
74 429 
85 429 
97 429 
286 429 
360 429 
495 429 
539 429 
553 429 
721 429 
918 429 
52 430 
101 430 
142 430 
147 430 
194 430 
197 430 
708 430 
848 430 
921 430 
977 430 
23 431 
34 431 
272 431 
312 431 
331 431 
414 431 
658 431 
2 432 
7 432 
28 432 
97 432 
111 432 
203 432 
496 432 
582 432 
585 432 
606 432 
660 432 
975 432 
13 433 
46 433 
80 433 
99 433 
189 433 
213 433 
850 433 
957 433 
973 433 
6 434 
10 434 
38 434 
178 434 
362 434 
370 434 
459 434 
828 434 
891 434 
30 435 
39 435 
105 435 
188 435 
267 435 
288 435 
834 435 
1 436 
4 436 
47 436 
135 436 
151 436 
229 436 
772 436 
46 437 
101 437 
132 437 
142 437 
162 437 
191 437 
442 437 
12 438 
84 438 
217 438 
223 438 
317 438 
336 438 
3 439 
65 439 
87 439 
365 439 
370 439 
452 439 
940 439 
18 440 
65 440 
136 440 
192 440 
240 440 
296 440 
675 440 
2 441 
36 441 
60 441 
162 441 
369 441 
411 441 
449 441 
609 441 
17 442 
46 442 
112 442 
132 442 
309 442 
437 442 
572 442 
881 442 
6 443 
38 443 
42 443 
166 443 
283 443 
391 443 
528 443 
791 443 
46 444 
51 444 
224 444 
233 444 
267 444 
427 444 
502 444 
2 445 
4 445 
158 445 
207 445 
322 445 
333 445 
464 445 
601 445 
619 445 
872 445 
896 445 
907 445 
975 445 
41 446 
53 446 
57 446 
147 446 
228 446 
246 446 
51 447 
142 447 
181 447 
185 447 
191 447 
332 447 
688 447 
723 447 
5 448 
28 448 
107 448 
151 448 
233 448 
297 448 
2 449 
36 449 
144 449 
393 449 
408 449 
441 449 
525 449 
598 449 
33 450 
65 450 
124 450 
186 450 
259 450 
293 450 
583 450 
656 450 
718 450 
5 451 
106 451 
129 451 
198 451 
340 451 
385 451 
527 451 
696 451 
719 451 
3 452 
12 452 
60 452 
365 452 
368 452 
439 452 
552 452 
792 452 
806 452 
856 452 
940 452 
946 452 
994 452 
1 453 
72 453 
103 453 
373 453 
384 453 
405 453 
629 453 
706 453 
844 453 
900 453 
15 454 
69 454 
91 454 
116 454 
156 454 
402 454 
530 454 
771 454 
812 454 
869 454 
95 455 
154 455 
177 455 
250 455 
305 455 
368 455 
520 455 
27 456 
45 456 
83 456 
86 456 
225 456 
342 456 
2 457 
46 457 
91 457 
157 457 
322 457 
414 457 
680 457 
698 457 
720 457 
827 457 
884 457 
23 458 
56 458 
107 458 
110 458 
151 458 
168 458 
469 458 
493 458 
513 458 
547 458 
592 458 
763 458 
6 459 
111 459 
121 459 
132 459 
178 459 
434 459 
492 459 
828 459 
70 460 
155 460 
164 460 
201 460 
239 460 
298 460 
512 460 
10 461 
16 461 
41 461 
194 461 
197 461 
213 461 
470 461 
588 461 
651 461 
768 461 
50 462 
80 462 
121 462 
137 462 
152 462 
269 462 
843 462 
1 463 
4 463 
39 463 
46 463 
72 463 
325 463 
467 463 
791 463 
3 464 
74 464 
145 464 
207 464 
333 464 
445 464 
476 464 
599 464 
642 464 
684 464 
929 464 
1 465 
31 465 
32 465 
265 465 
348 465 
389 465 
525 465 
13 466 
17 466 
58 466 
150 466 
339 466 
426 466 
4 467 
97 467 
110 467 
325 467 
388 467 
463 467 
569 467 
803 467 
6 468 
8 468 
28 468 
148 468 
161 468 
231 468 
508 468 
607 468 
769 468 
10 469 
23 469 
26 469 
110 469 
327 469 
458 469 
863 469 
2 470 
4 470 
10 470 
16 470 
378 470 
461 470 
588 470 
612 470 
636 470 
651 470 
676 470 
750 470 
768 470 
884 470 
10 471 
17 471 
29 471 
108 471 
163 471 
403 471 
38 472 
63 472 
163 472 
182 472 
228 472 
420 472 
615 472 
883 472 
917 472 
918 472 
5 473 
9 473 
38 473 
139 473 
166 473 
309 473 
624 473 
720 473 
792 473 
861 473 
955 473 
11 474 
85 474 
126 474 
157 474 
165 474 
236 474 
562 474 
1 475 
55 475 
57 475 
182 475 
276 475 
338 475 
749 475 
964 475 
25 476 
207 476 
269 476 
333 476 
377 476 
464 476 
602 476 
684 476 
960 476 
973 476 
1 477 
33 477 
155 477 
349 477 
366 477 
397 477 
556 477 
647 477 
992 477 
22 478 
28 478 
266 478 
297 478 
305 478 
412 478 
544 478 
934 478 
5 479 
15 479 
23 479 
28 479 
105 479 
195 479 
556 479 
674 479 
11 480 
26 480 
46 480 
69 480 
91 480 
143 480 
702 480 
801 480 
13 481 
18 481 
35 481 
204 481 
237 481 
415 481 
788 481 
920 481 
3 482 
17 482 
28 482 
35 482 
226 482 
230 482 
948 482 
956 482 
12 483 
74 483 
84 483 
97 483 
169 483 
223 483 
621 483 
1 484 
6 484 
114 484 
183 484 
381 484 
382 484 
531 484 
597 484 
947 484 
50 485 
225 485 
234 485 
261 485 
328 485 
342 485 
831 485 
968 485 
5 486 
6 486 
25 486 
150 486 
421 486 
426 486 
501 486 
515 486 
554 486 
936 486 
980 486 
989 486 
997 486 
6 487 
42 487 
260 487 
371 487 
377 487 
383 487 
504 487 
514 487 
517 487 
617 487 
736 487 
756 487 
805 487 
868 487 
873 487 
3 488 
27 488 
45 488 
47 488 
119 488 
229 488 
690 488 
6 489 
91 489 
156 489 
246 489 
276 489 
353 489 
864 489 
978 489 
10 490 
18 490 
21 490 
56 490 
293 490 
362 490 
598 490 
3 491 
10 491 
13 491 
71 491 
107 491 
200 491 
43 492 
111 492 
132 492 
232 492 
247 492 
459 492 
5 493 
22 493 
56 493 
151 493 
335 493 
458 493 
513 493 
7 494 
43 494 
67 494 
72 494 
73 494 
292 494 
713 494 
832 494 
901 494 
4 495 
25 495 
74 495 
97 495 
117 495 
429 495 
553 495 
611 495 
6 496 
7 496 
111 496 
266 496 
319 496 
432 496 
585 496 
606 496 
636 496 
660 496 
678 496 
781 496 
29 497 
44 497 
138 497 
179 497 
285 497 
304 497 
613 497 
669 497 
761 497 
781 497 
2 498 
4 498 
30 498 
208 498 
218 498 
273 498 
847 498 
963 498 
6 499 
19 499 
71 499 
77 499 
304 499 
312 499 
527 499 
623 499 
659 499 
711 499 
899 499 
6 500 
9 500 
19 500 
27 500 
172 500 
317 500 
965 500 
6 501 
131 501 
254 501 
406 501 
426 501 
486 501 
989 501 
997 501 
8 502 
26 502 
215 502 
233 502 
267 502 
444 502 
578 502 
672 502 
2 503 
17 503 
75 503 
108 503 
170 503 
207 503 
560 503 
592 503 
628 503 
654 503 
731 503 
790 503 
823 503 
15 504 
23 504 
42 504 
116 504 
260 504 
487 504 
514 504 
517 504 
553 504 
567 504 
13 505 
114 505 
186 505 
218 505 
363 505 
401 505 
19 506 
29 506 
30 506 
142 506 
172 506 
354 506 
554 506 
984 506 
1 507 
56 507 
201 507 
208 507 
257 507 
316 507 
614 507 
685 507 
693 507 
798 507 
25 508 
28 508 
147 508 
148 508 
246 508 
468 508 
563 508 
599 508 
662 508 
687 508 
769 508 
14 509 
20 509 
21 509 
24 509 
246 509 
308 509 
638 509 
691 509 
824 509 
6 510 
40 510 
77 510 
174 510 
318 510 
334 510 
758 510 
802 510 
840 510 
845 510 
43 511 
97 511 
110 511 
137 511 
310 511 
373 511 
582 511 
623 511 
832 511 
1 512 
15 512 
77 512 
155 512 
239 512 
460 512 
568 512 
11 513 
20 513 
47 513 
56 513 
458 513 
493 513 
547 513 
766 513 
771 513 
896 513 
42 514 
135 514 
224 514 
244 514 
487 514 
504 514 
517 514 
736 514 
868 514 
949 514 
6 515 
45 515 
128 515 
150 515 
426 515 
486 515 
554 515 
842 515 
936 515 
9 516 
62 516 
216 516 
249 516 
316 516 
344 516 
573 516 
621 516 
1 517 
98 517 
208 517 
487 517 
504 517 
514 517 
736 517 
756 517 
800 517 
11 518 
126 518 
143 518 
211 518 
236 518 
256 518 
974 518 
5 519 
25 519 
88 519 
196 519 
369 519 
421 519 
50 520 
174 520 
177 520 
328 520 
368 520 
455 520 
605 520 
628 520 
18 521 
27 521 
38 521 
78 521 
310 521 
374 521 
837 521 
849 521 
56 522 
82 522 
107 522 
130 522 
171 522 
350 522 
793 522 
957 522 
141 523 
250 523 
274 523 
305 523 
310 523 
329 523 
593 523 
819 523 
928 523 
5 524 
10 524 
76 524 
102 524 
136 524 
198 524 
992 524 
31 525 
32 525 
393 525 
408 525 
449 525 
465 525 
746 525 
13 526 
31 526 
119 526 
376 526 
401 526 
402 526 
19 527 
71 527 
129 527 
340 527 
451 527 
499 527 
659 527 
696 527 
711 527 
6 528 
211 528 
266 528 
283 528 
443 528 
532 528 
565 528 
6 529 
90 529 
119 529 
167 529 
190 529 
375 529 
40 530 
82 530 
116 530 
156 530 
204 530 
454 530 
536 530 
655 530 
818 530 
861 530 
905 530 
6 531 
168 531 
247 531 
329 531 
382 531 
484 531 
830 531 
895 531 
37 532 
211 532 
266 532 
285 532 
304 532 
528 532 
902 532 
22 533 
60 533 
88 533 
411 533 
412 533 
413 533 
590 533 
717 533 
1 534 
72 534 
128 534 
207 534 
326 534 
405 534 
814 534 
935 534 
4 535 
32 535 
114 535 
202 535 
237 535 
363 535 
634 535 
713 535 
11 536 
33 536 
116 536 
156 536 
394 536 
530 536 
655 536 
676 536 
818 536 
835 536 
861 536 
2 537 
28 537 
82 537 
83 537 
161 537 
350 537 
576 537 
793 537 
929 537 
2 538 
14 538 
49 538 
187 538 
221 538 
845 538 
983 538 
18 539 
49 539 
74 539 
141 539 
286 539 
429 539 
541 539 
685 539 
752 539 
774 539 
863 539 
918 539 
958 539 
9 540 
43 540 
113 540 
155 540 
362 540 
416 540 
727 540 
962 540 
14 541 
43 541 
49 541 
141 541 
232 541 
539 541 
685 541 
709 541 
888 541 
9 542 
121 542 
189 542 
242 542 
281 542 
339 542 
668 542 
716 542 
747 542 
968 542 
10 543 
15 543 
19 543 
27 543 
40 543 
317 543 
776 543 
998 543 
1 544 
5 544 
22 544 
191 544 
266 544 
478 544 
934 544 
3 545 
13 545 
38 545 
74 545 
200 545 
418 545 
904 545 
13 546 
23 546 
64 546 
195 546 
210 546 
391 546 
578 546 
590 546 
782 546 
873 546 
9 547 
23 547 
56 547 
291 547 
458 547 
513 547 
592 547 
771 547 
870 547 
896 547 
12 548 
142 548 
154 548 
225 548 
275 548 
337 548 
667 548 
728 548 
855 548 
1 549 
46 549 
99 549 
102 549 
111 549 
220 549 
702 549 
8 550 
37 550 
43 550 
91 550 
113 550 
116 550 
609 550 
686 550 
746 550 
749 550 
783 550 
4 551 
7 551 
8 551 
12 551 
74 551 
106 551 
785 551 
12 552 
225 552 
234 552 
368 552 
423 552 
452 552 
792 552 
891 552 
15 553 
23 553 
74 553 
429 553 
495 553 
504 553 
721 553 
172 554 
354 554 
426 554 
486 554 
506 554 
515 554 
842 554 
71 555 
98 555 
108 555 
170 555 
183 555 
272 555 
913 555 
15 556 
23 556 
366 556 
397 556 
477 556 
479 556 
647 556 
674 556 
732 556 
28 557 
72 557 
102 557 
171 557 
233 557 
326 557 
665 557 
751 557 
3 558 
15 558 
51 558 
203 558 
271 558 
354 558 
5 559 
10 559 
29 559 
31 559 
200 559 
275 559 
2 560 
12 560 
95 560 
153 560 
207 560 
503 560 
654 560 
658 560 
790 560 
939 560 
2 561 
117 561 
222 561 
254 561 
260 561 
314 561 
587 561 
949 561 
11 562 
20 562 
165 562 
260 562 
395 562 
474 562 
651 562 
963 562 
90 563 
113 563 
147 563 
246 563 
359 563 
508 563 
599 563 
662 563 
945 563 
9 564 
11 564 
38 564 
78 564 
125 564 
163 564 
635 564 
739 564 
1000 564 
1 565 
6 565 
207 565 
255 565 
283 565 
528 565 
570 565 
575 565 
969 565 
38 566 
86 566 
94 566 
290 566 
352 566 
379 566 
710 566 
777 566 
914 566 
23 567 
58 567 
116 567 
339 567 
387 567 
504 567 
584 567 
882 567 
15 568 
77 568 
107 568 
129 568 
130 568 
512 568 
613 568 
761 568 
842 568 
17 569 
110 569 
150 569 
163 569 
388 569 
467 569 
803 569 
6 570 
28 570 
127 570 
283 570 
372 570 
565 570 
11 571 
28 571 
32 571 
49 571 
237 571 
393 571 
1 572 
36 572 
46 572 
66 572 
132 572 
442 572 
586 572 
644 572 
136 573 
149 573 
249 573 
344 573 
386 573 
516 573 
608 573 
621 573 
31 574 
53 574 
142 574 
228 574 
272 574 
311 574 
610 574 
694 574 
707 574 
784 574 
954 574 
1 575 
12 575 
250 575 
255 575 
313 575 
565 575 
733 575 
911 575 
3 576 
28 576 
82 576 
226 576 
394 576 
537 576 
929 576 
19 577 
56 577 
101 577 
231 577 
354 577 
364 577 
13 578 
210 578 
233 578 
267 578 
502 578 
546 578 
672 578 
782 578 
84 579 
173 579 
178 579 
269 579 
284 579 
377 579 
600 579 
12 580 
25 580 
88 580 
122 580 
130 580 
156 580 
641 580 
37 581 
138 581 
182 581 
209 581 
304 581 
420 581 
28 582 
97 582 
110 582 
203 582 
432 582 
511 582 
832 582 
977 582 
20 583 
33 583 
156 583 
186 583 
308 583 
450 583 
656 583 
890 583 
58 584 
73 584 
74 584 
138 584 
339 584 
567 584 
882 584 
905 584 
7 585 
15 585 
105 585 
300 585 
432 585 
496 585 
1 586 
36 586 
94 586 
173 586 
268 586 
572 586 
644 586 
3 587 
20 587 
72 587 
254 587 
314 587 
561 587 
672 587 
949 587 
16 588 
28 588 
86 588 
97 588 
461 588 
470 588 
676 588 
768 588 
993 588 
43 589 
65 589 
89 589 
172 589 
259 589 
351 589 
865 589 
22 590 
195 590 
210 590 
412 590 
533 590 
546 590 
839 590 
873 590 
10 591 
39 591 
53 591 
274 591 
310 591 
374 591 
56 592 
108 592 
170 592 
458 592 
503 592 
547 592 
816 592 
823 592 
3 593 
141 593 
214 593 
262 593 
274 593 
523 593 
770 593 
819 593 
10 594 
11 594 
28 594 
43 594 
53 594 
337 594 
745 594 
1 595 
5 595 
58 595 
63 595 
96 595 
205 595 
683 595 
877 595 
880 595 
6 596 
9 596 
19 596 
80 596 
99 596 
139 596 
667 596 
722 596 
738 596 
897 596 
4 597 
5 597 
6 597 
114 597 
145 597 
484 597 
615 597 
618 597 
773 597 
833 597 
926 597 
947 597 
18 598 
56 598 
144 598 
408 598 
449 598 
490 598 
74 599 
145 599 
147 599 
464 599 
508 599 
563 599 
662 599 
687 599 
854 599 
929 599 
945 599 
38 600 
225 600 
269 600 
284 600 
391 600 
579 600 
987 600 
2 601 
4 601 
11 601 
54 601 
144 601 
445 601 
694 601 
726 601 
735 601 
907 601 
25 602 
46 602 
51 602 
157 602 
377 602 
476 602 
960 602 
97 603 
99 603 
154 603 
183 603 
192 603 
419 603 
630 603 
11 604 
57 604 
68 604 
303 604 
324 604 
326 604 
715 604 
752 604 
1 605 
52 605 
158 605 
174 605 
328 605 
520 605 
617 605 
628 605 
43 606 
111 606 
115 606 
137 606 
432 606 
496 606 
626 606 
636 606 
660 606 
678 606 
825 606 
975 606 
4 607 
25 607 
28 607 
231 607 
240 607 
468 607 
4 608 
136 608 
314 608 
378 608 
386 608 
573 608 
36 609 
43 609 
113 609 
162 609 
441 609 
550 609 
783 609 
4 610 
43 610 
142 610 
247 610 
272 610 
574 610 
687 610 
883 610 
4 611 
74 611 
106 611 
117 611 
145 611 
495 611 
2 612 
21 612 
82 612 
276 612 
378 612 
470 612 
750 612 
29 613 
44 613 
107 613 
129 613 
497 613 
568 613 
761 613 
842 613 
6 614 
56 614 
150 614 
257 614 
319 614 
507 614 
719 614 
798 614 
6 615 
114 615 
182 615 
420 615 
472 615 
597 615 
773 615 
917 615 
94 616 
149 616 
153 616 
264 616 
332 616 
392 616 
42 617 
52 617 
158 617 
371 617 
487 617 
605 617 
740 617 
785 617 
955 617 
993 617 
4 618 
83 618 
92 618 
145 618 
401 618 
597 618 
695 618 
926 618 
2 619 
158 619 
221 619 
274 619 
333 619 
445 619 
638 619 
716 619 
975 619 
1 620 
6 620 
30 620 
47 620 
152 620 
302 620 
625 620 
841 620 
12 621 
97 621 
344 621 
483 621 
516 621 
573 621 
12 622 
76 622 
290 622 
317 622 
367 622 
379 622 
941 622 
43 623 
77 623 
312 623 
373 623 
499 623 
511 623 
741 623 
3 624 
166 624 
309 624 
396 624 
428 624 
473 624 
792 624 
947 624 
2 625 
31 625 
152 625 
302 625 
347 625 
620 625 
683 625 
757 625 
848 625 
958 625 
31 626 
43 626 
115 626 
399 626 
402 626 
606 626 
725 626 
811 626 
998 626 
20 627 
26 627 
47 627 
160 627 
211 627 
256 627 
75 628 
108 628 
328 628 
503 628 
520 628 
605 628 
2 629 
21 629 
72 629 
308 629 
405 629 
453 629 
706 629 
721 629 
2 630 
97 630 
183 630 
390 630 
424 630 
603 630 
986 630 
6 631 
120 631 
149 631 
188 631 
312 631 
404 631 
1 632 
3 632 
5 632 
216 632 
245 632 
343 632 
52 633 
82 633 
92 633 
102 633 
171 633 
235 633 
23 634 
32 634 
98 634 
149 634 
237 634 
535 634 
9 635 
11 635 
65 635 
69 635 
258 635 
564 635 
2 636 
4 636 
111 636 
470 636 
496 636 
606 636 
678 636 
825 636 
1 637 
28 637 
231 637 
341 637 
384 637 
428 637 
693 637 
708 637 
760 637 
21 638 
24 638 
221 638 
274 638 
509 638 
619 638 
841 638 
7 639 
52 639 
182 639 
193 639 
209 639 
217 639 
674 639 
2 640 
49 640 
209 640 
252 640 
308 640 
343 640 
731 640 
886 640 
88 641 
122 641 
143 641 
285 641 
415 641 
580 641 
3 642 
38 642 
83 642 
145 642 
261 642 
464 642 
4 643 
9 643 
32 643 
59 643 
138 643 
315 643 
926 643 
1 644 
6 644 
36 644 
181 644 
572 644 
586 644 
878 644 
18 645 
38 645 
39 645 
41 645 
55 645 
199 645 
648 645 
650 645 
666 645 
48 646 
125 646 
177 646 
188 646 
329 646 
419 646 
811 646 
843 646 
209 647 
228 647 
366 647 
420 647 
477 647 
556 647 
692 647 
732 647 
956 647 
18 648 
55 648 
61 648 
105 648 
335 648 
645 648 
650 648 
742 648 
3 649 
7 649 
69 649 
103 649 
155 649 
282 649 
682 649 
703 649 
802 649 
971 649 
18 650 
89 650 
103 650 
259 650 
645 650 
648 650 
742 650 
10 651 
11 651 
165 651 
461 651 
470 651 
562 651 
3 652 
6 652 
94 652 
170 652 
255 652 
259 652 
654 652 
726 652 
11 653 
54 653 
77 653 
120 653 
165 653 
312 653 
738 653 
814 653 
94 654 
207 654 
259 654 
503 654 
560 654 
652 654 
658 654 
731 654 
857 654 
951 654 
40 655 
54 655 
76 655 
156 655 
530 655 
536 655 
861 655 
33 656 
36 656 
216 656 
316 656 
450 656 
583 656 
48 657 
150 657 
170 657 
203 657 
362 657 
367 657 
742 657 
207 658 
312 658 
414 658 
431 658 
560 658 
654 658 
19 659 
83 659 
161 659 
165 659 
499 659 
527 659 
711 659 
1 660 
52 660 
214 660 
432 660 
496 660 
606 660 
975 660 
26 661 
30 661 
52 661 
83 661 
133 661 
356 661 
724 661 
744 661 
41 662 
199 662 
228 662 
508 662 
563 662 
599 662 
687 662 
945 662 
10 663 
12 663 
193 663 
280 663 
367 663 
370 663 
756 663 
988 663 
22 664 
24 664 
72 664 
73 664 
99 664 
410 664 
813 664 
839 664 
951 664 
966 664 
15 665 
46 665 
72 665 
233 665 
287 665 
557 665 
794 665 
38 666 
55 666 
164 666 
185 666 
239 666 
645 666 
935 666 
12 667 
99 667 
139 667 
154 667 
548 667 
596 667 
855 667 
9 668 
16 668 
90 668 
132 668 
189 668 
542 668 
732 668 
968 668 
183 669 
216 669 
285 669 
304 669 
343 669 
497 669 
781 669 
3 670 
6 670 
10 670 
17 670 
232 670 
283 670 
4 671 
5 671 
32 671 
116 671 
156 671 
175 671 
762 671 
3 672 
72 672 
233 672 
502 672 
578 672 
587 672 
4 673 
164 673 
234 673 
271 673 
277 673 
363 673 
822 673 
952 673 
7 674 
23 674 
217 674 
479 674 
556 674 
639 674 
18 675 
63 675 
136 675 
301 675 
440 675 
16 676 
33 676 
394 676 
470 676 
536 676 
588 676 
768 676 
884 676 
4 677 
23 677 
29 677 
108 677 
149 677 
168 677 
907 677 
71 678 
108 678 
189 678 
496 678 
606 678 
636 678 
825 678 
2 679 
3 679 
11 679 
30 679 
47 679 
275 679 
820 679 
91 680 
129 680 
157 680 
201 680 
385 680 
457 680 
846 680 
3 681 
10 681 
37 681 
100 681 
115 681 
217 681 
725 681 
800 681 
817 681 
892 681 
8 682 
69 682 
109 682 
129 682 
282 682 
649 682 
931 682 
5 683 
63 683 
152 683 
302 683 
595 683 
625 683 
808 683 
877 683 
181 684 
191 684 
207 684 
241 684 
464 684 
476 684 
759 684 
973 684 
56 685 
141 685 
201 685 
507 685 
539 685 
541 685 
863 685 
8 686 
9 686 
12 686 
78 686 
116 686 
550 686 
746 686 
749 686 
810 686 
4 687 
43 687 
508 687 
599 687 
610 687 
662 687 
883 687 
58 688 
81 688 
142 688 
191 688 
205 688 
447 688 
723 688 
819 688 
909 688 
978 688 
1 689 
2 689 
12 689 
21 689 
24 689 
193 689 
701 689 
809 689 
16 690 
45 690 
68 690 
119 690 
318 690 
488 690 
741 690 
867 690 
945 690 
20 691 
155 691 
246 691 
395 691 
421 691 
509 691 
934 691 
1 692 
25 692 
196 692 
209 692 
228 692 
647 692 
976 692 
28 693 
208 693 
316 693 
341 693 
507 693 
637 693 
708 693 
11 694 
144 694 
228 694 
311 694 
574 694 
601 694 
862 694 
954 694 
6 695 
12 695 
83 695 
401 695 
416 695 
618 695 
51 696 
69 696 
185 696 
340 696 
451 696 
527 696 
939 696 
19 697 
20 697 
85 697 
175 697 
212 697 
360 697 
908 697 
2 698 
12 698 
264 698 
289 698 
322 698 
457 698 
710 698 
14 699 
150 699 
252 699 
331 699 
351 699 
352 699 
16 700 
19 700 
58 700 
85 700 
87 700 
323 700 
718 700 
889 700 
12 701 
24 701 
25 701 
45 701 
194 701 
689 701 
809 701 
857 701 
1 702 
46 702 
91 702 
102 702 
480 702 
549 702 
858 702 
3 703 
4 703 
7 703 
322 703 
649 703 
971 703 
119 704 
169 704 
186 704 
256 704 
359 704 
363 704 
717 704 
782 704 
882 704 
7 705 
10 705 
57 705 
89 705 
109 705 
243 705 
923 705 
2 706 
308 706 
373 706 
405 706 
453 706 
629 706 
721 706 
900 706 
5 707 
14 707 
53 707 
191 707 
311 707 
574 707 
804 707 
28 708 
147 708 
194 708 
430 708 
637 708 
693 708 
760 708 
848 708 
921 708 
3 709 
14 709 
43 709 
72 709 
292 709 
541 709 
12 710 
86 710 
94 710 
264 710 
566 710 
698 710 
7 711 
12 711 
367 711 
499 711 
527 711 
659 711 
26 712 
31 712 
56 712 
129 712 
140 712 
340 712 
943 712 
73 713 
202 713 
237 713 
292 713 
494 713 
535 713 
2 714 
25 714 
70 714 
197 714 
213 714 
302 714 
747 714 
770 714 
789 714 
895 714 
3 715 
11 715 
61 715 
324 715 
335 715 
604 715 
752 715 
2 716 
9 716 
221 716 
339 716 
542 716 
619 716 
119 717 
256 717 
412 717 
413 717 
533 717 
704 717 
19 718 
65 718 
87 718 
259 718 
450 718 
700 718 
937 718 
6 719 
319 719 
340 719 
385 719 
451 719 
614 719 
5 720 
46 720 
139 720 
157 720 
457 720 
473 720 
827 720 
884 720 
74 721 
308 721 
429 721 
553 721 
629 721 
706 721 
13 722 
58 722 
80 722 
99 722 
323 722 
596 722 
738 722 
119 723 
142 723 
306 723 
356 723 
447 723 
688 723 
724 723 
787 723 
52 724 
119 724 
306 724 
356 724 
661 724 
723 724 
787 724 
950 724 
37 725 
115 725 
399 725 
402 725 
626 725 
681 725 
800 725 
817 725 
954 725 
3 726 
11 726 
54 726 
255 726 
601 726 
652 726 
735 726 
9 727 
46 727 
113 727 
144 727 
349 727 
540 727 
45 728 
147 728 
154 728 
225 728 
376 728 
548 728 
867 728 
28 729 
45 729 
86 729 
93 729 
114 729 
119 729 
989 729 
9 730 
15 730 
50 730 
116 730 
152 730 
249 730 
2 731 
207 731 
252 731 
503 731 
640 731 
654 731 
9 732 
189 732 
366 732 
556 732 
647 732 
668 732 
956 732 
6 733 
12 733 
94 733 
95 733 
250 733 
575 733 
826 733 
925 733 
5 734 
18 734 
56 734 
94 734 
95 734 
177 734 
763 734 
54 735 
72 735 
300 735 
373 735 
601 735 
726 735 
28 736 
171 736 
350 736 
487 736 
514 736 
517 736 
756 736 
780 736 
800 736 
805 736 
868 736 
885 736 
11 737 
12 737 
137 737 
152 737 
221 737 
394 737 
77 738 
80 738 
312 738 
596 738 
653 738 
722 738 
9 739 
38 739 
78 739 
84 739 
164 739 
564 739 
866 739 
3 740 
48 740 
52 740 
158 740 
271 740 
617 740 
785 740 
43 741 
45 741 
119 741 
373 741 
623 741 
690 741 
867 741 
945 741 
18 742 
170 742 
203 742 
648 742 
650 742 
657 742 
1 743 
6 743 
16 743 
46 743 
181 743 
375 743 
767 743 
30 744 
125 744 
133 744 
174 744 
261 744 
661 744 
2 745 
10 745 
14 745 
28 745 
252 745 
594 745 
837 745 
902 745 
8 746 
393 746 
408 746 
525 746 
550 746 
686 746 
759 746 
25 747 
197 747 
242 747 
281 747 
542 747 
714 747 
789 747 
895 747 
928 747 
9 748 
35 748 
55 748 
71 748 
176 748 
253 748 
755 748 
1 749 
116 749 
276 749 
475 749 
550 749 
686 749 
10 750 
40 750 
100 750 
378 750 
470 750 
612 750 
932 750 
9 751 
19 751 
28 751 
59 751 
102 751 
557 751 
11 752 
74 752 
286 752 
539 752 
604 752 
715 752 
774 752 
8 753 
66 753 
103 753 
172 753 
187 753 
384 753 
981 753 
22 754 
24 754 
55 754 
150 754 
293 754 
362 754 
788 754 
5 755 
9 755 
18 755 
35 755 
176 755 
748 755 
807 755 
367 756 
370 756 
487 756 
517 756 
663 756 
736 756 
800 756 
805 756 
852 756 
873 756 
13 757 
31 757 
35 757 
92 757 
347 757 
625 757 
6 758 
8 758 
16 758 
161 758 
318 758 
510 758 
191 759 
241 759 
393 759 
408 759 
684 759 
746 759 
969 759 
983 759 
3 760 
28 760 
324 760 
326 760 
637 760 
708 760 
29 761 
129 761 
179 761 
497 761 
568 761 
613 761 
5 762 
32 762 
164 762 
202 762 
671 762 
18 763 
56 763 
110 763 
168 763 
458 763 
734 763 
4 764 
36 764 
50 764 
89 764 
279 764 
295 764 
5 765 
13 765 
20 765 
44 765 
249 765 
344 765 
916 765 
20 766 
31 766 
47 766 
83 766 
390 766 
513 766 
816 766 
2 767 
16 767 
161 767 
181 767 
357 767 
743 767 
194 768 
213 768 
461 768 
470 768 
588 768 
676 768 
9 769 
28 769 
84 769 
166 769 
468 769 
508 769 
871 769 
197 770 
213 770 
214 770 
262 770 
593 770 
714 770 
56 771 
69 771 
402 771 
454 771 
513 771 
547 771 
869 771 
870 771 
896 771 
1 772 
135 772 
153 772 
368 772 
371 772 
436 772 
849 772 
856 772 
875 772 
4 773 
36 773 
68 773 
114 773 
597 773 
615 773 
833 773 
38 774 
73 774 
74 774 
286 774 
539 774 
752 774 
11 775 
29 775 
61 775 
172 775 
210 775 
420 775 
27 776 
48 776 
125 776 
174 776 
317 776 
543 776 
818 776 
9 777 
38 777 
94 777 
339 777 
346 777 
566 777 
821 777 
114 778 
233 778 
267 778 
300 778 
363 778 
427 778 
13 779 
148 779 
167 779 
195 779 
231 779 
927 779 
89 780 
171 780 
182 780 
295 780 
350 780 
736 780 
266 781 
285 781 
319 781 
496 781 
497 781 
669 781 
13 782 
169 782 
186 782 
546 782 
578 782 
704 782 
799 782 
103 783 
113 783 
133 783 
383 783 
550 783 
609 783 
4 784 
7 784 
53 784 
155 784 
228 784 
574 784 
12 785 
52 785 
106 785 
551 785 
617 785 
740 785 
11 786 
144 786 
216 786 
342 786 
384 786 
393 786 
79 787 
119 787 
143 787 
171 787 
723 787 
724 787 
18 788 
150 788 
293 788 
415 788 
481 788 
754 788 
920 788 
3 789 
120 789 
166 789 
197 789 
714 789 
747 789 
895 789 
928 789 
2 790 
22 790 
106 790 
503 790 
560 790 
939 790 
42 791 
46 791 
72 791 
391 791 
443 791 
463 791 
12 792 
166 792 
452 792 
473 792 
552 792 
624 792 
806 792 
856 792 
2 793 
161 793 
171 793 
350 793 
522 793 
537 793 
957 793 
15 794 
46 794 
72 794 
157 794 
236 794 
665 794 
18 795 
49 795 
70 795 
88 795 
122 795 
251 795 
885 795 
28 796 
57 796 
147 796 
184 796 
198 796 
205 796 
10 797 
42 797 
46 797 
118 797 
211 797 
403 797 
9 798 
23 798 
254 798 
257 798 
507 798 
614 798 
820 798 
13 799 
46 799 
135 799 
169 799 
186 799 
782 799 
808 799 
115 800 
517 800 
681 800 
725 800 
736 800 
756 800 
817 800 
892 800 
31 801 
69 801 
91 801 
209 801 
343 801 
480 801 
6 802 
7 802 
77 802 
155 802 
510 802 
649 802 
840 802 
3 803 
73 803 
110 803 
200 803 
467 803 
569 803 
53 804 
103 804 
118 804 
311 804 
413 804 
707 804 
73 805 
138 805 
200 805 
487 805 
736 805 
756 805 
873 805 
999 805 
12 806 
25 806 
147 806 
197 806 
452 806 
792 806 
856 806 
946 806 
964 806 
9 807 
65 807 
95 807 
176 807 
258 807 
755 807 
5 808 
13 808 
46 808 
63 808 
683 808 
799 808 
8 809 
12 809 
79 809 
245 809 
689 809 
701 809 
857 809 
8 810 
28 810 
116 810 
393 810 
408 810 
686 810 
43 811 
48 811 
115 811 
177 811 
626 811 
646 811 
843 811 
15 812 
17 812 
48 812 
69 812 
93 812 
454 812 
985 812 
24 813 
71 813 
99 813 
134 813 
148 813 
664 813 
828 813 
1 814 
120 814 
207 814 
312 814 
534 814 
653 814 
935 814 
1 815 
4 815 
36 815 
66 815 
190 815 
214 815 
31 816 
83 816 
108 816 
170 816 
592 816 
766 816 
3 817 
15 817 
40 817 
681 817 
725 817 
800 817 
892 817 
27 818 
116 818 
317 818 
530 818 
536 818 
776 818 
905 818 
142 819 
191 819 
274 819 
523 819 
593 819 
688 819 
23 820 
30 820 
254 820 
275 820 
679 820 
798 820 
9 821 
30 821 
298 821 
346 821 
389 821 
777 821 
11 822 
37 822 
174 822 
234 822 
277 822 
673 822 
908 822 
2 823 
170 823 
252 823 
374 823 
503 823 
592 823 
128 824 
175 824 
226 824 
246 824 
308 824 
509 824 
874 824 
965 824 
995 824 
5 825 
25 825 
88 825 
606 825 
636 825 
678 825 
12 826 
83 826 
225 826 
250 826 
303 826 
733 826 
22 827 
46 827 
287 827 
413 827 
457 827 
720 827 
884 827 
888 827 
894 827 
71 828 
134 828 
178 828 
434 828 
459 828 
813 828 
906 828 
18 829 
28 829 
42 829 
120 829 
195 829 
341 829 
912 829 
32 830 
155 830 
247 830 
329 830 
348 830 
531 830 
48 831 
174 831 
225 831 
234 831 
278 831 
485 831 
865 831 
72 832 
73 832 
110 832 
494 832 
511 832 
582 832 
901 832 
977 832 
9 833 
71 833 
107 833 
114 833 
597 833 
773 833 
967 833 
39 834 
62 834 
213 834 
227 834 
267 834 
435 834 
46 835 
116 835 
156 835 
162 835 
283 835 
536 835 
876 835 
1 836 
3 836 
18 836 
68 836 
117 836 
315 836 
879 836 
911 836 
995 836 
10 837 
18 837 
28 837 
310 837 
521 837 
745 837 
6 838 
21 838 
150 838 
169 838 
252 838 
331 838 
864 838 
22 839 
72 839 
410 839 
412 839 
590 839 
664 839 
913 839 
952 839 
5 840 
6 840 
106 840 
335 840 
510 840 
802 840 
845 840 
1 841 
6 841 
21 841 
24 841 
620 841 
638 841 
107 842 
426 842 
515 842 
554 842 
568 842 
613 842 
48 843 
121 843 
269 843 
462 843 
646 843 
811 843 
1 844 
103 844 
206 844 
296 844 
333 844 
453 844 
2 845 
6 845 
187 845 
510 845 
538 845 
840 845 
91 846 
101 846 
157 846 
181 846 
241 846 
680 846 
2 847 
41 847 
64 847 
208 847 
498 847 
930 847 
932 847 
2 848 
31 848 
147 848 
430 848 
625 848 
708 848 
27 849 
78 849 
153 849 
371 849 
521 849 
772 849 
875 849 
4 850 
8 850 
80 850 
199 850 
213 850 
433 850 
22 851 
98 851 
150 851 
219 851 
266 851 
319 851 
25 852 
122 852 
284 852 
367 852 
370 852 
756 852 
95 853 
130 853 
144 853 
233 853 
242 853 
427 853 
43 854 
74 854 
145 854 
366 854 
373 854 
599 854 
870 854 
985 854 
10 855 
154 855 
163 855 
293 855 
548 855 
667 855 
368 856 
371 856 
452 856 
772 856 
792 856 
806 856 
12 857 
94 857 
259 857 
654 857 
701 857 
809 857 
951 857 
1 858 
84 858 
102 858 
164 858 
336 858 
702 858 
866 858 
10 859 
18 859 
42 859 
77 859 
274 859 
318 859 
3 860 
11 860 
17 860 
326 860 
396 860 
428 860 
9 861 
166 861 
473 861 
530 861 
536 861 
655 861 
955 861 
11 862 
48 862 
144 862 
154 862 
225 862 
694 862 
921 862 
10 863 
26 863 
141 863 
469 863 
539 863 
685 863 
958 863 
6 864 
169 864 
353 864 
489 864 
838 864 
172 865 
174 865 
278 865 
351 865 
589 865 
831 865 
38 866 
78 866 
84 866 
164 866 
739 866 
858 866 
45 867 
147 867 
690 867 
728 867 
741 867 
945 867 
12 868 
235 868 
248 868 
487 868 
514 868 
736 868 
5 869 
69 869 
196 869 
421 869 
454 869 
771 869 
43 870 
56 870 
373 870 
547 870 
771 870 
854 870 
29 871 
84 871 
166 871 
210 871 
403 871 
769 871 
2 872 
76 872 
102 872 
127 872 
322 872 
445 872 
210 873 
487 873 
546 873 
590 873 
756 873 
805 873 
128 874 
131 874 
175 874 
254 874 
273 874 
824 874 
1 875 
34 875 
153 875 
331 875 
772 875 
849 875 
910 875 
967 875 
997 875 
89 876 
109 876 
162 876 
283 876 
411 876 
835 876 
9 877 
28 877 
63 877 
348 877 
595 877 
683 877 
880 877 
3 878 
12 878 
36 878 
170 878 
181 878 
644 878 
3 879 
18 879 
36 879 
80 879 
307 879 
836 879 
898 879 
63 880 
119 880 
195 880 
210 880 
595 880 
877 880 
944 880 
24 881 
101 881 
112 881 
231 881 
309 881 
442 881 
256 882 
339 882 
359 882 
567 882 
584 882 
704 882 
4 883 
228 883 
420 883 
472 883 
610 883 
687 883 
918 883 
16 884 
457 884 
470 884 
676 884 
720 884 
827 884 
28 885 
88 885 
171 885 
251 885 
736 885 
795 885 
209 886 
238 886 
327 886 
343 886 
396 886 
640 886 
5 887 
8 887 
14 887 
22 887 
87 887 
407 887 
919 887 
981 887 
22 888 
49 888 
141 888 
413 888 
541 888 
827 888 
894 888 
917 888 
16 889 
25 889 
263 889 
323 889 
364 889 
700 889 
5 890 
33 890 
186 890 
198 890 
205 890 
583 890 
6 891 
38 891 
225 891 
234 891 
434 891 
552 891 
65 892 
103 892 
133 892 
681 892 
800 892 
817 892 
75 893 
97 893 
98 893 
193 893 
253 893 
419 893 
22 894 
52 894 
182 894 
357 894 
827 894 
888 894 
900 894 
6 895 
382 895 
531 895 
714 895 
747 895 
789 895 
158 896 
207 896 
445 896 
513 896 
547 896 
771 896 
9 897 
19 897 
108 897 
346 897 
596 897 
980 897 
9 898 
28 898 
36 898 
80 898 
203 898 
879 898 
6 899 
9 899 
12 899 
77 899 
277 899 
499 899 
52 900 
357 900 
405 900 
453 900 
706 900 
894 900 
12 901 
22 901 
72 901 
99 901 
494 901 
832 901 
2 902 
14 902 
37 902 
304 902 
532 902 
745 902 
20 903 
40 903 
82 903 
91 903 
122 903 
246 903 
3 904 
30 904 
38 904 
60 904 
76 904 
545 904 
923 904 
936 904 
948 904 
73 905 
74 905 
116 905 
530 905 
584 905 
818 905 
71 906 
131 906 
134 906 
314 906 
406 906 
828 906 
2 907 
23 907 
149 907 
445 907 
601 907 
677 907 
11 908 
174 908 
175 908 
212 908 
697 908 
822 908 
1 909 
33 909 
81 909 
127 909 
205 909 
688 909 
1 910 
25 910 
96 910 
331 910 
364 910 
875 910 
997 910 
1 911 
18 911 
250 911 
313 911 
575 911 
836 911 
1 912 
28 912 
124 912 
195 912 
399 912 
829 912 
72 913 
98 913 
183 913 
410 913 
555 913 
839 913 
952 913 
49 914 
202 914 
237 914 
290 914 
352 914 
566 914 
1000 914 
28 915 
39 915 
53 915 
176 915 
199 915 
348 915 
5 916 
20 916 
51 916 
307 916 
340 916 
765 916 
972 916 
987 916 
22 917 
182 917 
413 917 
472 917 
615 917 
888 917 
228 918 
286 918 
429 918 
472 918 
539 918 
883 918 
5 919 
14 919 
136 919 
332 919 
392 919 
887 919 
147 920 
376 920 
406 920 
415 920 
481 920 
788 920 
996 920 
154 921 
194 921 
225 921 
430 921 
708 921 
862 921 
45 922 
86 922 
134 922 
362 922 
367 922 
370 922 
10 923 
30 923 
60 923 
109 923 
705 923 
904 923 
948 923 
2 924 
12 924 
111 924 
143 924 
285 924 
368 924 
6 925 
13 925 
94 925 
115 925 
417 925 
733 925 
940 925 
4 926 
9 926 
138 926 
597 926 
618 926 
643 926 
13 927 
18 927 
35 927 
136 927 
167 927 
779 927 
197 928 
250 928 
329 928 
523 928 
747 928 
789 928 
28 929 
74 929 
464 929 
537 929 
576 929 
599 929 
21 930 
41 930 
64 930 
107 930 
129 930 
847 930 
3 931 
8 931 
15 931 
109 931 
167 931 
682 931 
2 932 
40 932 
64 932 
100 932 
750 932 
847 932 
3 933 
48 933 
93 933 
110 933 
149 933 
188 933 
155 934 
266 934 
395 934 
478 934 
544 934 
691 934 
185 935 
207 935 
239 935 
534 935 
666 935 
814 935 
60 936 
76 936 
150 936 
486 936 
515 936 
904 936 
1 937 
4 937 
65 937 
66 937 
259 937 
718 937 
4 938 
51 938 
62 938 
189 938 
244 938 
288 938 
2 939 
69 939 
185 939 
560 939 
696 939 
790 939 
3 940 
115 940 
417 940 
439 940 
452 940 
925 940 
994 940 
2 941 
76 941 
83 941 
347 941 
379 941 
622 941 
2 942 
186 942 
223 942 
263 942 
324 942 
390 942 
28 943 
56 943 
129 943 
144 943 
408 943 
712 943 
12 944 
98 944 
119 944 
195 944 
272 944 
880 944 
563 945 
599 945 
662 945 
690 945 
741 945 
867 945 
12 946 
28 946 
76 946 
295 946 
452 946 
806 946 
6 947 
166 947 
309 947 
484 947 
597 947 
624 947 
28 948 
30 948 
230 948 
482 948 
904 948 
923 948 
956 948 
135 949 
224 949 
314 949 
514 949 
561 949 
587 949 
970 949 
3 950 
31 950 
32 950 
119 950 
306 950 
724 950 
22 951 
99 951 
259 951 
654 951 
664 951 
857 951 
966 951 
72 952 
164 952 
234 952 
673 952 
839 952 
913 952 
6 953 
150 953 
164 953 
169 953 
223 953 
351 953 
37 954 
115 954 
311 954 
574 954 
694 954 
725 954 
9 955 
42 955 
371 955 
473 955 
617 955 
861 955 
993 955 
28 956 
366 956 
482 956 
647 956 
732 956 
948 956 
189 957 
213 957 
350 957 
433 957 
522 957 
793 957 
973 957 
2 958 
141 958 
347 958 
539 958 
625 958 
863 958 
28 959 
54 959 
71 959 
76 959 
253 959 
263 959 
9 960 
75 960 
108 960 
377 960 
476 960 
602 960 
16 961 
39 961 
95 961 
113 961 
153 961 
371 961 
43 962 
113 962 
199 962 
228 962 
311 962 
540 962 
4 963 
20 963 
30 963 
395 963 
498 963 
562 963 
55 964 
57 964 
147 964 
197 964 
475 964 
806 964 
19 965 
172 965 
175 965 
226 965 
500 965 
824 965 
995 965 
11 966 
13 966 
99 966 
167 966 
664 966 
951 966 
1 967 
9 967 
34 967 
71 967 
833 967 
875 967 
50 968 
189 968 
328 968 
485 968 
542 968 
668 968 
1 969 
191 969 
207 969 
241 969 
565 969 
759 969 
983 969 
32 970 
49 970 
135 970 
206 970 
224 970 
949 970 
3 971 
13 971 
35 971 
320 971 
649 971 
703 971 
3 972 
6 972 
47 972 
51 972 
340 972 
916 972 
207 973 
213 973 
433 973 
476 973 
684 973 
957 973 
18 974 
70 974 
143 974 
211 974 
298 974 
518 974 
158 975 
432 975 
445 975 
606 975 
619 975 
660 975 
4 976 
14 976 
209 976 
228 976 
292 976 
692 976 
110 977 
194 977 
197 977 
430 977 
582 977 
832 977 
58 978 
91 978 
205 978 
246 978 
489 978 
688 978 
2 979 
5 979 
32 979 
103 979 
265 979 
299 979 
9 980 
25 980 
346 980 
421 980 
486 980 
897 980 
14 981 
22 981 
172 981 
187 981 
753 981 
887 981 
6 982 
16 982 
26 982 
44 982 
179 982 
190 982 
14 983 
187 983 
241 983 
538 983 
759 983 
969 983 
18 984 
19 984 
20 984 
172 984 
387 984 
506 984 
17 985 
43 985 
48 985 
366 985 
812 985 
854 985 
2 986 
31 986 
155 986 
390 986 
399 986 
630 986 
51 987 
269 987 
284 987 
307 987 
600 987 
916 987 
1 988 
14 988 
24 988 
193 988 
280 988 
663 988 
45 989 
114 989 
426 989 
486 989 
501 989 
729 989 
997 989 
5 990 
20 990 
118 990 
260 990 
299 990 
1 991 
12 991 
146 991 
220 991 
298 991 
389 991 
76 992 
102 992 
155 992 
366 992 
477 992 
524 992 
86 993 
97 993 
371 993 
588 993 
617 993 
955 993 
3 994 
12 994 
60 994 
76 994 
452 994 
940 994 
117 995 
226 995 
315 995 
824 995 
836 995 
965 995 
4 996 
95 996 
147 996 
376 996 
406 996 
920 996 
1 997 
486 997 
501 997 
875 997 
910 997 
989 997 
19 998 
31 998 
317 998 
399 998 
543 998 
626 998 
27 999 
73 999 
78 999 
200 999 
248 999 
805 999 
38 1000 
163 1000 
290 1000 
352 1000 
564 1000 
914 1000 
