2 1 
3 1 
4 1 
5 1 
6 1 
7 1 
8 1 
9 1 
11 1 
16 1 
17 1 
18 1 
20 1 
21 1 
22 1 
24 1 
25 1 
27 1 
30 1 
31 1 
32 1 
33 1 
35 1 
39 1 
42 1 
43 1 
45 1 
47 1 
48 1 
53 1 
54 1 
60 1 
61 1 
62 1 
64 1 
69 1 
75 1 
81 1 
84 1 
91 1 
93 1 
95 1 
107 1 
110 1 
114 1 
116 1 
117 1 
123 1 
133 1 
138 1 
141 1 
144 1 
145 1 
169 1 
172 1 
174 1 
176 1 
178 1 
188 1 
190 1 
194 1 
201 1 
206 1 
214 1 
217 1 
218 1 
233 1 
238 1 
270 1 
275 1 
288 1 
290 1 
296 1 
298 1 
304 1 
311 1 
321 1 
324 1 
330 1 
336 1 
339 1 
352 1 
359 1 
363 1 
372 1 
392 1 
416 1 
423 1 
436 1 
445 1 
462 1 
475 1 
483 1 
498 1 
523 1 
560 1 
579 1 
591 1 
592 1 
640 1 
650 1 
653 1 
665 1 
676 1 
679 1 
680 1 
683 1 
685 1 
716 1 
717 1 
719 1 
739 1 
746 1 
760 1 
763 1 
764 1 
771 1 
776 1 
783 1 
798 1 
809 1 
810 1 
825 1 
827 1 
836 1 
856 1 
875 1 
877 1 
878 1 
884 1 
890 1 
915 1 
944 1 
957 1 
966 1 
973 1 
1 2 
3 2 
4 2 
5 2 
6 2 
7 2 
8 2 
12 2 
13 2 
15 2 
16 2 
19 2 
22 2 
23 2 
24 2 
25 2 
28 2 
38 2 
40 2 
41 2 
45 2 
48 2 
50 2 
51 2 
52 2 
53 2 
55 2 
56 2 
62 2 
65 2 
68 2 
70 2 
83 2 
91 2 
105 2 
116 2 
124 2 
125 2 
153 2 
162 2 
165 2 
176 2 
178 2 
179 2 
184 2 
191 2 
209 2 
213 2 
217 2 
238 2 
248 2 
250 2 
258 2 
274 2 
276 2 
286 2 
294 2 
296 2 
301 2 
305 2 
307 2 
319 2 
323 2 
329 2 
341 2 
349 2 
359 2 
376 2 
387 2 
390 2 
400 2 
407 2 
415 2 
418 2 
425 2 
431 2 
459 2 
482 2 
488 2 
498 2 
527 2 
533 2 
537 2 
548 2 
563 2 
589 2 
590 2 
613 2 
637 2 
652 2 
659 2 
664 2 
688 2 
702 2 
713 2 
720 2 
722 2 
745 2 
774 2 
775 2 
779 2 
804 2 
810 2 
831 2 
837 2 
845 2 
850 2 
897 2 
908 2 
914 2 
923 2 
933 2 
948 2 
956 2 
974 2 
991 2 
1 3 
2 3 
4 3 
6 3 
9 3 
12 3 
14 3 
16 3 
17 3 
27 3 
28 3 
29 3 
31 3 
43 3 
45 3 
46 3 
58 3 
63 3 
65 3 
68 3 
72 3 
74 3 
78 3 
81 3 
83 3 
86 3 
115 3 
117 3 
123 3 
127 3 
132 3 
136 3 
141 3 
142 3 
160 3 
164 3 
165 3 
179 3 
181 3 
185 3 
191 3 
202 3 
275 3 
313 3 
317 3 
318 3 
353 3 
354 3 
357 3 
386 3 
441 3 
444 3 
453 3 
459 3 
477 3 
478 3 
485 3 
497 3 
505 3 
524 3 
530 3 
535 3 
541 3 
558 3 
573 3 
593 3 
598 3 
614 3 
618 3 
620 3 
628 3 
633 3 
650 3 
708 3 
741 3 
757 3 
771 3 
812 3 
903 3 
956 3 
985 3 
1 4 
2 4 
3 4 
5 4 
6 4 
7 4 
8 4 
9 4 
10 4 
11 4 
12 4 
14 4 
15 4 
18 4 
19 4 
21 4 
26 4 
28 4 
32 4 
34 4 
41 4 
43 4 
47 4 
52 4 
55 4 
58 4 
65 4 
70 4 
75 4 
76 4 
85 4 
95 4 
107 4 
119 4 
124 4 
136 4 
141 4 
143 4 
144 4 
151 4 
153 4 
168 4 
171 4 
176 4 
196 4 
200 4 
204 4 
215 4 
226 4 
228 4 
239 4 
241 4 
243 4 
245 4 
248 4 
250 4 
256 4 
257 4 
264 4 
277 4 
297 4 
301 4 
302 4 
306 4 
310 4 
324 4 
335 4 
336 4 
346 4 
361 4 
383 4 
405 4 
418 4 
430 4 
439 4 
482 4 
517 4 
523 4 
526 4 
538 4 
549 4 
557 4 
570 4 
580 4 
615 4 
625 4 
628 4 
633 4 
634 4 
646 4 
671 4 
701 4 
704 4 
711 4 
714 4 
721 4 
730 4 
737 4 
743 4 
761 4 
766 4 
777 4 
834 4 
851 4 
892 4 
924 4 
947 4 
973 4 
985 4 
1 5 
2 5 
4 5 
6 5 
7 5 
9 5 
10 5 
14 5 
16 5 
20 5 
21 5 
25 5 
32 5 
41 5 
47 5 
50 5 
60 5 
70 5 
89 5 
90 5 
91 5 
99 5 
100 5 
108 5 
113 5 
122 5 
124 5 
138 5 
145 5 
147 5 
163 5 
178 5 
183 5 
189 5 
211 5 
246 5 
267 5 
272 5 
281 5 
283 5 
297 5 
298 5 
309 5 
337 5 
345 5 
348 5 
360 5 
368 5 
374 5 
379 5 
393 5 
395 5 
396 5 
404 5 
430 5 
434 5 
438 5 
445 5 
457 5 
470 5 
487 5 
524 5 
531 5 
537 5 
548 5 
587 5 
591 5 
592 5 
603 5 
648 5 
654 5 
676 5 
749 5 
806 5 
814 5 
848 5 
851 5 
873 5 
890 5 
912 5 
922 5 
980 5 
989 5 
997 5 
1 6 
2 6 
3 6 
4 6 
5 6 
8 6 
9 6 
10 6 
13 6 
14 6 
15 6 
17 6 
18 6 
22 6 
26 6 
30 6 
31 6 
34 6 
35 6 
41 6 
46 6 
50 6 
55 6 
57 6 
63 6 
76 6 
81 6 
86 6 
87 6 
90 6 
101 6 
105 6 
109 6 
110 6 
118 6 
128 6 
131 6 
132 6 
136 6 
138 6 
140 6 
141 6 
143 6 
144 6 
147 6 
150 6 
154 6 
174 6 
177 6 
183 6 
188 6 
193 6 
197 6 
203 6 
207 6 
220 6 
228 6 
230 6 
232 6 
241 6 
247 6 
249 6 
252 6 
261 6 
282 6 
292 6 
302 6 
312 6 
325 6 
348 6 
350 6 
351 6 
357 6 
383 6 
416 6 
417 6 
426 6 
448 6 
470 6 
477 6 
479 6 
486 6 
503 6 
515 6 
549 6 
551 6 
560 6 
578 6 
588 6 
596 6 
599 6 
604 6 
607 6 
621 6 
624 6 
632 6 
648 6 
684 6 
727 6 
736 6 
737 6 
744 6 
784 6 
803 6 
807 6 
851 6 
883 6 
888 6 
904 6 
909 6 
919 6 
936 6 
976 6 
980 6 
981 6 
1 7 
2 7 
4 7 
5 7 
8 7 
10 7 
11 7 
12 7 
19 7 
22 7 
23 7 
25 7 
26 7 
33 7 
47 7 
53 7 
57 7 
60 7 
87 7 
91 7 
93 7 
139 7 
150 7 
168 7 
211 7 
223 7 
226 7 
255 7 
262 7 
323 7 
327 7 
335 7 
374 7 
387 7 
406 7 
430 7 
465 7 
499 7 
559 7 
646 7 
653 7 
655 7 
695 7 
703 7 
721 7 
725 7 
733 7 
755 7 
838 7 
848 7 
855 7 
860 7 
861 7 
913 7 
918 7 
921 7 
1 8 
2 8 
4 8 
6 8 
7 8 
10 8 
11 8 
12 8 
13 8 
19 8 
24 8 
28 8 
30 8 
33 8 
34 8 
38 8 
39 8 
41 8 
42 8 
44 8 
46 8 
49 8 
51 8 
53 8 
57 8 
61 8 
63 8 
64 8 
67 8 
70 8 
71 8 
73 8 
75 8 
80 8 
86 8 
87 8 
88 8 
92 8 
97 8 
100 8 
101 8 
104 8 
112 8 
115 8 
121 8 
130 8 
148 8 
149 8 
151 8 
161 8 
162 8 
168 8 
186 8 
194 8 
197 8 
209 8 
228 8 
244 8 
245 8 
255 8 
260 8 
262 8 
269 8 
270 8 
273 8 
280 8 
286 8 
288 8 
305 8 
316 8 
323 8 
327 8 
328 8 
338 8 
349 8 
364 8 
365 8 
366 8 
377 8 
389 8 
415 8 
466 8 
469 8 
485 8 
493 8 
503 8 
520 8 
545 8 
550 8 
561 8 
568 8 
574 8 
583 8 
623 8 
630 8 
632 8 
637 8 
642 8 
655 8 
659 8 
668 8 
674 8 
675 8 
696 8 
714 8 
736 8 
737 8 
752 8 
762 8 
765 8 
769 8 
781 8 
786 8 
789 8 
791 8 
818 8 
832 8 
846 8 
850 8 
853 8 
855 8 
857 8 
887 8 
889 8 
894 8 
906 8 
941 8 
960 8 
964 8 
985 8 
1 9 
3 9 
4 9 
5 9 
6 9 
10 9 
14 9 
17 9 
20 9 
21 9 
23 9 
26 9 
29 9 
37 9 
65 9 
66 9 
68 9 
77 9 
81 9 
83 9 
90 9 
98 9 
106 9 
111 9 
115 9 
119 9 
122 9 
123 9 
125 9 
127 9 
131 9 
135 9 
150 9 
170 9 
185 9 
189 9 
196 9 
208 9 
214 9 
218 9 
233 9 
247 9 
254 9 
281 9 
296 9 
297 9 
315 9 
322 9 
324 9 
328 9 
345 9 
347 9 
356 9 
361 9 
367 9 
375 9 
378 9 
380 9 
395 9 
398 9 
401 9 
410 9 
426 9 
444 9 
454 9 
457 9 
475 9 
476 9 
483 9 
484 9 
496 9 
541 9 
569 9 
571 9 
635 9 
639 9 
657 9 
667 9 
671 9 
674 9 
702 9 
733 9 
735 9 
763 9 
775 9 
829 9 
841 9 
847 9 
858 9 
871 9 
885 9 
938 9 
940 9 
952 9 
954 9 
962 9 
996 9 
4 10 
5 10 
6 10 
7 10 
8 10 
9 10 
11 10 
13 10 
14 10 
20 10 
23 10 
26 10 
29 10 
32 10 
36 10 
37 10 
41 10 
44 10 
49 10 
54 10 
56 10 
59 10 
66 10 
77 10 
79 10 
92 10 
97 10 
99 10 
116 10 
121 10 
126 10 
128 10 
129 10 
137 10 
140 10 
146 10 
150 10 
160 10 
162 10 
172 10 
196 10 
197 10 
203 10 
206 10 
211 10 
227 10 
240 10 
243 10 
279 10 
283 10 
290 10 
297 10 
310 10 
347 10 
350 10 
355 10 
377 10 
403 10 
408 10 
412 10 
422 10 
424 10 
457 10 
461 10 
463 10 
481 10 
501 10 
519 10 
604 10 
609 10 
617 10 
621 10 
626 10 
630 10 
643 10 
654 10 
658 10 
675 10 
678 10 
711 10 
727 10 
744 10 
769 10 
804 10 
876 10 
892 10 
911 10 
946 10 
978 10 
979 10 
1 11 
4 11 
7 11 
8 11 
10 11 
12 11 
13 11 
18 11 
19 11 
20 11 
37 11 
42 11 
44 11 
48 11 
52 11 
59 11 
64 11 
69 11 
84 11 
89 11 
93 11 
97 11 
104 11 
118 11 
120 11 
139 11 
140 11 
142 11 
148 11 
166 11 
168 11 
169 11 
173 11 
175 11 
188 11 
193 11 
226 11 
229 11 
291 11 
327 11 
338 11 
358 11 
380 11 
427 11 
429 11 
431 11 
451 11 
455 11 
465 11 
494 11 
526 11 
533 11 
543 11 
561 11 
565 11 
594 11 
625 11 
652 11 
663 11 
684 11 
699 11 
767 11 
794 11 
806 11 
848 11 
860 11 
886 11 
894 11 
907 11 
939 11 
955 11 
960 11 
2 12 
3 12 
4 12 
7 12 
8 12 
11 12 
15 12 
16 12 
38 12 
40 12 
44 12 
57 12 
58 12 
78 12 
93 12 
139 12 
191 12 
202 12 
238 12 
244 12 
270 12 
274 12 
310 12 
353 12 
374 12 
385 12 
406 12 
420 12 
429 12 
431 12 
474 12 
497 12 
516 12 
559 12 
563 12 
580 12 
583 12 
638 12 
655 12 
662 12 
701 12 
720 12 
729 12 
733 12 
740 12 
747 12 
748 12 
806 12 
817 12 
818 12 
830 12 
838 12 
896 12 
976 12 
2 13 
6 13 
8 13 
10 13 
11 13 
20 13 
24 13 
34 13 
42 13 
49 13 
65 13 
67 13 
71 13 
74 13 
80 13 
97 13 
112 13 
143 13 
159 13 
161 13 
173 13 
192 13 
208 13 
229 13 
262 13 
263 13 
279 13 
280 13 
299 13 
340 13 
364 13 
393 13 
399 13 
413 13 
419 13 
424 13 
492 13 
508 13 
533 13 
574 13 
576 13 
637 13 
652 13 
676 13 
684 13 
703 13 
719 13 
830 13 
837 13 
859 13 
870 13 
939 13 
978 13 
3 14 
4 14 
5 14 
6 14 
9 14 
10 14 
17 14 
18 14 
21 14 
23 14 
27 14 
28 14 
30 14 
34 14 
36 14 
37 14 
39 14 
40 14 
50 14 
58 14 
66 14 
71 14 
73 14 
74 14 
77 14 
86 14 
89 14 
90 14 
96 14 
101 14 
110 14 
113 14 
134 14 
167 14 
187 14 
191 14 
192 14 
200 14 
204 14 
211 14 
221 14 
239 14 
256 14 
274 14 
308 14 
355 14 
363 14 
372 14 
377 14 
379 14 
395 14 
401 14 
402 14 
475 14 
479 14 
517 14 
568 14 
587 14 
619 14 
620 14 
622 14 
626 14 
648 14 
675 14 
691 14 
723 14 
740 14 
746 14 
748 14 
750 14 
761 14 
777 14 
783 14 
791 14 
792 14 
795 14 
807 14 
816 14 
845 14 
852 14 
867 14 
869 14 
885 14 
897 14 
900 14 
905 14 
938 14 
959 14 
972 14 
979 14 
992 14 
994 14 
2 15 
4 15 
6 15 
12 15 
38 15 
176 15 
228 15 
301 15 
319 15 
527 15 
635 15 
701 15 
947 15 
1 16 
2 16 
3 16 
5 16 
12 16 
24 16 
52 16 
83 16 
164 16 
178 16 
191 16 
238 16 
298 16 
329 16 
336 16 
339 16 
353 16 
359 16 
411 16 
432 16 
487 16 
516 16 
548 16 
553 16 
580 16 
618 16 
646 16 
650 16 
685 16 
712 16 
836 16 
857 16 
895 16 
967 16 
1 17 
3 17 
6 17 
9 17 
14 17 
18 17 
22 17 
25 17 
26 17 
27 17 
29 17 
35 17 
39 17 
43 17 
54 17 
63 17 
72 17 
73 17 
82 17 
98 17 
108 17 
109 17 
117 17 
122 17 
126 17 
127 17 
134 17 
177 17 
203 17 
222 17 
254 17 
259 17 
292 17 
296 17 
364 17 
404 17 
448 17 
459 17 
464 17 
478 17 
486 17 
494 17 
496 17 
522 17 
524 17 
551 17 
569 17 
601 17 
645 17 
679 17 
680 17 
685 17 
688 17 
724 17 
782 17 
812 17 
872 17 
880 17 
883 17 
918 17 
929 17 
933 17 
1 18 
4 18 
6 18 
11 18 
14 18 
17 18 
19 18 
30 18 
39 18 
40 18 
48 18 
84 18 
85 18 
109 18 
124 18 
136 18 
139 18 
144 18 
175 18 
207 18 
222 18 
252 18 
313 18 
337 18 
358 18 
397 18 
540 18 
557 18 
588 18 
730 18 
778 18 
795 18 
801 18 
803 18 
812 18 
813 18 
927 18 
2 19 
4 19 
7 19 
8 19 
11 19 
18 19 
22 19 
33 19 
38 19 
45 19 
48 19 
51 19 
52 19 
94 19 
105 19 
120 19 
124 19 
139 19 
142 19 
161 19 
171 19 
200 19 
204 19 
234 19 
239 19 
257 19 
271 19 
313 19 
343 19 
353 19 
366 19 
397 19 
526 19 
564 19 
565 19 
615 19 
670 19 
677 19 
704 19 
761 19 
772 19 
788 19 
795 19 
827 19 
840 19 
907 19 
1 20 
5 20 
9 20 
10 20 
11 20 
13 20 
32 20 
37 20 
42 20 
59 20 
62 20 
69 20 
70 20 
75 20 
77 20 
79 20 
80 20 
94 20 
112 20 
199 20 
219 20 
234 20 
317 20 
395 20 
396 20 
398 20 
473 20 
483 20 
488 20 
496 20 
515 20 
534 20 
548 20 
582 20 
586 20 
647 20 
652 20 
752 20 
865 20 
1 21 
4 21 
5 21 
9 21 
14 21 
47 21 
55 21 
66 21 
89 21 
90 21 
96 21 
99 21 
103 21 
106 21 
111 21 
119 21 
125 21 
134 21 
137 21 
138 21 
181 21 
183 21 
189 21 
196 21 
216 21 
246 21 
249 21 
264 21 
267 21 
269 21 
272 21 
275 21 
303 21 
309 21 
319 21 
351 21 
365 21 
375 21 
386 21 
389 21 
397 21 
399 21 
420 21 
447 21 
462 21 
493 21 
531 21 
536 21 
544 21 
576 21 
579 21 
586 21 
602 21 
603 21 
620 21 
657 21 
740 21 
770 21 
793 21 
891 21 
899 21 
916 21 
1 22 
2 22 
6 22 
7 22 
17 22 
19 22 
23 22 
25 22 
27 22 
45 22 
94 22 
114 22 
135 22 
153 22 
174 22 
244 22 
273 22 
287 22 
290 22 
308 22 
322 22 
335 22 
362 22 
387 22 
408 22 
433 22 
460 22 
466 22 
486 22 
516 22 
532 22 
572 22 
591 22 
598 22 
599 22 
653 22 
658 22 
719 22 
725 22 
782 22 
875 22 
886 22 
936 22 
986 22 
2 23 
7 23 
9 23 
10 23 
14 23 
22 23 
29 23 
36 23 
37 23 
44 23 
59 23 
116 23 
121 23 
195 23 
220 23 
323 23 
335 23 
350 23 
407 23 
484 23 
551 23 
626 23 
653 23 
674 23 
742 23 
792 23 
816 23 
1 24 
2 24 
8 24 
13 24 
16 24 
28 24 
52 24 
65 24 
67 24 
68 24 
74 24 
82 24 
116 24 
157 24 
208 24 
238 24 
241 24 
258 24 
260 24 
311 24 
320 24 
323 24 
326 24 
327 24 
389 24 
405 24 
425 24 
429 24 
432 24 
449 24 
458 24 
492 24 
537 24 
568 24 
613 24 
655 24 
685 24 
692 24 
712 24 
837 24 
866 24 
875 24 
971 24 
1 25 
2 25 
5 25 
7 25 
17 25 
22 25 
27 25 
53 25 
54 25 
60 25 
72 25 
100 25 
123 25 
124 25 
127 25 
129 25 
135 25 
184 25 
210 25 
211 25 
215 25 
244 25 
250 25 
252 25 
268 25 
273 25 
284 25 
318 25 
334 25 
370 25 
371 25 
437 25 
452 25 
460 25 
488 25 
495 25 
514 25 
665 25 
680 25 
681 25 
694 25 
722 25 
782 25 
822 25 
915 25 
918 25 
950 25 
972 25 
4 26 
6 26 
7 26 
9 26 
10 26 
17 26 
32 26 
54 26 
56 26 
61 26 
98 26 
99 26 
107 26 
108 26 
126 26 
131 26 
149 26 
150 26 
157 26 
159 26 
177 26 
180 26 
205 26 
215 26 
258 26 
279 26 
292 26 
299 26 
302 26 
340 26 
371 26 
378 26 
382 26 
398 26 
403 26 
410 26 
430 26 
448 26 
480 26 
504 26 
508 26 
567 26 
581 26 
603 26 
604 26 
605 26 
628 26 
631 26 
639 26 
641 26 
644 26 
657 26 
658 26 
662 26 
678 26 
693 26 
721 26 
738 26 
768 26 
793 26 
809 26 
829 26 
831 26 
862 26 
868 26 
874 26 
930 26 
935 26 
937 26 
962 26 
989 26 
993 26 
1000 26 
1 27 
3 27 
14 27 
17 27 
22 27 
25 27 
29 27 
31 27 
35 27 
36 27 
73 27 
74 27 
98 27 
113 27 
123 27 
129 27 
132 27 
135 27 
142 27 
169 27 
215 27 
229 27 
239 27 
272 27 
282 27 
300 27 
305 27 
308 27 
318 27 
322 27 
333 27 
341 27 
373 27 
418 27 
477 27 
510 27 
556 27 
573 27 
599 27 
629 27 
640 27 
653 27 
713 27 
726 27 
747 27 
794 27 
809 27 
819 27 
875 27 
877 27 
897 27 
909 27 
972 27 
998 27 
2 28 
3 28 
4 28 
8 28 
14 28 
24 28 
51 28 
58 28 
88 28 
151 28 
156 28 
158 28 
170 28 
191 28 
248 28 
253 28 
258 28 
422 28 
455 28 
568 28 
580 28 
634 28 
664 28 
745 28 
906 28 
960 28 
985 28 
994 28 
3 29 
9 29 
10 29 
17 29 
23 29 
27 29 
31 29 
35 29 
36 29 
43 29 
44 29 
46 29 
67 29 
78 29 
82 29 
88 29 
98 29 
102 29 
122 29 
156 29 
179 29 
195 29 
196 29 
202 29 
210 29 
251 29 
260 29 
313 29 
321 29 
354 29 
444 29 
484 29 
534 29 
542 29 
569 29 
573 29 
701 29 
723 29 
731 29 
917 29 
931 29 
940 29 
952 29 
1 30 
6 30 
8 30 
14 30 
18 30 
31 30 
33 30 
40 30 
49 30 
57 30 
73 30 
76 30 
87 30 
90 30 
101 30 
114 30 
130 30 
144 30 
149 30 
158 30 
187 30 
228 30 
315 30 
321 30 
339 30 
357 30 
358 30 
394 30 
402 30 
403 30 
475 30 
515 30 
518 30 
556 30 
623 30 
648 30 
686 30 
801 30 
846 30 
878 30 
976 30 
1 31 
3 31 
6 31 
27 31 
29 31 
30 31 
35 31 
46 31 
67 31 
76 31 
88 31 
98 31 
102 31 
105 31 
132 31 
133 31 
138 31 
152 31 
156 31 
201 31 
205 31 
225 31 
260 31 
300 31 
317 31 
330 31 
339 31 
376 31 
388 31 
402 31 
403 31 
409 31 
445 31 
544 31 
556 31 
558 31 
599 31 
709 31 
753 31 
802 31 
819 31 
824 31 
982 31 
1 32 
4 32 
5 32 
10 32 
20 32 
26 32 
42 32 
54 32 
70 32 
107 32 
149 32 
155 32 
157 32 
180 32 
190 32 
199 32 
219 32 
226 32 
257 32 
285 32 
314 32 
317 32 
337 32 
410 32 
439 32 
445 32 
500 32 
504 32 
520 32 
534 32 
546 32 
582 32 
669 32 
690 32 
711 32 
751 32 
966 32 
1 33 
7 33 
8 33 
19 33 
30 33 
39 33 
49 33 
64 33 
79 33 
92 33 
103 33 
114 33 
161 33 
182 33 
245 33 
255 33 
273 33 
283 33 
443 33 
499 33 
596 33 
829 33 
833 33 
865 33 
953 33 
4 34 
6 34 
8 34 
13 34 
14 34 
46 34 
50 34 
63 34 
71 34 
80 34 
140 34 
143 34 
231 34 
294 34 
299 34 
312 34 
393 34 
512 34 
636 34 
690 34 
737 34 
843 34 
863 34 
909 34 
934 34 
1 35 
6 35 
17 35 
27 35 
29 35 
31 35 
36 35 
81 35 
82 35 
105 35 
134 35 
154 35 
197 35 
246 35 
247 35 
261 35 
298 35 
364 35 
394 35 
491 35 
528 35 
529 35 
534 35 
578 35 
713 35 
904 35 
952 35 
10 36 
14 36 
23 36 
27 36 
29 36 
35 36 
59 36 
408 36 
534 36 
626 36 
675 36 
713 36 
744 36 
959 36 
9 37 
10 37 
11 37 
14 37 
20 37 
23 37 
59 37 
77 37 
80 37 
92 37 
97 37 
104 37 
112 37 
129 37 
130 37 
154 37 
162 37 
170 37 
173 37 
236 37 
281 37 
316 37 
325 37 
326 37 
377 37 
398 37 
468 37 
504 37 
609 37 
647 37 
674 37 
700 37 
724 37 
748 37 
760 37 
779 37 
792 37 
845 37 
970 37 
992 37 
2 38 
8 38 
12 38 
15 38 
19 38 
40 38 
48 38 
209 38 
271 38 
305 38 
353 38 
365 38 
366 38 
369 38 
400 38 
458 38 
540 38 
557 38 
659 38 
675 38 
920 38 
933 38 
1 39 
8 39 
14 39 
17 39 
18 39 
33 39 
64 39 
79 39 
92 39 
103 39 
117 39 
155 39 
167 39 
182 39 
186 39 
222 39 
227 39 
288 39 
463 39 
480 39 
503 39 
597 39 
610 39 
668 39 
687 39 
736 39 
739 39 
795 39 
972 39 
995 39 
2 40 
12 40 
14 40 
18 40 
30 40 
38 40 
101 40 
238 40 
358 40 
400 40 
590 40 
2 41 
4 41 
5 41 
6 41 
8 41 
10 41 
50 41 
55 41 
56 41 
75 41 
85 41 
102 41 
121 41 
143 41 
147 41 
163 41 
179 41 
180 41 
183 41 
184 41 
194 41 
212 41 
216 41 
223 41 
235 41 
294 41 
333 41 
348 41 
384 41 
404 41 
449 41 
546 41 
555 41 
600 41 
644 41 
673 41 
743 41 
788 41 
815 41 
876 41 
892 41 
995 41 
1 42 
8 42 
11 42 
13 42 
20 42 
32 42 
62 42 
110 42 
168 42 
219 42 
229 42 
270 42 
473 42 
574 42 
966 42 
1 43 
3 43 
4 43 
17 43 
29 43 
45 43 
72 43 
95 43 
122 43 
172 43 
176 43 
179 43 
202 43 
336 43 
485 43 
500 43 
542 43 
715 43 
840 43 
852 43 
920 43 
956 43 
964 43 
984 43 
8 44 
10 44 
11 44 
12 44 
23 44 
29 44 
64 44 
121 44 
148 44 
160 44 
224 44 
338 44 
677 44 
728 44 
818 44 
971 44 
1 45 
2 45 
3 45 
19 45 
22 45 
43 45 
94 45 
105 45 
114 45 
125 45 
153 45 
172 45 
214 45 
287 45 
419 45 
598 45 
695 45 
799 45 
998 45 
3 46 
6 46 
8 46 
29 46 
31 46 
34 46 
63 46 
67 46 
78 46 
86 46 
118 46 
140 46 
160 46 
231 46 
271 46 
317 46 
321 46 
477 46 
558 46 
569 46 
614 46 
701 46 
722 46 
762 46 
1 47 
4 47 
5 47 
7 47 
21 47 
55 47 
60 47 
69 47 
76 47 
103 47 
183 47 
216 47 
278 47 
284 47 
309 47 
319 47 
360 47 
374 47 
393 47 
446 47 
447 47 
497 47 
553 47 
562 47 
566 47 
577 47 
611 47 
632 47 
638 47 
666 47 
884 47 
902 47 
912 47 
941 47 
948 47 
1 48 
2 48 
11 48 
18 48 
19 48 
38 48 
51 48 
62 48 
84 48 
85 48 
175 48 
209 48 
213 48 
222 48 
240 48 
271 48 
286 48 
332 48 
369 48 
376 48 
390 48 
435 48 
437 48 
441 48 
442 48 
453 48 
482 48 
489 48 
513 48 
522 48 
525 48 
564 48 
661 48 
798 48 
811 48 
842 48 
907 48 
943 48 
8 49 
10 49 
13 49 
30 49 
33 49 
130 49 
197 49 
227 49 
240 49 
424 49 
520 49 
709 49 
2 50 
5 50 
6 50 
14 50 
34 50 
41 50 
71 50 
147 50 
167 50 
212 50 
265 50 
294 50 
301 50 
303 50 
307 50 
312 50 
384 50 
459 50 
489 50 
575 50 
652 50 
690 50 
911 50 
999 50 
2 51 
8 51 
19 51 
28 51 
48 51 
62 51 
88 51 
104 51 
156 51 
162 51 
185 51 
286 51 
356 51 
387 51 
422 51 
456 51 
471 51 
606 51 
609 51 
664 51 
711 51 
737 51 
738 51 
780 51 
810 51 
898 51 
914 51 
2 52 
4 52 
11 52 
16 52 
19 52 
24 52 
120 52 
148 52 
171 52 
234 52 
358 52 
359 52 
411 52 
543 52 
685 52 
704 52 
891 52 
895 52 
1 53 
2 53 
7 53 
8 53 
25 53 
61 53 
91 53 
250 53 
276 53 
359 53 
415 53 
423 53 
469 53 
688 53 
713 53 
775 53 
914 53 
1 54 
10 54 
17 54 
25 54 
26 54 
32 54 
56 54 
61 54 
66 54 
72 54 
95 54 
96 54 
106 54 
120 54 
149 54 
155 54 
186 54 
205 54 
210 54 
235 54 
254 54 
257 54 
258 54 
299 54 
310 54 
312 54 
370 54 
388 54 
422 54 
425 54 
451 54 
484 54 
495 54 
541 54 
631 54 
664 54 
680 54 
685 54 
706 54 
821 54 
825 54 
832 54 
854 54 
902 54 
934 54 
2 55 
4 55 
6 55 
21 55 
41 55 
47 55 
56 55 
76 55 
102 55 
103 55 
183 55 
196 55 
216 55 
284 55 
303 55 
354 55 
397 55 
436 55 
447 55 
462 55 
497 55 
555 55 
566 55 
644 55 
657 55 
770 55 
788 55 
800 55 
876 55 
879 55 
924 55 
941 55 
2 56 
10 56 
26 56 
41 56 
54 56 
55 56 
61 56 
66 56 
95 56 
99 56 
102 56 
106 56 
126 56 
179 56 
180 56 
223 56 
235 56 
289 56 
290 56 
382 56 
468 56 
481 56 
668 56 
673 56 
725 56 
809 56 
822 56 
866 56 
881 56 
962 56 
969 56 
977 56 
978 56 
995 56 
6 57 
7 57 
8 57 
12 57 
30 57 
73 57 
87 57 
244 57 
280 57 
328 57 
357 57 
549 57 
623 57 
655 57 
696 57 
714 57 
740 57 
741 57 
781 57 
835 57 
3 58 
4 58 
12 58 
14 58 
28 58 
78 58 
136 58 
151 58 
153 58 
158 58 
170 58 
237 58 
253 58 
266 58 
277 58 
287 58 
310 58 
455 58 
549 58 
583 58 
707 58 
10 59 
11 59 
20 59 
23 59 
36 59 
37 59 
69 59 
84 59 
116 59 
131 59 
163 59 
166 59 
169 59 
174 59 
175 59 
193 59 
195 59 
198 59 
295 59 
408 59 
424 59 
452 59 
456 59 
467 59 
510 59 
519 59 
551 59 
643 59 
647 59 
649 59 
651 59 
760 59 
763 59 
764 59 
773 59 
790 59 
847 59 
863 59 
925 59 
926 59 
944 59 
945 59 
1 60 
5 60 
7 60 
25 60 
47 60 
69 60 
91 60 
100 60 
108 60 
145 60 
206 60 
211 60 
278 60 
281 60 
309 60 
371 60 
437 60 
446 60 
452 60 
521 60 
577 60 
588 60 
666 60 
695 60 
703 60 
755 60 
758 60 
983 60 
1 61 
8 61 
26 61 
53 61 
54 61 
56 61 
95 61 
96 61 
152 61 
186 61 
205 61 
231 61 
265 61 
289 61 
332 61 
334 61 
355 61 
373 61 
382 61 
391 61 
521 61 
550 61 
582 61 
589 61 
603 61 
606 61 
700 61 
716 61 
753 61 
962 61 
1 62 
2 62 
20 62 
42 62 
48 62 
51 62 
75 62 
93 62 
94 62 
110 62 
133 62 
194 62 
286 62 
293 62 
382 62 
390 62 
773 62 
810 62 
865 62 
910 62 
914 62 
943 62 
970 62 
3 63 
6 63 
8 63 
17 63 
34 63 
46 63 
117 63 
141 63 
207 63 
249 63 
292 63 
351 63 
404 63 
417 63 
680 63 
736 63 
745 63 
824 63 
904 63 
957 63 
980 63 
1 64 
8 64 
11 64 
33 64 
39 64 
44 64 
79 64 
117 64 
148 64 
155 64 
167 64 
338 64 
380 64 
463 64 
561 64 
677 64 
687 64 
728 64 
906 64 
2 65 
3 65 
4 65 
9 65 
13 65 
24 65 
68 65 
74 65 
82 65 
83 65 
111 65 
119 65 
157 65 
171 65 
268 65 
439 65 
502 65 
635 65 
660 65 
841 65 
981 65 
992 65 
9 66 
10 66 
14 66 
21 66 
54 66 
56 66 
96 66 
106 66 
120 66 
126 66 
137 66 
164 66 
172 66 
242 66 
249 66 
256 66 
267 66 
310 66 
370 66 
385 66 
425 66 
434 66 
468 66 
495 66 
501 66 
563 66 
566 66 
664 66 
668 66 
823 66 
860 66 
905 66 
8 67 
13 67 
24 67 
29 67 
31 67 
46 67 
71 67 
88 67 
133 67 
260 67 
320 67 
405 67 
419 67 
492 67 
502 67 
539 67 
558 67 
569 67 
718 67 
731 67 
819 67 
828 67 
898 67 
2 68 
3 68 
9 68 
24 68 
65 68 
83 68 
115 68 
135 68 
157 68 
241 68 
247 68 
254 68 
268 68 
278 68 
291 68 
304 68 
307 68 
342 68 
345 68 
357 68 
375 68 
425 68 
429 68 
443 68 
469 68 
533 68 
665 68 
692 68 
749 68 
776 68 
841 68 
932 68 
958 68 
963 68 
987 68 
1 69 
11 69 
20 69 
47 69 
59 69 
60 69 
84 69 
89 69 
131 69 
177 69 
198 69 
206 69 
278 69 
347 69 
521 69 
532 69 
538 69 
554 69 
585 69 
821 69 
836 69 
2 70 
4 70 
5 70 
8 70 
20 70 
32 70 
199 70 
245 70 
337 70 
383 70 
405 70 
418 70 
488 70 
515 70 
545 70 
583 70 
704 70 
770 70 
817 70 
845 70 
850 70 
880 70 
922 70 
923 70 
991 70 
8 71 
13 71 
14 71 
34 71 
50 71 
67 71 
97 71 
100 71 
115 71 
167 71 
173 71 
294 71 
301 71 
340 71 
406 71 
419 71 
428 71 
432 71 
489 71 
493 71 
508 71 
539 71 
575 71 
696 71 
706 71 
735 71 
777 71 
881 71 
925 71 
3 72 
17 72 
25 72 
43 72 
54 72 
127 72 
210 72 
254 72 
268 72 
312 72 
334 72 
370 72 
478 72 
601 72 
706 72 
915 72 
956 72 
990 72 
8 73 
14 73 
17 73 
27 73 
30 73 
57 73 
239 73 
328 73 
623 73 
741 73 
746 73 
807 73 
3 74 
13 74 
14 74 
24 74 
27 74 
65 74 
82 74 
86 74 
113 74 
142 74 
192 74 
208 74 
230 74 
279 74 
324 74 
326 74 
399 74 
1 75 
4 75 
8 75 
20 75 
41 75 
62 75 
85 75 
93 75 
94 75 
121 75 
145 75 
264 75 
293 75 
382 75 
514 75 
545 75 
552 75 
600 75 
619 75 
4 76 
6 76 
30 76 
31 76 
47 76 
55 76 
87 76 
158 76 
230 76 
232 76 
497 76 
556 76 
562 76 
656 76 
889 76 
924 76 
9 77 
10 77 
14 77 
20 77 
37 77 
79 77 
80 77 
92 77 
128 77 
170 77 
234 77 
377 77 
392 77 
444 77 
468 77 
496 77 
505 77 
595 77 
700 77 
766 77 
775 77 
779 77 
885 77 
929 77 
953 77 
954 77 
994 77 
3 78 
12 78 
29 78 
46 78 
58 78 
160 78 
165 78 
202 78 
313 78 
321 78 
614 78 
762 78 
931 78 
10 79 
20 79 
33 79 
39 79 
64 79 
77 79 
103 79 
155 79 
443 79 
480 79 
496 79 
586 79 
597 79 
8 80 
13 80 
20 80 
34 80 
37 80 
77 80 
112 80 
130 80 
234 80 
262 80 
263 80 
299 80 
392 80 
415 80 
421 80 
423 80 
505 80 
676 80 
752 80 
975 80 
1 81 
3 81 
6 81 
9 81 
35 81 
185 81 
197 81 
233 81 
246 81 
275 81 
383 81 
436 81 
478 81 
650 81 
692 81 
739 81 
893 81 
17 82 
24 82 
29 82 
35 82 
65 82 
74 82 
134 82 
2 83 
3 83 
9 83 
16 83 
65 83 
68 83 
111 83 
164 83 
165 83 
171 83 
247 83 
268 83 
329 83 
356 83 
502 83 
505 83 
558 83 
572 83 
593 83 
618 83 
1 84 
11 84 
18 84 
48 84 
59 84 
69 84 
85 84 
89 84 
109 84 
118 84 
131 84 
163 84 
166 84 
174 84 
177 84 
240 84 
266 84 
329 84 
510 84 
512 84 
513 84 
532 84 
590 84 
640 84 
786 84 
798 84 
4 85 
18 85 
41 85 
48 85 
75 85 
84 85 
109 85 
143 85 
175 85 
207 85 
213 85 
240 85 
264 85 
435 85 
514 85 
712 85 
714 85 
896 85 
3 86 
6 86 
8 86 
14 86 
46 86 
74 86 
101 86 
118 86 
128 86 
132 86 
146 86 
271 86 
325 86 
349 86 
361 86 
604 86 
614 86 
620 86 
693 86 
727 86 
888 86 
6 87 
7 87 
8 87 
30 87 
57 87 
76 87 
158 87 
230 87 
781 87 
8 88 
28 88 
29 88 
31 88 
51 88 
67 88 
104 88 
133 88 
151 88 
156 88 
185 88 
195 88 
201 88 
485 88 
550 88 
552 88 
606 88 
731 88 
750 88 
752 88 
898 88 
5 89 
11 89 
14 89 
21 89 
69 89 
84 89 
99 89 
113 89 
118 89 
119 89 
166 89 
177 89 
181 89 
187 89 
266 89 
306 89 
345 89 
347 89 
412 89 
512 89 
547 89 
590 89 
640 89 
740 89 
798 89 
862 89 
873 89 
908 89 
960 89 
979 89 
997 89 
5 90 
6 90 
9 90 
14 90 
21 90 
30 90 
106 90 
110 90 
111 90 
122 90 
147 90 
182 90 
187 90 
189 90 
200 90 
220 90 
225 90 
274 90 
331 90 
348 90 
380 90 
386 90 
394 90 
416 90 
420 90 
446 90 
450 90 
483 90 
486 90 
491 90 
515 90 
531 90 
555 90 
561 90 
565 90 
574 90 
576 90 
603 90 
673 90 
844 90 
847 90 
849 90 
867 90 
937 90 
1 91 
2 91 
5 91 
7 91 
53 91 
60 91 
145 91 
178 91 
248 91 
341 91 
359 91 
392 91 
438 91 
511 91 
688 91 
695 91 
760 91 
838 91 
850 91 
879 91 
999 91 
8 92 
10 92 
33 92 
37 92 
39 92 
77 92 
128 92 
162 92 
186 92 
236 92 
261 92 
338 92 
519 92 
543 92 
727 92 
1 93 
7 93 
11 93 
12 93 
62 93 
75 93 
139 93 
145 93 
190 93 
223 93 
262 93 
293 93 
304 93 
314 93 
327 93 
330 93 
385 93 
429 93 
464 93 
465 93 
474 93 
545 93 
571 93 
619 93 
631 93 
748 93 
784 93 
811 93 
869 93 
874 93 
896 93 
19 94 
20 94 
22 94 
45 94 
62 94 
75 94 
114 94 
382 94 
408 94 
419 94 
460 94 
865 94 
998 94 
1 95 
4 95 
43 95 
54 95 
56 95 
61 95 
96 95 
107 95 
152 95 
336 95 
363 95 
381 95 
391 95 
500 95 
808 95 
858 95 
895 95 
917 95 
934 95 
14 96 
21 96 
54 96 
61 96 
66 96 
95 96 
134 96 
137 96 
152 96 
186 96 
231 96 
249 96 
256 96 
265 96 
267 96 
289 96 
454 96 
501 96 
521 96 
566 96 
579 96 
620 96 
687 96 
823 96 
934 96 
8 97 
10 97 
11 97 
13 97 
37 97 
71 97 
100 97 
104 97 
112 97 
129 97 
140 97 
159 97 
161 97 
173 97 
188 97 
192 97 
280 97 
295 97 
326 97 
406 97 
472 97 
494 97 
617 97 
703 97 
705 97 
789 97 
857 97 
872 97 
9 98 
17 98 
26 98 
27 98 
29 98 
31 98 
102 98 
108 98 
210 98 
259 98 
378 98 
496 98 
599 98 
940 98 
5 99 
10 99 
21 99 
26 99 
56 99 
89 99 
113 99 
119 99 
166 99 
187 99 
290 99 
306 99 
346 99 
379 99 
403 99 
524 99 
562 99 
630 99 
698 99 
721 99 
881 99 
912 99 
5 100 
8 100 
25 100 
60 100 
71 100 
97 100 
108 100 
115 100 
269 100 
371 100 
406 100 
428 100 
432 100 
472 100 
758 100 
765 100 
789 100 
968 100 
993 100 
6 101 
8 101 
14 101 
30 101 
40 101 
86 101 
349 101 
632 101 
693 101 
727 101 
800 101 
29 102 
31 102 
41 102 
55 102 
56 102 
98 102 
180 102 
210 102 
216 102 
251 102 
260 102 
354 102 
388 102 
723 102 
21 103 
33 103 
39 103 
47 103 
55 103 
79 103 
182 103 
216 103 
245 103 
284 103 
303 103 
309 103 
443 103 
553 103 
597 103 
610 103 
879 103 
8 104 
11 104 
37 104 
51 104 
88 104 
97 104 
173 104 
185 104 
188 104 
286 104 
325 104 
356 104 
456 104 
471 104 
550 104 
552 104 
759 104 
848 104 
916 104 
974 104 
2 105 
6 105 
19 105 
31 105 
35 105 
45 105 
125 105 
138 105 
152 105 
154 105 
205 105 
213 105 
300 105 
491 105 
593 105 
600 105 
823 105 
967 105 
981 105 
9 106 
21 106 
54 106 
56 106 
66 106 
90 106 
111 106 
120 106 
125 106 
189 106 
235 106 
351 106 
561 106 
574 106 
732 106 
854 106 
902 106 
916 106 
996 106 
1 107 
4 107 
26 107 
32 107 
95 107 
141 107 
180 107 
215 107 
226 107 
285 107 
363 107 
381 107 
416 107 
438 107 
490 107 
508 107 
644 107 
751 107 
783 107 
808 107 
895 107 
5 108 
17 108 
26 108 
60 108 
98 108 
100 108 
126 108 
259 108 
292 108 
371 108 
464 108 
872 108 
918 108 
6 109 
17 109 
18 109 
84 109 
85 109 
136 109 
883 109 
929 109 
1 110 
6 110 
14 110 
42 110 
62 110 
90 110 
133 110 
147 110 
182 110 
225 110 
233 110 
270 110 
274 110 
331 110 
363 110 
379 110 
414 110 
433 110 
619 110 
636 110 
9 111 
21 111 
65 111 
83 111 
90 111 
106 111 
171 111 
386 111 
635 111 
858 111 
871 111 
916 111 
992 111 
8 112 
13 112 
20 112 
37 112 
80 112 
97 112 
130 112 
154 112 
159 112 
212 112 
219 112 
263 112 
398 112 
415 112 
423 112 
637 112 
791 112 
820 112 
832 112 
853 112 
5 113 
14 113 
27 113 
74 113 
89 113 
99 113 
166 113 
192 113 
221 113 
230 113 
237 113 
345 113 
368 113 
379 113 
402 113 
413 113 
479 113 
517 113 
562 113 
570 113 
608 113 
630 113 
654 113 
721 113 
814 113 
862 113 
868 113 
959 113 
1 114 
22 114 
30 114 
33 114 
45 114 
94 114 
321 114 
408 114 
419 114 
598 114 
3 115 
8 115 
9 115 
68 115 
71 115 
100 115 
123 115 
135 115 
208 115 
269 115 
278 115 
307 115 
322 115 
357 115 
367 115 
378 115 
386 115 
428 115 
471 115 
493 115 
530 115 
610 115 
665 115 
666 115 
935 115 
1 116 
2 116 
10 116 
23 116 
24 116 
59 116 
195 116 
220 116 
311 116 
424 116 
442 116 
452 116 
467 116 
519 116 
602 116 
660 116 
1 117 
3 117 
17 117 
39 117 
63 117 
64 117 
167 117 
227 117 
242 117 
251 117 
311 117 
459 117 
6 118 
11 118 
46 118 
84 118 
86 118 
89 118 
128 118 
193 118 
221 118 
266 118 
271 118 
329 118 
481 118 
960 118 
4 119 
9 119 
21 119 
65 119 
89 119 
99 119 
181 119 
187 119 
264 119 
275 119 
297 119 
412 119 
439 119 
734 119 
769 119 
921 119 
11 120 
19 120 
52 120 
54 120 
66 120 
106 120 
142 120 
148 120 
411 120 
425 120 
451 120 
455 120 
465 120 
581 120 
795 120 
854 120 
8 121 
10 121 
23 121 
41 121 
44 121 
75 121 
160 121 
194 121 
224 121 
333 121 
350 121 
407 121 
542 121 
600 121 
813 121 
5 122 
9 122 
17 122 
29 122 
43 122 
90 122 
457 122 
542 122 
806 122 
1 123 
3 123 
9 123 
25 123 
27 123 
115 123 
127 123 
129 123 
169 123 
181 123 
229 123 
282 123 
322 123 
328 123 
331 123 
333 123 
344 123 
362 123 
386 123 
400 123 
441 123 
450 123 
523 123 
573 123 
612 123 
663 123 
665 123 
808 123 
2 124 
4 124 
5 124 
18 124 
19 124 
25 124 
184 124 
204 124 
313 124 
557 124 
625 124 
677 124 
777 124 
778 124 
813 124 
973 124 
2 125 
9 125 
21 125 
45 125 
105 125 
106 125 
213 125 
217 125 
351 125 
365 125 
375 125 
440 125 
511 125 
593 125 
732 125 
793 125 
10 126 
17 126 
26 126 
56 126 
66 126 
108 126 
137 126 
146 126 
164 126 
199 126 
203 126 
259 126 
292 126 
463 126 
464 126 
468 126 
481 126 
560 126 
584 126 
597 126 
616 126 
678 126 
787 126 
822 126 
866 126 
911 126 
961 126 
3 127 
9 127 
17 127 
25 127 
72 127 
123 127 
181 127 
370 127 
400 127 
478 127 
494 127 
541 127 
6 128 
10 128 
77 128 
86 128 
92 128 
118 128 
132 128 
146 128 
193 128 
198 128 
221 128 
236 128 
361 128 
409 128 
470 128 
479 128 
481 128 
519 128 
616 128 
621 128 
754 128 
784 128 
882 128 
10 129 
25 129 
27 129 
37 129 
97 129 
123 129 
215 129 
229 129 
272 129 
326 129 
331 129 
342 129 
609 129 
726 129 
747 129 
822 129 
8 130 
30 130 
37 130 
49 130 
80 130 
112 130 
149 130 
154 130 
212 130 
219 130 
263 130 
315 130 
343 130 
415 130 
518 130 
520 130 
667 130 
709 130 
820 130 
842 130 
901 130 
966 130 
6 131 
9 131 
26 131 
59 131 
69 131 
84 131 
163 131 
198 131 
302 131 
398 131 
596 131 
667 131 
874 131 
3 132 
6 132 
27 132 
31 132 
86 132 
128 132 
146 132 
198 132 
236 132 
300 132 
318 132 
325 132 
330 132 
341 132 
445 132 
479 132 
535 132 
616 132 
629 132 
755 132 
844 132 
864 132 
877 132 
882 132 
938 132 
1 133 
31 133 
62 133 
67 133 
88 133 
110 133 
194 133 
218 133 
233 133 
849 133 
987 133 
14 134 
17 134 
21 134 
35 134 
82 134 
96 134 
137 134 
364 134 
447 134 
454 134 
507 134 
509 134 
530 134 
586 134 
605 134 
627 134 
647 134 
880 134 
9 135 
22 135 
25 135 
27 135 
68 135 
115 135 
208 135 
214 135 
218 135 
224 135 
232 135 
244 135 
252 135 
278 135 
288 135 
291 135 
293 135 
308 135 
322 135 
435 135 
471 135 
527 135 
585 135 
591 135 
611 135 
697 135 
718 135 
935 135 
972 135 
3 136 
4 136 
6 136 
18 136 
58 136 
109 136 
153 136 
237 136 
252 136 
337 136 
350 136 
396 136 
467 136 
707 136 
10 137 
21 137 
66 137 
96 137 
126 137 
134 137 
146 137 
164 137 
172 137 
199 137 
206 137 
242 137 
243 137 
352 137 
434 137 
447 137 
454 137 
490 137 
507 137 
563 137 
579 137 
584 137 
597 137 
605 137 
624 137 
627 137 
1 138 
5 138 
6 138 
21 138 
31 138 
105 138 
152 138 
267 138 
300 138 
376 138 
461 138 
531 138 
579 138 
591 138 
600 138 
679 138 
694 138 
899 138 
922 138 
963 138 
981 138 
984 138 
7 139 
11 139 
12 139 
18 139 
19 139 
93 139 
223 139 
385 139 
397 139 
406 139 
464 139 
526 139 
539 139 
540 139 
571 139 
747 139 
913 139 
6 140 
10 140 
11 140 
34 140 
46 140 
97 140 
231 140 
477 140 
617 140 
624 140 
626 140 
722 140 
790 140 
803 140 
863 140 
919 140 
1 141 
3 141 
4 141 
6 141 
63 141 
107 141 
144 141 
207 141 
243 141 
335 141 
367 141 
416 141 
490 141 
584 141 
672 141 
890 141 
3 142 
11 142 
19 142 
27 142 
74 142 
120 142 
451 142 
477 142 
565 142 
795 142 
840 142 
4 143 
6 143 
13 143 
34 143 
41 143 
85 143 
393 143 
512 143 
622 143 
743 143 
830 143 
1 144 
4 144 
6 144 
18 144 
30 144 
141 144 
243 144 
250 144 
367 144 
584 144 
588 144 
607 144 
976 144 
1 145 
5 145 
60 145 
75 145 
91 145 
93 145 
190 145 
281 145 
314 145 
438 145 
535 145 
564 145 
10 146 
86 146 
126 146 
128 146 
132 146 
137 146 
198 146 
203 146 
361 146 
409 146 
560 146 
754 146 
755 146 
787 146 
887 146 
5 147 
6 147 
41 147 
50 147 
90 147 
110 147 
163 147 
182 147 
184 147 
212 147 
220 147 
265 147 
303 147 
629 147 
8 148 
11 148 
44 148 
52 148 
64 148 
120 148 
358 148 
411 148 
581 148 
891 148 
982 148 
8 149 
26 149 
30 149 
32 149 
54 149 
130 149 
155 149 
157 149 
159 149 
190 149 
228 149 
258 149 
315 149 
451 149 
520 149 
707 149 
842 149 
6 150 
7 150 
9 150 
10 150 
26 150 
279 150 
461 150 
873 150 
4 151 
8 151 
28 151 
58 151 
88 151 
158 151 
248 151 
256 151 
277 151 
306 151 
320 151 
485 151 
513 151 
661 151 
750 151 
834 151 
906 151 
31 152 
61 152 
95 152 
96 152 
105 152 
138 152 
205 152 
225 152 
285 152 
300 152 
376 152 
391 152 
461 152 
521 152 
550 152 
589 152 
687 152 
729 152 
963 152 
967 152 
984 152 
2 153 
4 153 
22 153 
45 153 
58 153 
136 153 
237 153 
266 153 
287 153 
362 153 
516 153 
528 153 
529 153 
754 153 
765 153 
885 153 
986 153 
6 154 
35 154 
37 154 
105 154 
112 154 
130 154 
212 154 
247 154 
491 154 
32 155 
39 155 
54 155 
64 155 
79 155 
149 155 
257 155 
451 155 
463 155 
480 155 
28 156 
29 156 
31 156 
51 156 
88 156 
195 156 
201 156 
422 156 
24 157 
26 157 
32 157 
65 157 
68 157 
149 157 
159 157 
190 157 
241 157 
314 157 
410 157 
707 157 
28 158 
30 158 
58 158 
76 158 
87 158 
151 158 
170 158 
13 159 
26 159 
97 159 
112 159 
149 159 
157 159 
161 159 
295 159 
707 159 
899 159 
3 160 
10 160 
44 160 
46 160 
78 160 
121 160 
165 160 
224 160 
741 160 
814 160 
8 161 
13 161 
19 161 
33 161 
97 161 
159 161 
280 161 
295 161 
705 161 
899 161 
2 162 
8 162 
10 162 
37 162 
51 162 
92 162 
209 162 
236 162 
261 162 
387 162 
727 162 
923 162 
5 163 
41 163 
59 163 
84 163 
131 163 
147 163 
184 163 
510 163 
629 163 
3 164 
16 164 
66 164 
83 164 
126 164 
137 164 
199 164 
259 164 
505 164 
518 164 
698 164 
2 165 
3 165 
78 165 
83 165 
160 165 
593 165 
614 165 
708 165 
741 165 
812 165 
814 165 
11 166 
59 166 
84 166 
89 166 
99 166 
113 166 
169 166 
174 166 
295 166 
427 166 
473 166 
562 166 
767 166 
862 166 
912 166 
944 166 
14 167 
39 167 
50 167 
64 167 
71 167 
117 167 
227 167 
242 167 
251 167 
255 167 
417 167 
575 167 
687 167 
777 167 
968 167 
4 168 
7 168 
8 168 
11 168 
42 168 
226 168 
291 168 
646 168 
751 168 
883 168 
894 168 
1 169 
11 169 
27 169 
59 169 
123 169 
166 169 
175 169 
427 169 
473 169 
523 169 
594 169 
640 169 
663 169 
847 169 
863 169 
9 170 
28 170 
37 170 
58 170 
77 170 
158 170 
253 170 
281 170 
316 170 
401 170 
444 170 
468 170 
476 170 
504 170 
634 170 
766 170 
940 170 
953 170 
970 170 
4 171 
19 171 
52 171 
65 171 
83 171 
111 171 
200 171 
234 171 
343 171 
391 171 
502 171 
642 171 
660 171 
947 171 
1 172 
10 172 
43 172 
45 172 
66 172 
137 172 
176 172 
201 172 
206 172 
214 172 
242 172 
490 172 
695 172 
11 173 
13 173 
37 173 
71 173 
97 173 
104 173 
192 173 
325 173 
340 173 
413 173 
859 173 
916 173 
1 174 
6 174 
22 174 
59 174 
84 174 
166 174 
188 174 
217 174 
290 174 
295 174 
366 174 
372 174 
433 174 
684 174 
936 174 
977 174 
11 175 
18 175 
48 175 
59 175 
85 175 
169 175 
193 175 
207 175 
213 175 
222 175 
253 175 
276 175 
431 175 
437 175 
456 175 
507 175 
594 175 
617 175 
712 175 
764 175 
797 175 
847 175 
965 175 
988 175 
1 176 
2 176 
4 176 
15 176 
43 176 
172 176 
201 176 
764 176 
947 176 
6 177 
17 177 
26 177 
69 177 
84 177 
89 177 
203 177 
347 177 
512 177 
532 177 
585 177 
645 177 
821 177 
932 177 
997 177 
1 178 
2 178 
5 178 
16 178 
91 178 
248 178 
392 178 
511 178 
537 178 
548 178 
567 178 
774 178 
804 178 
999 178 
2 179 
3 179 
29 179 
41 179 
43 179 
56 179 
202 179 
223 179 
289 179 
485 179 
546 179 
715 179 
840 179 
965 179 
26 180 
32 180 
41 180 
56 180 
102 180 
107 180 
504 180 
508 180 
673 180 
3 181 
21 181 
89 181 
119 181 
123 181 
127 181 
264 181 
400 181 
536 181 
734 181 
33 182 
39 182 
90 182 
103 182 
110 182 
147 182 
225 182 
245 182 
610 182 
849 182 
5 183 
6 183 
21 183 
41 183 
47 183 
55 183 
189 183 
269 183 
319 183 
393 183 
470 183 
555 183 
789 183 
891 183 
2 184 
25 184 
41 184 
124 184 
147 184 
163 184 
629 184 
3 185 
9 185 
51 185 
81 185 
88 185 
104 185 
471 185 
606 185 
609 185 
759 185 
943 185 
8 186 
39 186 
54 186 
61 186 
92 186 
96 186 
231 186 
334 186 
338 186 
503 186 
656 186 
828 186 
14 187 
30 187 
89 187 
90 187 
99 187 
119 187 
200 187 
204 187 
306 187 
346 187 
394 187 
412 187 
475 187 
483 187 
499 187 
536 187 
547 187 
587 187 
594 187 
601 187 
673 187 
689 187 
802 187 
1 188 
6 188 
11 188 
97 188 
104 188 
174 188 
217 188 
366 188 
369 188 
427 188 
494 188 
560 188 
684 188 
746 188 
848 188 
872 188 
977 188 
5 189 
9 189 
21 189 
90 189 
106 189 
183 189 
246 189 
269 189 
380 189 
399 189 
470 189 
561 189 
670 189 
717 189 
789 189 
901 189 
1 190 
32 190 
93 190 
145 190 
149 190 
157 190 
304 190 
314 190 
352 190 
462 190 
500 190 
520 190 
525 190 
535 190 
546 190 
682 190 
720 190 
2 191 
3 191 
12 191 
14 191 
16 191 
28 191 
274 191 
638 191 
994 191 
13 192 
14 192 
74 192 
97 192 
113 192 
173 192 
221 192 
230 192 
237 192 
368 192 
413 192 
492 192 
703 192 
6 193 
11 193 
59 193 
118 193 
128 193 
175 193 
221 193 
431 193 
456 193 
470 193 
507 193 
651 193 
699 193 
903 193 
988 193 
1 194 
8 194 
41 194 
62 194 
121 194 
133 194 
218 194 
333 194 
813 194 
849 194 
23 195 
29 195 
59 195 
88 195 
116 195 
156 195 
220 195 
424 195 
442 195 
551 195 
602 195 
671 195 
742 195 
773 195 
925 195 
4 196 
9 196 
10 196 
21 196 
29 196 
55 196 
347 196 
770 196 
6 197 
8 197 
10 197 
35 197 
49 197 
81 197 
227 197 
246 197 
261 197 
298 197 
377 197 
383 197 
394 197 
412 197 
623 197 
697 197 
734 197 
834 197 
59 198 
69 198 
128 198 
131 198 
132 198 
146 198 
236 198 
755 198 
864 198 
20 199 
32 199 
70 199 
126 199 
137 199 
164 199 
259 199 
317 199 
439 199 
488 199 
518 199 
584 199 
616 199 
770 199 
880 199 
4 200 
14 200 
19 200 
90 200 
171 200 
187 200 
204 200 
257 200 
395 200 
401 200 
483 200 
486 200 
536 200 
568 200 
601 200 
686 200 
867 200 
1 201 
31 201 
88 201 
156 201 
172 201 
176 201 
764 201 
877 201 
3 202 
12 202 
29 202 
43 202 
78 202 
179 202 
715 202 
984 202 
6 203 
10 203 
17 203 
126 203 
146 203 
177 203 
463 203 
560 203 
645 203 
887 203 
932 203 
946 203 
4 204 
14 204 
19 204 
124 204 
187 204 
200 204 
239 204 
395 204 
517 204 
536 204 
587 204 
677 204 
691 204 
777 204 
791 204 
26 205 
31 205 
54 205 
61 205 
105 205 
152 205 
225 205 
285 205 
299 205 
484 205 
603 205 
605 205 
607 205 
662 205 
689 205 
924 205 
1 206 
10 206 
60 206 
69 206 
137 206 
172 206 
243 206 
352 206 
621 206 
836 206 
958 206 
6 207 
18 207 
63 207 
85 207 
141 207 
175 207 
249 207 
282 207 
9 208 
13 208 
24 208 
74 208 
115 208 
135 208 
214 208 
224 208 
279 208 
324 208 
326 208 
367 208 
381 208 
610 208 
666 208 
767 208 
945 208 
996 208 
2 209 
8 209 
38 209 
48 209 
162 209 
369 209 
376 209 
407 209 
458 209 
522 209 
557 209 
637 209 
811 209 
843 209 
920 209 
949 209 
25 210 
29 210 
54 210 
72 210 
98 210 
102 210 
251 210 
268 210 
312 210 
318 210 
388 210 
541 210 
917 210 
940 210 
5 211 
7 211 
10 211 
14 211 
25 211 
60 211 
283 211 
355 211 
368 211 
414 211 
437 211 
648 211 
691 211 
703 211 
723 211 
918 211 
41 212 
50 212 
112 212 
130 212 
147 212 
154 212 
219 212 
265 212 
343 212 
384 212 
612 212 
2 213 
48 213 
85 213 
105 213 
125 213 
175 213 
217 213 
222 213 
253 213 
276 213 
332 213 
435 213 
440 213 
547 213 
593 213 
608 213 
617 213 
712 213 
779 213 
805 213 
823 213 
826 213 
854 213 
896 213 
1 214 
9 214 
45 214 
135 214 
172 214 
208 214 
218 214 
224 214 
232 214 
381 214 
435 214 
695 214 
799 214 
996 214 
4 215 
25 215 
26 215 
27 215 
107 215 
129 215 
302 215 
340 215 
346 215 
428 215 
480 215 
526 215 
641 215 
681 215 
726 215 
822 215 
950 215 
998 215 
21 216 
41 216 
47 216 
55 216 
102 216 
103 216 
354 216 
436 216 
487 216 
553 216 
644 216 
815 216 
1 217 
2 217 
125 217 
174 217 
188 217 
213 217 
366 217 
369 217 
440 217 
511 217 
547 217 
746 217 
758 217 
779 217 
826 217 
839 217 
944 217 
1 218 
9 218 
133 218 
135 218 
194 218 
214 218 
849 218 
987 218 
20 219 
32 219 
42 219 
112 219 
130 219 
212 219 
263 219 
343 219 
473 219 
534 219 
612 219 
667 219 
966 219 
6 220 
23 220 
90 220 
116 220 
147 220 
195 220 
348 220 
565 220 
602 220 
672 220 
757 220 
14 221 
113 221 
118 221 
128 221 
192 221 
193 221 
402 221 
413 221 
481 221 
570 221 
983 221 
17 222 
18 222 
39 222 
48 222 
175 222 
213 222 
253 222 
332 222 
437 222 
441 222 
453 222 
608 222 
797 222 
812 222 
7 223 
41 223 
56 223 
93 223 
139 223 
179 223 
235 223 
262 223 
289 223 
449 223 
546 223 
571 223 
725 223 
743 223 
965 223 
44 224 
121 224 
135 224 
160 224 
208 224 
214 224 
232 224 
288 224 
381 224 
527 224 
643 224 
945 224 
31 225 
90 225 
110 225 
152 225 
182 225 
205 225 
285 225 
331 225 
414 225 
607 225 
849 225 
924 225 
939 225 
4 226 
7 226 
11 226 
32 226 
107 226 
168 226 
285 226 
291 226 
751 226 
10 227 
39 227 
49 227 
117 227 
167 227 
197 227 
240 227 
242 227 
311 227 
728 227 
4 228 
6 228 
8 228 
15 228 
30 228 
149 228 
241 228 
766 228 
11 229 
13 229 
27 229 
42 229 
123 229 
129 229 
272 229 
282 229 
305 229 
331 229 
342 229 
362 229 
373 229 
418 229 
533 229 
576 229 
592 229 
641 229 
682 229 
699 229 
771 229 
837 229 
6 230 
74 230 
76 230 
87 230 
113 230 
192 230 
232 230 
237 230 
426 230 
492 230 
656 230 
34 231 
46 231 
61 231 
96 231 
140 231 
186 231 
265 231 
332 231 
334 231 
606 231 
656 231 
863 231 
6 232 
76 232 
135 232 
214 232 
224 232 
230 232 
288 232 
293 232 
426 232 
435 232 
611 232 
643 232 
656 232 
718 232 
759 232 
870 232 
1 233 
9 233 
81 233 
110 233 
133 233 
19 234 
20 234 
52 234 
77 234 
80 234 
171 234 
343 234 
391 234 
392 234 
595 234 
704 234 
752 234 
772 234 
820 234 
855 234 
41 235 
54 235 
56 235 
106 235 
223 235 
449 235 
725 235 
743 235 
37 236 
92 236 
128 236 
132 236 
162 236 
198 236 
261 236 
543 236 
864 236 
58 237 
113 237 
136 237 
153 237 
192 237 
230 237 
266 237 
287 237 
368 237 
440 237 
492 237 
707 237 
826 237 
894 237 
959 237 
1 238 
2 238 
12 238 
16 238 
24 238 
40 238 
339 238 
432 238 
449 238 
563 238 
577 238 
590 238 
649 238 
776 238 
831 238 
836 238 
908 238 
956 238 
4 239 
14 239 
19 239 
27 239 
73 239 
204 239 
308 239 
372 239 
517 239 
556 239 
746 239 
761 239 
10 240 
48 240 
49 240 
84 240 
85 240 
227 240 
513 240 
661 240 
892 240 
969 240 
4 241 
6 241 
24 241 
68 241 
157 241 
228 241 
429 241 
766 241 
66 242 
117 242 
137 242 
167 242 
172 242 
227 242 
251 242 
255 242 
311 242 
434 242 
490 242 
575 242 
728 242 
905 242 
968 242 
4 243 
10 243 
137 243 
141 243 
144 243 
206 243 
250 243 
277 243 
335 243 
352 243 
367 243 
474 243 
570 243 
621 243 
624 243 
634 243 
958 243 
8 244 
12 244 
22 244 
25 244 
57 244 
135 244 
252 244 
270 244 
273 244 
280 244 
284 244 
308 244 
316 244 
374 244 
421 244 
466 244 
495 244 
506 244 
585 244 
642 244 
658 244 
694 244 
740 244 
893 244 
964 244 
4 245 
8 245 
33 245 
70 245 
103 245 
182 245 
383 245 
538 245 
545 245 
756 245 
797 245 
5 246 
21 246 
35 246 
81 246 
189 246 
197 246 
394 246 
399 246 
528 246 
529 246 
670 246 
717 246 
834 246 
901 246 
6 247 
9 247 
35 247 
68 247 
83 247 
154 247 
254 247 
304 247 
315 247 
356 247 
375 247 
426 247 
572 247 
578 247 
749 247 
963 247 
2 248 
4 248 
28 248 
91 248 
151 248 
178 248 
256 248 
320 248 
341 248 
390 248 
506 248 
513 248 
580 248 
804 248 
879 248 
951 248 
961 248 
6 249 
21 249 
63 249 
66 249 
96 249 
207 249 
282 249 
417 249 
566 249 
620 249 
919 249 
2 250 
4 250 
25 250 
53 250 
144 250 
243 250 
276 250 
277 250 
296 250 
474 250 
488 250 
633 250 
29 251 
102 251 
117 251 
167 251 
210 251 
242 251 
255 251 
417 251 
710 251 
723 251 
917 251 
6 252 
18 252 
25 252 
135 252 
136 252 
244 252 
337 252 
350 252 
396 252 
467 252 
472 252 
495 252 
681 252 
803 252 
927 252 
28 253 
58 253 
170 253 
175 253 
213 253 
222 253 
276 253 
455 253 
634 253 
854 253 
9 254 
17 254 
54 254 
68 254 
72 254 
247 254 
304 254 
315 254 
345 254 
454 254 
7 255 
8 255 
33 255 
167 255 
242 255 
251 255 
273 255 
283 255 
417 255 
499 255 
575 255 
596 255 
674 255 
710 255 
829 255 
855 255 
4 256 
14 256 
66 256 
96 256 
151 256 
248 256 
267 256 
320 256 
385 256 
834 256 
860 256 
4 257 
19 257 
32 257 
54 257 
155 257 
200 257 
615 257 
670 257 
2 258 
24 258 
26 258 
28 258 
54 258 
149 258 
613 258 
17 259 
98 259 
108 259 
126 259 
164 259 
199 259 
518 259 
616 259 
698 259 
872 259 
8 260 
24 260 
29 260 
31 260 
67 260 
102 260 
320 260 
323 260 
388 260 
718 260 
819 260 
971 260 
6 261 
35 261 
92 261 
162 261 
197 261 
236 261 
298 261 
543 261 
697 261 
904 261 
7 262 
8 262 
13 262 
80 262 
93 262 
223 262 
263 262 
364 262 
421 262 
465 262 
784 262 
975 262 
13 263 
80 263 
112 263 
130 263 
219 263 
262 263 
421 263 
667 263 
820 263 
853 263 
4 264 
21 264 
75 264 
85 264 
119 264 
181 264 
275 264 
514 264 
536 264 
552 264 
714 264 
734 264 
769 264 
50 265 
61 265 
96 265 
147 265 
212 265 
231 265 
289 265 
303 265 
332 265 
355 265 
373 265 
582 265 
613 265 
615 265 
639 265 
700 265 
730 265 
742 265 
753 265 
835 265 
926 265 
58 266 
84 266 
89 266 
118 266 
153 266 
237 266 
287 266 
329 266 
440 266 
640 266 
786 266 
908 266 
5 267 
21 267 
66 267 
96 267 
138 267 
256 267 
272 267 
360 267 
385 267 
389 267 
493 267 
501 267 
531 267 
708 267 
864 267 
899 267 
25 268 
65 268 
68 268 
72 268 
83 268 
210 268 
318 268 
334 268 
514 268 
841 268 
981 268 
990 268 
8 269 
21 269 
100 269 
115 269 
183 269 
189 269 
765 269 
891 269 
1 270 
8 270 
12 270 
42 270 
110 270 
244 270 
316 270 
374 270 
420 270 
421 270 
732 270 
778 270 
19 271 
38 271 
46 271 
48 271 
86 271 
118 271 
353 271 
540 271 
554 271 
564 271 
614 271 
788 271 
5 272 
21 272 
27 272 
129 272 
229 272 
267 272 
305 272 
342 272 
360 272 
389 272 
592 272 
708 272 
771 272 
8 273 
22 273 
25 273 
33 273 
244 273 
255 273 
283 273 
284 273 
460 273 
466 273 
658 273 
674 273 
833 273 
2 274 
12 274 
14 274 
90 274 
110 274 
191 274 
363 274 
431 274 
638 274 
761 274 
817 274 
861 274 
1 275 
3 275 
21 275 
81 275 
119 275 
264 275 
436 275 
478 275 
769 275 
771 275 
825 275 
893 275 
921 275 
2 276 
53 276 
175 276 
213 276 
250 276 
253 276 
296 276 
349 276 
498 276 
617 276 
775 276 
854 276 
974 276 
4 277 
58 277 
151 277 
243 277 
250 277 
306 277 
474 277 
549 277 
570 277 
633 277 
661 277 
47 278 
60 278 
68 278 
69 278 
115 278 
135 278 
291 278 
307 278 
342 278 
344 278 
378 278 
471 278 
521 278 
538 278 
554 278 
577 278 
588 278 
697 278 
932 278 
975 278 
10 279 
13 279 
26 279 
74 279 
150 279 
208 279 
324 279 
399 279 
461 279 
501 279 
604 279 
654 279 
767 279 
781 279 
804 279 
859 279 
870 279 
873 279 
8 280 
13 280 
57 280 
97 280 
161 280 
244 280 
466 280 
705 280 
5 281 
9 281 
37 281 
60 281 
145 281 
170 281 
316 281 
401 281 
724 281 
6 282 
27 282 
123 282 
207 282 
229 282 
249 282 
333 282 
344 282 
362 282 
373 282 
450 282 
510 282 
612 282 
641 282 
919 282 
5 283 
10 283 
33 283 
211 283 
255 283 
273 283 
297 283 
368 283 
414 283 
595 283 
774 283 
833 283 
851 283 
1000 283 
25 284 
47 284 
55 284 
103 284 
244 284 
273 284 
447 284 
879 284 
32 285 
107 285 
152 285 
205 285 
225 285 
226 285 
607 285 
689 285 
751 285 
2 286 
8 286 
48 286 
51 286 
62 286 
104 286 
356 286 
390 286 
442 286 
737 286 
773 286 
22 287 
45 287 
58 287 
153 287 
237 287 
266 287 
362 287 
440 287 
528 287 
529 287 
754 287 
826 287 
942 287 
1 288 
8 288 
39 288 
135 288 
224 288 
232 288 
293 288 
527 288 
643 288 
739 288 
870 288 
888 288 
56 289 
61 289 
96 289 
179 289 
223 289 
265 289 
373 289 
835 289 
965 289 
1 290 
10 290 
22 290 
56 290 
99 290 
174 290 
372 290 
433 290 
498 290 
719 290 
871 290 
881 290 
969 290 
11 291 
68 291 
135 291 
168 291 
226 291 
278 291 
751 291 
883 291 
6 292 
17 292 
26 292 
63 292 
108 292 
126 292 
351 292 
371 292 
404 292 
448 292 
503 292 
551 292 
578 292 
724 292 
772 292 
782 292 
904 292 
928 292 
950 292 
957 292 
62 293 
75 293 
93 293 
135 293 
232 293 
288 293 
545 293 
611 293 
759 293 
869 293 
2 294 
34 294 
41 294 
50 294 
71 294 
301 294 
307 294 
659 294 
696 294 
59 295 
97 295 
159 295 
161 295 
166 295 
174 295 
899 295 
944 295 
1 296 
2 296 
9 296 
17 296 
250 296 
276 296 
349 296 
475 296 
4 297 
5 297 
9 297 
10 297 
119 297 
283 297 
1 298 
5 298 
16 298 
35 298 
197 298 
261 298 
336 298 
411 298 
487 298 
618 298 
697 298 
13 299 
26 299 
34 299 
54 299 
80 299 
205 299 
484 299 
631 299 
676 299 
831 299 
978 299 
27 300 
31 300 
105 300 
132 300 
138 300 
152 300 
330 300 
409 300 
600 300 
709 300 
819 300 
844 300 
877 300 
967 300 
982 300 
984 300 
2 301 
4 301 
15 301 
50 301 
71 301 
294 301 
319 301 
482 301 
489 301 
589 301 
635 301 
683 301 
696 301 
925 301 
946 301 
4 302 
6 302 
26 302 
131 302 
215 302 
340 302 
346 302 
428 302 
430 302 
448 302 
581 302 
596 302 
628 302 
693 302 
785 302 
796 302 
874 302 
21 303 
50 303 
55 303 
103 303 
147 303 
265 303 
309 303 
397 303 
544 303 
1 304 
68 304 
93 304 
190 304 
247 304 
254 304 
330 304 
352 304 
375 304 
443 304 
469 304 
631 304 
717 304 
2 305 
8 305 
27 305 
38 305 
229 305 
272 305 
365 305 
418 305 
592 305 
682 305 
928 305 
4 306 
89 306 
99 306 
151 306 
187 306 
277 306 
346 306 
499 306 
547 306 
661 306 
2 307 
50 307 
68 307 
115 307 
278 307 
294 307 
342 307 
344 307 
378 307 
384 307 
459 307 
659 307 
911 307 
14 308 
22 308 
27 308 
135 308 
239 308 
244 308 
372 308 
556 308 
585 308 
893 308 
897 308 
5 309 
21 309 
47 309 
60 309 
103 309 
303 309 
360 309 
446 309 
611 309 
902 309 
980 309 
4 310 
10 310 
12 310 
54 310 
58 310 
66 310 
370 310 
422 310 
583 310 
832 310 
976 310 
1 311 
24 311 
116 311 
117 311 
227 311 
242 311 
728 311 
875 311 
6 312 
34 312 
50 312 
54 312 
72 312 
210 312 
388 312 
690 312 
706 312 
821 312 
909 312 
999 312 
3 313 
18 313 
19 313 
29 313 
78 313 
124 313 
354 313 
813 313 
931 313 
32 314 
93 314 
145 314 
157 314 
190 314 
410 314 
500 314 
525 314 
535 314 
564 314 
682 314 
720 314 
815 314 
833 314 
9 315 
30 315 
130 315 
149 315 
247 315 
254 315 
454 315 
518 315 
686 315 
715 315 
842 315 
901 315 
951 315 
8 316 
37 316 
170 316 
244 316 
270 316 
281 316 
421 316 
506 316 
642 316 
724 316 
970 316 
3 317 
20 317 
31 317 
32 317 
46 317 
199 317 
439 317 
3 318 
25 318 
27 318 
132 318 
210 318 
268 318 
341 318 
514 318 
535 318 
2 319 
15 319 
21 319 
47 319 
183 319 
301 319 
527 319 
589 319 
635 319 
683 319 
24 320 
67 320 
151 320 
248 320 
256 320 
260 320 
405 320 
502 320 
513 320 
718 320 
828 320 
951 320 
1 321 
29 321 
30 321 
46 321 
78 321 
114 321 
762 321 
9 322 
22 322 
27 322 
115 322 
123 322 
135 322 
328 322 
476 322 
591 322 
702 322 
875 322 
936 322 
2 323 
7 323 
8 323 
23 323 
24 323 
260 323 
327 323 
458 323 
653 323 
971 323 
1 324 
4 324 
9 324 
74 324 
208 324 
279 324 
361 324 
523 324 
763 324 
767 324 
781 324 
973 324 
6 325 
37 325 
86 325 
104 325 
132 325 
173 325 
604 325 
916 325 
24 326 
37 326 
74 326 
97 326 
129 326 
208 326 
7 327 
8 327 
11 327 
24 327 
93 327 
323 327 
389 327 
458 327 
537 327 
860 327 
913 327 
8 328 
9 328 
57 328 
73 328 
123 328 
322 328 
476 328 
696 328 
954 328 
2 329 
16 329 
83 329 
84 329 
118 329 
266 329 
786 329 
1 330 
31 330 
93 330 
132 330 
300 330 
304 330 
409 330 
445 330 
631 330 
844 330 
938 330 
90 331 
110 331 
123 331 
129 331 
225 331 
229 331 
414 331 
636 331 
792 331 
48 332 
61 332 
213 332 
222 332 
231 332 
265 332 
355 332 
608 332 
615 332 
716 332 
805 332 
955 332 
27 333 
41 333 
121 333 
123 333 
194 333 
282 333 
344 333 
573 333 
663 333 
669 333 
813 333 
25 334 
61 334 
72 334 
186 334 
231 334 
268 334 
606 334 
656 334 
828 334 
990 334 
4 335 
7 335 
22 335 
23 335 
141 335 
243 335 
387 335 
1 336 
4 336 
16 336 
43 336 
95 336 
298 336 
411 336 
500 336 
646 336 
852 336 
857 336 
964 336 
5 337 
18 337 
32 337 
70 337 
136 337 
252 337 
396 337 
927 337 
8 338 
11 338 
44 338 
64 338 
92 338 
186 338 
380 338 
625 338 
677 338 
955 338 
971 338 
1 339 
16 339 
30 339 
31 339 
238 339 
402 339 
544 339 
559 339 
776 339 
836 339 
878 339 
13 340 
26 340 
71 340 
173 340 
215 340 
302 340 
430 340 
480 340 
508 340 
567 340 
681 340 
785 340 
868 340 
2 341 
27 341 
91 341 
132 341 
248 341 
318 341 
390 341 
506 341 
629 341 
702 341 
879 341 
961 341 
68 342 
129 342 
229 342 
272 342 
278 342 
307 342 
344 342 
384 342 
627 342 
932 342 
19 343 
130 343 
171 343 
212 343 
219 343 
234 343 
391 343 
612 343 
642 343 
772 343 
820 343 
827 343 
855 343 
947 343 
966 343 
123 344 
278 344 
282 344 
307 344 
333 344 
342 344 
384 344 
450 344 
627 344 
5 345 
9 345 
68 345 
89 345 
113 345 
254 345 
654 345 
868 345 
873 345 
4 346 
99 346 
187 346 
215 346 
302 346 
306 346 
428 346 
499 346 
526 346 
594 346 
9 347 
10 347 
69 347 
89 347 
177 347 
196 347 
997 347 
5 348 
6 348 
41 348 
90 348 
220 348 
404 348 
416 348 
446 348 
450 348 
565 348 
587 348 
672 348 
744 348 
2 349 
8 349 
86 349 
101 349 
276 349 
296 349 
498 349 
693 349 
800 349 
6 350 
10 350 
23 350 
121 350 
136 350 
252 350 
407 350 
542 350 
6 351 
21 351 
63 351 
106 351 
125 351 
292 351 
365 351 
503 351 
732 351 
904 351 
928 351 
996 351 
1 352 
137 352 
190 352 
206 352 
243 352 
304 352 
462 352 
624 352 
716 352 
717 352 
958 352 
3 353 
12 353 
16 353 
19 353 
38 353 
271 353 
497 353 
516 353 
540 353 
553 353 
554 353 
598 353 
650 353 
729 353 
757 353 
910 353 
3 354 
29 354 
55 354 
102 354 
216 354 
313 354 
436 354 
444 354 
487 354 
10 355 
14 355 
61 355 
211 355 
265 355 
332 355 
582 355 
613 355 
615 355 
639 355 
691 355 
716 355 
905 355 
9 356 
51 356 
83 356 
104 356 
247 356 
286 356 
426 356 
456 356 
572 356 
711 356 
898 356 
3 357 
6 357 
30 357 
57 357 
68 357 
115 357 
549 357 
665 357 
11 358 
18 358 
30 358 
40 358 
52 358 
148 358 
543 358 
801 358 
1 359 
2 359 
16 359 
52 359 
53 359 
91 359 
423 359 
5 360 
47 360 
267 360 
272 360 
309 360 
708 360 
864 360 
902 360 
980 360 
4 361 
9 361 
86 361 
128 361 
146 361 
324 361 
409 361 
671 361 
22 362 
123 362 
153 362 
229 362 
282 362 
287 362 
516 362 
528 362 
765 362 
942 362 
1 363 
14 363 
95 363 
107 363 
110 363 
274 363 
379 363 
381 363 
433 363 
438 363 
761 363 
783 363 
799 363 
8 364 
13 364 
17 364 
35 364 
134 364 
262 364 
880 364 
8 365 
21 365 
38 365 
125 365 
305 365 
351 365 
659 365 
793 365 
8 366 
19 366 
38 366 
174 366 
188 366 
217 366 
369 366 
427 366 
675 366 
758 366 
856 366 
977 366 
9 367 
115 367 
141 367 
144 367 
208 367 
243 367 
584 367 
610 367 
672 367 
5 368 
113 368 
192 368 
211 368 
237 368 
283 368 
414 368 
595 368 
774 368 
796 368 
851 368 
959 368 
38 369 
48 369 
188 369 
209 369 
217 369 
366 369 
427 369 
458 369 
758 369 
856 369 
931 369 
949 369 
25 370 
54 370 
66 370 
72 370 
127 370 
310 370 
495 370 
832 370 
915 370 
25 371 
26 371 
60 371 
100 371 
108 371 
292 371 
758 371 
968 371 
1 372 
14 372 
174 372 
239 372 
290 372 
308 372 
498 372 
871 372 
27 373 
61 373 
229 373 
265 373 
282 373 
289 373 
510 373 
641 373 
699 373 
835 373 
909 373 
5 374 
7 374 
12 374 
47 374 
244 374 
270 374 
420 374 
732 374 
848 374 
9 375 
21 375 
68 375 
125 375 
247 375 
304 375 
443 375 
749 375 
2 376 
31 376 
48 376 
138 376 
152 376 
209 376 
407 376 
461 376 
522 376 
8 377 
10 377 
14 377 
37 377 
77 377 
197 377 
412 377 
457 377 
509 377 
623 377 
630 377 
734 377 
748 377 
780 377 
846 377 
900 377 
9 378 
26 378 
98 378 
115 378 
278 378 
307 378 
639 378 
5 379 
14 379 
99 379 
110 379 
113 379 
363 379 
433 379 
524 379 
619 379 
630 379 
698 379 
756 379 
783 379 
799 379 
852 379 
9 380 
11 380 
64 380 
90 380 
189 380 
338 380 
625 380 
847 380 
95 381 
107 381 
208 381 
214 381 
224 381 
363 381 
438 381 
808 381 
858 381 
917 381 
945 381 
26 382 
56 382 
61 382 
62 382 
75 382 
94 382 
809 382 
962 382 
4 383 
6 383 
70 383 
81 383 
197 383 
245 383 
405 383 
538 383 
756 383 
797 383 
923 383 
41 384 
50 384 
212 384 
307 384 
342 384 
344 384 
627 384 
12 385 
66 385 
93 385 
139 385 
256 385 
267 385 
464 385 
539 385 
710 385 
860 385 
896 385 
3 386 
21 386 
90 386 
111 386 
115 386 
123 386 
420 386 
441 386 
453 386 
530 386 
633 386 
808 386 
2 387 
7 387 
22 387 
51 387 
162 387 
335 387 
725 387 
923 387 
31 388 
54 388 
102 388 
210 388 
260 388 
312 388 
541 388 
8 389 
21 389 
24 389 
267 389 
272 389 
327 389 
493 389 
602 389 
655 389 
818 389 
2 390 
48 390 
62 390 
248 390 
286 390 
341 390 
442 390 
482 390 
506 390 
702 390 
705 390 
773 390 
878 390 
907 390 
910 390 
943 390 
61 391 
95 391 
152 391 
171 391 
234 391 
343 391 
550 391 
642 391 
820 391 
1 392 
77 392 
80 392 
91 392 
178 392 
234 392 
505 392 
511 392 
567 392 
595 392 
760 392 
810 392 
850 392 
5 393 
13 393 
34 393 
47 393 
143 393 
183 393 
512 393 
622 393 
636 393 
830 393 
843 393 
912 393 
934 393 
30 394 
35 394 
90 394 
187 394 
197 394 
246 394 
528 394 
834 394 
5 395 
9 395 
14 395 
20 395 
200 395 
204 395 
396 395 
401 395 
434 395 
651 395 
749 395 
791 395 
816 395 
927 395 
991 395 
5 396 
20 396 
136 396 
252 396 
337 396 
395 396 
434 396 
467 396 
472 396 
548 396 
651 396 
805 396 
18 397 
19 397 
21 397 
55 397 
139 397 
303 397 
462 397 
540 397 
544 397 
800 397 
9 398 
20 398 
26 398 
37 398 
112 398 
131 398 
410 398 
571 398 
667 398 
678 398 
787 398 
841 398 
13 399 
21 399 
74 399 
189 399 
246 399 
279 399 
670 399 
870 399 
2 400 
38 400 
40 400 
123 400 
127 400 
181 400 
933 400 
9 401 
14 401 
170 401 
200 401 
281 401 
395 401 
476 401 
568 401 
14 402 
30 402 
31 402 
113 402 
221 402 
339 402 
403 402 
413 402 
479 402 
544 402 
559 402 
608 402 
753 402 
824 402 
846 402 
983 402 
10 403 
26 403 
30 403 
31 403 
99 403 
402 403 
658 403 
753 403 
846 403 
993 403 
5 404 
17 404 
41 404 
63 404 
292 404 
348 404 
448 404 
578 404 
587 404 
645 404 
680 404 
688 404 
745 404 
824 404 
950 404 
957 404 
997 404 
4 405 
24 405 
67 405 
70 405 
320 405 
383 405 
502 405 
704 405 
923 405 
7 406 
12 406 
71 406 
97 406 
100 406 
139 406 
432 406 
472 406 
559 406 
747 406 
830 406 
913 406 
921 406 
993 406 
2 407 
23 407 
121 407 
209 407 
350 407 
376 407 
542 407 
637 407 
10 408 
22 408 
36 408 
59 408 
94 408 
114 408 
460 408 
643 408 
744 408 
31 409 
128 409 
146 409 
300 409 
330 409 
361 409 
709 409 
754 409 
802 409 
9 410 
26 410 
32 410 
157 410 
314 410 
398 410 
571 410 
678 410 
733 410 
787 410 
829 410 
930 410 
937 410 
952 410 
16 411 
52 411 
120 411 
148 411 
298 411 
336 411 
581 411 
646 411 
891 411 
982 411 
10 412 
89 412 
119 412 
187 412 
197 412 
377 412 
457 412 
509 412 
726 412 
734 412 
780 412 
876 412 
13 413 
113 413 
173 413 
192 413 
221 413 
402 413 
570 413 
859 413 
983 413 
110 414 
211 414 
225 414 
283 414 
331 414 
368 414 
595 414 
636 414 
792 414 
796 414 
2 415 
8 415 
53 415 
80 415 
112 415 
130 415 
423 415 
469 415 
713 415 
786 415 
839 415 
887 415 
897 415 
1 416 
6 416 
90 416 
107 416 
141 416 
348 416 
446 416 
490 416 
744 416 
783 416 
6 417 
63 417 
167 417 
249 417 
251 417 
255 417 
710 417 
736 417 
2 418 
4 418 
27 418 
70 418 
229 418 
305 418 
682 418 
845 418 
928 418 
13 419 
45 419 
67 419 
71 419 
94 419 
114 419 
539 419 
881 419 
998 419 
12 420 
21 420 
90 420 
270 420 
374 420 
386 420 
531 420 
732 420 
778 420 
80 421 
244 421 
262 421 
263 421 
270 421 
316 421 
506 421 
975 421 
10 422 
28 422 
51 422 
54 422 
156 422 
310 422 
1 423 
53 423 
80 423 
112 423 
359 423 
415 423 
10 424 
13 424 
49 424 
59 424 
116 424 
195 424 
442 424 
452 424 
671 424 
773 424 
2 425 
24 425 
54 425 
66 425 
68 425 
120 425 
533 425 
664 425 
692 425 
776 425 
837 425 
6 426 
9 426 
230 426 
232 426 
247 426 
356 426 
11 427 
166 427 
169 427 
188 427 
366 427 
369 427 
473 427 
767 427 
794 427 
71 428 
100 428 
115 428 
215 428 
302 428 
346 428 
11 429 
12 429 
24 429 
68 429 
93 429 
241 429 
474 429 
806 429 
874 429 
4 430 
5 430 
7 430 
26 430 
302 430 
340 430 
567 430 
581 430 
738 430 
785 430 
796 430 
882 430 
2 431 
11 431 
12 431 
175 431 
193 431 
274 431 
699 431 
720 431 
838 431 
948 431 
16 432 
24 432 
71 432 
100 432 
238 432 
406 432 
449 432 
577 432 
649 432 
712 432 
22 433 
110 433 
174 433 
290 433 
363 433 
379 433 
5 434 
66 434 
137 434 
242 434 
395 434 
396 434 
563 434 
651 434 
749 434 
905 434 
927 434 
989 434 
991 434 
48 435 
85 435 
135 435 
213 435 
214 435 
232 435 
896 435 
1 436 
55 436 
81 436 
216 436 
275 436 
354 436 
487 436 
650 436 
692 436 
25 437 
48 437 
60 437 
175 437 
211 437 
222 437 
441 437 
452 437 
525 437 
797 437 
5 438 
91 438 
107 438 
145 438 
363 438 
381 438 
4 439 
32 439 
65 439 
119 439 
199 439 
317 439 
125 440 
213 440 
217 440 
237 440 
266 440 
287 440 
511 440 
547 440 
826 440 
839 440 
894 440 
3 441 
48 441 
123 441 
222 441 
386 441 
437 441 
453 441 
489 441 
525 441 
808 441 
48 442 
116 442 
195 442 
286 442 
390 442 
424 442 
482 442 
671 442 
705 442 
842 442 
878 442 
33 443 
68 443 
79 443 
103 443 
304 443 
375 443 
469 443 
987 443 
3 444 
9 444 
29 444 
77 444 
170 444 
354 444 
573 444 
766 444 
775 444 
1 445 
5 445 
31 445 
32 445 
132 445 
330 445 
47 446 
60 446 
90 446 
309 446 
348 446 
416 446 
450 446 
491 446 
611 446 
21 447 
47 447 
55 447 
134 447 
137 447 
284 447 
566 447 
586 447 
627 447 
638 447 
948 447 
6 448 
17 448 
26 448 
292 448 
302 448 
404 448 
578 448 
645 448 
782 448 
933 448 
24 449 
41 449 
223 449 
235 449 
238 449 
432 449 
577 449 
743 449 
90 450 
123 450 
282 450 
344 450 
348 450 
446 450 
491 450 
555 450 
612 450 
11 451 
54 451 
120 451 
142 451 
149 451 
155 451 
455 451 
25 452 
59 452 
60 452 
116 452 
424 452 
437 452 
467 452 
649 452 
660 452 
768 452 
790 452 
926 452 
942 452 
945 452 
3 453 
48 453 
222 453 
386 453 
441 453 
489 453 
9 454 
96 454 
134 454 
137 454 
254 454 
315 454 
507 454 
509 454 
11 455 
28 455 
58 455 
120 455 
253 455 
451 455 
465 455 
51 456 
59 456 
104 456 
175 456 
193 456 
356 456 
507 456 
651 456 
711 456 
738 456 
764 456 
903 456 
965 456 
5 457 
9 457 
10 457 
122 457 
377 457 
412 457 
509 457 
726 457 
806 457 
876 457 
900 457 
979 457 
24 458 
38 458 
209 458 
323 458 
327 458 
369 458 
537 458 
557 458 
843 458 
866 458 
913 458 
949 458 
2 459 
3 459 
17 459 
50 459 
117 459 
307 459 
524 459 
652 459 
911 459 
22 460 
25 460 
94 460 
273 460 
408 460 
466 460 
532 460 
572 460 
10 461 
138 461 
150 461 
152 461 
279 461 
376 461 
501 461 
873 461 
963 461 
1 462 
21 462 
55 462 
190 462 
352 462 
397 462 
657 462 
716 462 
800 462 
10 463 
39 463 
64 463 
126 463 
155 463 
203 463 
678 463 
946 463 
17 464 
93 464 
108 464 
126 464 
139 464 
385 464 
539 464 
710 464 
918 464 
7 465 
11 465 
93 465 
120 465 
262 465 
455 465 
784 465 
8 466 
22 466 
244 466 
273 466 
280 466 
460 466 
532 466 
886 466 
59 467 
116 467 
136 467 
252 467 
396 467 
452 467 
472 467 
519 467 
649 467 
660 467 
763 467 
768 467 
801 467 
805 467 
37 468 
56 468 
66 468 
77 468 
126 468 
170 468 
504 468 
668 468 
700 468 
822 468 
929 468 
953 468 
954 468 
961 468 
8 469 
53 469 
68 469 
304 469 
415 469 
443 469 
786 469 
839 469 
867 469 
987 469 
5 470 
6 470 
128 470 
183 470 
189 470 
193 470 
789 470 
51 471 
104 471 
115 471 
135 471 
185 471 
278 471 
697 471 
759 471 
935 471 
975 471 
97 472 
100 472 
252 472 
396 472 
406 472 
467 472 
805 472 
993 472 
20 473 
42 473 
166 473 
169 473 
219 473 
427 473 
12 474 
93 474 
243 474 
250 474 
277 474 
429 474 
748 474 
874 474 
1 475 
9 475 
14 475 
30 475 
187 475 
296 475 
9 476 
170 476 
322 476 
328 476 
401 476 
702 476 
936 476 
940 476 
954 476 
3 477 
6 477 
27 477 
46 477 
140 477 
142 477 
624 477 
722 477 
803 477 
3 478 
17 478 
72 478 
81 478 
127 478 
275 478 
494 478 
522 478 
601 478 
893 478 
6 479 
14 479 
113 479 
128 479 
132 479 
402 479 
517 479 
608 479 
616 479 
621 479 
622 479 
750 479 
26 480 
39 480 
79 480 
155 480 
215 480 
340 480 
641 480 
681 480 
768 480 
930 480 
10 481 
56 481 
118 481 
126 481 
128 481 
221 481 
978 481 
2 482 
4 482 
48 482 
301 482 
390 482 
442 482 
705 482 
842 482 
907 482 
1 483 
9 483 
20 483 
90 483 
187 483 
200 483 
486 483 
673 483 
686 483 
689 483 
9 484 
23 484 
29 484 
54 484 
205 484 
299 484 
3 485 
8 485 
43 485 
88 485 
151 485 
179 485 
750 485 
840 485 
6 486 
17 486 
22 486 
90 486 
200 486 
483 486 
599 486 
686 486 
807 486 
5 487 
16 487 
216 487 
298 487 
354 487 
436 487 
618 487 
2 488 
20 488 
25 488 
70 488 
199 488 
250 488 
515 488 
722 488 
770 488 
922 488 
48 489 
50 489 
71 489 
301 489 
441 489 
453 489 
575 489 
706 489 
107 490 
137 490 
141 490 
172 490 
242 490 
416 490 
35 491 
90 491 
105 491 
154 491 
446 491 
450 491 
555 491 
937 491 
13 492 
24 492 
67 492 
192 492 
230 492 
237 492 
8 493 
21 493 
71 493 
115 493 
267 493 
389 493 
602 493 
11 494 
17 494 
97 494 
127 494 
188 494 
478 494 
522 494 
679 494 
785 494 
872 494 
25 495 
54 495 
66 495 
244 495 
252 495 
370 495 
681 495 
694 495 
9 496 
17 496 
20 496 
77 496 
79 496 
98 496 
569 496 
586 496 
3 497 
12 497 
47 497 
55 497 
76 497 
353 497 
562 497 
598 497 
632 497 
729 497 
889 497 
1 498 
2 498 
276 498 
290 498 
349 498 
372 498 
871 498 
974 498 
7 499 
33 499 
187 499 
255 499 
306 499 
346 499 
594 499 
596 499 
802 499 
865 499 
32 500 
43 500 
95 500 
190 500 
314 500 
336 500 
525 500 
815 500 
852 500 
920 500 
10 501 
66 501 
96 501 
267 501 
279 501 
461 501 
804 501 
859 501 
65 502 
67 502 
83 502 
171 502 
320 502 
405 502 
660 502 
828 502 
6 503 
8 503 
39 503 
186 503 
292 503 
351 503 
668 503 
889 503 
26 504 
32 504 
37 504 
170 504 
180 504 
468 504 
3 505 
77 505 
80 505 
83 505 
164 505 
392 505 
558 505 
628 505 
731 505 
244 506 
248 506 
316 506 
341 506 
390 506 
421 506 
134 507 
137 507 
175 507 
193 507 
454 507 
456 507 
509 507 
530 507 
605 507 
647 507 
903 507 
988 507 
13 508 
26 508 
71 508 
107 508 
180 508 
340 508 
644 508 
862 508 
134 509 
377 509 
412 509 
454 509 
457 509 
507 509 
530 509 
726 509 
900 509 
27 510 
59 510 
84 510 
163 510 
282 510 
373 510 
909 510 
91 511 
125 511 
178 511 
217 511 
392 511 
440 511 
567 511 
999 511 
34 512 
84 512 
89 512 
143 512 
177 512 
393 512 
590 512 
622 512 
636 512 
48 513 
84 513 
151 513 
240 513 
248 513 
320 513 
661 513 
892 513 
951 513 
969 513 
25 514 
75 514 
85 514 
264 514 
268 514 
318 514 
552 514 
6 515 
20 515 
30 515 
70 515 
90 515 
488 515 
648 515 
922 515 
12 516 
16 516 
22 516 
153 516 
353 516 
362 516 
553 516 
580 516 
662 516 
986 516 
4 517 
14 517 
113 517 
204 517 
239 517 
479 517 
622 517 
869 517 
30 518 
130 518 
164 518 
199 518 
259 518 
315 518 
686 518 
698 518 
715 518 
901 518 
951 518 
10 519 
59 519 
92 519 
116 519 
128 519 
467 519 
763 519 
801 519 
8 520 
32 520 
49 520 
130 520 
149 520 
190 520 
546 520 
669 520 
709 520 
60 521 
61 521 
69 521 
96 521 
152 521 
278 521 
538 521 
588 521 
687 521 
729 521 
17 522 
48 522 
209 522 
376 522 
478 522 
494 522 
679 522 
785 522 
811 522 
1 523 
4 523 
123 523 
169 523 
324 523 
3 524 
5 524 
17 524 
99 524 
379 524 
459 524 
48 525 
190 525 
314 525 
437 525 
441 525 
500 525 
682 525 
815 525 
4 526 
11 526 
19 526 
139 526 
215 526 
346 526 
907 526 
2 527 
15 527 
135 527 
224 527 
288 527 
319 527 
35 528 
153 528 
246 528 
287 528 
362 528 
394 528 
529 528 
765 528 
885 528 
942 528 
35 529 
153 529 
246 529 
287 529 
528 529 
754 529 
885 529 
3 530 
115 530 
134 530 
386 530 
507 530 
509 530 
633 530 
647 530 
5 531 
21 531 
90 531 
138 531 
267 531 
420 531 
576 531 
22 532 
69 532 
84 532 
177 532 
460 532 
466 532 
572 532 
585 532 
886 532 
2 533 
11 533 
13 533 
68 533 
229 533 
425 533 
576 533 
684 533 
719 533 
886 533 
20 534 
29 534 
32 534 
35 534 
36 534 
219 534 
582 534 
690 534 
952 534 
3 535 
132 535 
145 535 
190 535 
314 535 
318 535 
564 535 
833 535 
21 536 
181 536 
187 536 
200 536 
204 536 
264 536 
601 536 
2 537 
5 537 
24 537 
178 537 
327 537 
458 537 
774 537 
866 537 
913 537 
4 538 
69 538 
245 538 
278 538 
383 538 
521 538 
554 538 
756 538 
67 539 
71 539 
139 539 
385 539 
419 539 
464 539 
710 539 
881 539 
18 540 
38 540 
139 540 
271 540 
353 540 
397 540 
554 540 
3 541 
9 541 
54 541 
127 541 
210 541 
388 541 
29 542 
43 542 
121 542 
122 542 
350 542 
407 542 
11 543 
52 543 
92 543 
236 543 
261 543 
358 543 
21 544 
31 544 
303 544 
339 544 
397 544 
402 544 
559 544 
824 544 
8 545 
70 545 
75 545 
93 545 
245 545 
293 545 
583 545 
619 545 
811 545 
817 545 
869 545 
32 546 
41 546 
179 546 
190 546 
223 546 
520 546 
669 546 
89 547 
187 547 
213 547 
217 547 
306 547 
440 547 
839 547 
2 548 
5 548 
16 548 
20 548 
178 548 
396 548 
4 549 
6 549 
57 549 
58 549 
277 549 
357 549 
8 550 
61 550 
88 550 
104 550 
152 550 
391 550 
552 550 
589 550 
752 550 
974 550 
6 551 
17 551 
23 551 
59 551 
195 551 
292 551 
724 551 
742 551 
772 551 
816 551 
949 551 
75 552 
88 552 
104 552 
264 552 
514 552 
550 552 
974 552 
16 553 
47 553 
103 553 
216 553 
353 553 
516 553 
69 554 
271 554 
278 554 
353 554 
538 554 
540 554 
41 555 
55 555 
90 555 
183 555 
450 555 
491 555 
788 555 
937 555 
27 556 
30 556 
31 556 
76 556 
239 556 
308 556 
4 557 
18 557 
38 557 
124 557 
209 557 
458 557 
625 557 
730 557 
778 557 
843 557 
920 557 
3 558 
31 558 
46 558 
67 558 
83 558 
505 558 
628 558 
731 558 
7 559 
12 559 
339 559 
402 559 
406 559 
544 559 
733 559 
830 559 
861 559 
921 559 
1 560 
6 560 
126 560 
146 560 
188 560 
203 560 
787 560 
887 560 
8 561 
11 561 
64 561 
90 561 
106 561 
189 561 
574 561 
844 561 
906 561 
47 562 
76 562 
99 562 
113 562 
166 562 
497 562 
632 562 
889 562 
912 562 
2 563 
12 563 
66 563 
137 563 
238 563 
434 563 
831 563 
19 564 
48 564 
145 564 
271 564 
314 564 
535 564 
788 564 
833 564 
11 565 
19 565 
90 565 
142 565 
220 565 
348 565 
672 565 
757 565 
840 565 
47 566 
55 566 
66 566 
96 566 
249 566 
447 566 
638 566 
823 566 
884 566 
941 566 
26 567 
178 567 
340 567 
392 567 
430 567 
511 567 
868 567 
8 568 
14 568 
24 568 
28 568 
200 568 
401 568 
960 568 
9 569 
17 569 
29 569 
46 569 
67 569 
496 569 
701 569 
4 570 
113 570 
221 570 
243 570 
277 570 
413 570 
634 570 
9 571 
93 571 
139 571 
223 571 
398 571 
410 571 
733 571 
787 571 
841 571 
22 572 
83 572 
247 572 
356 572 
460 572 
532 572 
3 573 
27 573 
29 573 
123 573 
333 573 
444 573 
663 573 
669 573 
8 574 
13 574 
42 574 
90 574 
106 574 
561 574 
844 574 
50 575 
71 575 
167 575 
242 575 
255 575 
489 575 
706 575 
735 575 
968 575 
13 576 
21 576 
90 576 
229 576 
531 576 
533 576 
837 576 
47 577 
60 577 
238 577 
278 577 
432 577 
449 577 
649 577 
666 577 
983 577 
6 578 
35 578 
247 578 
292 578 
404 578 
448 578 
950 578 
1 579 
21 579 
96 579 
137 579 
138 579 
679 579 
694 579 
4 580 
12 580 
16 580 
28 580 
248 580 
516 580 
662 580 
26 581 
120 581 
148 581 
302 581 
411 581 
430 581 
693 581 
738 581 
796 581 
882 581 
982 581 
1000 581 
20 582 
32 582 
61 582 
265 582 
355 582 
534 582 
613 582 
690 582 
700 582 
926 582 
8 583 
12 583 
58 583 
70 583 
310 583 
545 583 
817 583 
976 583 
126 584 
137 584 
141 584 
144 584 
199 584 
367 584 
597 584 
672 584 
890 584 
69 585 
135 585 
177 585 
244 585 
308 585 
532 585 
821 585 
893 585 
20 586 
21 586 
79 586 
134 586 
447 586 
496 586 
5 587 
14 587 
187 587 
204 587 
348 587 
404 587 
691 587 
997 587 
6 588 
18 588 
60 588 
144 588 
278 588 
521 588 
607 588 
2 589 
61 589 
152 589 
301 589 
319 589 
550 589 
2 590 
40 590 
84 590 
89 590 
238 590 
512 590 
1 591 
5 591 
22 591 
135 591 
138 591 
322 591 
592 591 
683 591 
922 591 
1 592 
5 592 
229 592 
272 592 
305 592 
591 592 
676 592 
683 592 
771 592 
856 592 
3 593 
83 593 
105 593 
125 593 
165 593 
213 593 
618 593 
708 593 
823 593 
903 593 
11 594 
169 594 
175 594 
187 594 
346 594 
499 594 
663 594 
802 594 
77 595 
234 595 
283 595 
368 595 
392 595 
414 595 
774 595 
796 595 
1000 595 
6 596 
33 596 
131 596 
255 596 
302 596 
499 596 
829 596 
865 596 
953 596 
39 597 
79 597 
103 597 
126 597 
137 597 
584 597 
3 598 
22 598 
45 598 
114 598 
353 598 
497 598 
757 598 
910 598 
986 598 
6 599 
22 599 
27 599 
31 599 
98 599 
486 599 
807 599 
41 600 
75 600 
105 600 
121 600 
138 600 
300 600 
17 601 
72 601 
187 601 
200 601 
478 601 
536 601 
21 602 
116 602 
195 602 
220 602 
389 602 
493 602 
5 603 
21 603 
26 603 
61 603 
90 603 
205 603 
605 603 
6 604 
10 604 
26 604 
86 604 
279 604 
325 604 
654 604 
26 605 
134 605 
137 605 
205 605 
507 605 
603 605 
662 605 
793 605 
51 606 
61 606 
88 606 
185 606 
231 606 
334 606 
609 606 
943 606 
6 607 
144 607 
205 607 
225 607 
285 607 
588 607 
689 607 
924 607 
939 607 
113 608 
213 608 
222 608 
332 608 
402 608 
479 608 
805 608 
955 608 
988 608 
10 609 
37 609 
51 609 
129 609 
185 609 
606 609 
943 609 
39 610 
103 610 
115 610 
182 610 
208 610 
367 610 
666 610 
47 611 
135 611 
232 611 
293 611 
309 611 
446 611 
718 611 
759 611 
123 612 
212 612 
219 612 
282 612 
343 612 
450 612 
2 613 
24 613 
258 613 
265 613 
355 613 
582 613 
639 613 
730 613 
3 614 
46 614 
78 614 
86 614 
165 614 
271 614 
4 615 
19 615 
257 615 
265 615 
332 615 
355 615 
670 615 
126 616 
128 616 
132 616 
199 616 
259 616 
479 616 
882 616 
10 617 
97 617 
140 617 
175 617 
213 617 
276 617 
626 617 
790 617 
3 618 
16 618 
83 618 
298 618 
487 618 
593 618 
14 619 
75 619 
93 619 
110 619 
379 619 
545 619 
811 619 
3 620 
14 620 
21 620 
86 620 
96 620 
249 620 
6 621 
10 621 
128 621 
206 621 
243 621 
479 621 
784 621 
14 622 
143 622 
393 622 
479 622 
512 622 
517 622 
750 622 
869 622 
8 623 
30 623 
57 623 
73 623 
197 623 
377 623 
741 623 
846 623 
6 624 
137 624 
140 624 
243 624 
352 624 
477 624 
803 624 
919 624 
4 625 
11 625 
124 625 
338 625 
380 625 
557 625 
955 625 
10 626 
14 626 
23 626 
36 626 
140 626 
617 626 
790 626 
134 627 
137 627 
342 627 
344 627 
384 627 
447 627 
3 628 
4 628 
26 628 
302 628 
505 628 
558 628 
731 628 
27 629 
132 629 
147 629 
163 629 
184 629 
341 629 
8 630 
10 630 
99 630 
113 630 
377 630 
379 630 
698 630 
721 630 
756 630 
769 630 
26 631 
54 631 
93 631 
299 631 
304 631 
330 631 
831 631 
6 632 
8 632 
47 632 
101 632 
497 632 
562 632 
3 633 
4 633 
250 633 
277 633 
386 633 
530 633 
4 634 
28 634 
170 634 
243 634 
253 634 
570 634 
9 635 
15 635 
65 635 
111 635 
301 635 
319 635 
683 635 
858 635 
946 635 
992 635 
34 636 
110 636 
331 636 
393 636 
414 636 
512 636 
792 636 
843 636 
2 637 
8 637 
13 637 
112 637 
209 637 
407 637 
791 637 
12 638 
47 638 
191 638 
274 638 
447 638 
566 638 
817 638 
861 638 
884 638 
948 638 
9 639 
26 639 
265 639 
355 639 
378 639 
613 639 
657 639 
730 639 
735 639 
742 639 
935 639 
1 640 
27 640 
84 640 
89 640 
169 640 
266 640 
798 640 
908 640 
26 641 
215 641 
229 641 
282 641 
373 641 
480 641 
699 641 
768 641 
930 641 
8 642 
171 642 
244 642 
316 642 
343 642 
391 642 
947 642 
964 642 
10 643 
59 643 
224 643 
232 643 
288 643 
408 643 
870 643 
888 643 
26 644 
41 644 
55 644 
107 644 
216 644 
508 644 
815 644 
862 644 
17 645 
177 645 
203 645 
404 645 
448 645 
932 645 
933 645 
4 646 
7 646 
16 646 
168 646 
336 646 
411 646 
857 646 
20 647 
37 647 
59 647 
134 647 
507 647 
530 647 
760 647 
5 648 
6 648 
14 648 
30 648 
211 648 
515 648 
59 649 
238 649 
432 649 
452 649 
467 649 
577 649 
768 649 
790 649 
942 649 
1 650 
3 650 
16 650 
81 650 
353 650 
436 650 
692 650 
739 650 
59 651 
193 651 
395 651 
396 651 
434 651 
456 651 
927 651 
2 652 
11 652 
13 652 
20 652 
50 652 
459 652 
1 653 
7 653 
22 653 
23 653 
27 653 
323 653 
809 653 
957 653 
5 654 
10 654 
113 654 
279 654 
345 654 
604 654 
814 654 
868 654 
7 655 
8 655 
12 655 
24 655 
57 655 
389 655 
818 655 
76 656 
186 656 
230 656 
231 656 
232 656 
334 656 
828 656 
990 656 
9 657 
21 657 
26 657 
55 657 
462 657 
639 657 
735 657 
935 657 
10 658 
22 658 
26 658 
244 658 
273 658 
403 658 
993 658 
2 659 
8 659 
38 659 
294 659 
307 659 
365 659 
65 660 
116 660 
171 660 
452 660 
467 660 
502 660 
48 661 
151 661 
240 661 
277 661 
306 661 
513 661 
892 661 
12 662 
26 662 
205 662 
516 662 
580 662 
605 662 
793 662 
989 662 
11 663 
123 663 
169 663 
333 663 
573 663 
594 663 
669 663 
2 664 
28 664 
51 664 
54 664 
66 664 
425 664 
745 664 
1 665 
25 665 
68 665 
115 665 
123 665 
357 665 
47 666 
60 666 
115 666 
208 666 
577 666 
610 666 
983 666 
9 667 
130 667 
131 667 
219 667 
263 667 
398 667 
8 668 
39 668 
56 668 
66 668 
468 668 
503 668 
736 668 
762 668 
889 668 
32 669 
333 669 
520 669 
546 669 
573 669 
663 669 
19 670 
189 670 
246 670 
257 670 
399 670 
615 670 
717 670 
4 671 
9 671 
195 671 
361 671 
424 671 
442 671 
141 672 
220 672 
348 672 
367 672 
565 672 
584 672 
757 672 
890 672 
41 673 
56 673 
90 673 
180 673 
187 673 
483 673 
689 673 
995 673 
8 674 
9 674 
23 674 
37 674 
255 674 
273 674 
8 675 
10 675 
14 675 
36 675 
38 675 
366 675 
959 675 
1 676 
5 676 
13 676 
80 676 
299 676 
592 676 
856 676 
890 676 
915 676 
978 676 
19 677 
44 677 
64 677 
124 677 
204 677 
338 677 
728 677 
971 677 
10 678 
26 678 
126 678 
398 678 
410 678 
463 678 
911 678 
930 678 
1 679 
17 679 
138 679 
494 679 
522 679 
579 679 
694 679 
785 679 
1 680 
17 680 
25 680 
54 680 
63 680 
404 680 
688 680 
745 680 
25 681 
215 681 
252 681 
340 681 
480 681 
495 681 
190 682 
229 682 
305 682 
314 682 
418 682 
525 682 
720 682 
928 682 
1 683 
301 683 
319 683 
591 683 
592 683 
635 683 
946 683 
6 684 
11 684 
13 684 
174 684 
188 684 
533 684 
719 684 
886 684 
939 684 
1 685 
16 685 
17 685 
24 685 
52 685 
54 685 
895 685 
967 685 
30 686 
200 686 
315 686 
483 686 
486 686 
518 686 
715 686 
39 687 
64 687 
96 687 
152 687 
167 687 
521 687 
729 687 
2 688 
17 688 
53 688 
91 688 
404 688 
680 688 
187 689 
205 689 
285 689 
483 689 
607 689 
673 689 
32 690 
34 690 
50 690 
312 690 
534 690 
582 690 
999 690 
14 691 
204 691 
211 691 
355 691 
587 691 
723 691 
905 691 
24 692 
68 692 
81 692 
425 692 
436 692 
650 692 
739 692 
776 692 
958 692 
26 693 
86 693 
101 693 
302 693 
349 693 
581 693 
800 693 
25 694 
138 694 
244 694 
495 694 
579 694 
679 694 
7 695 
45 695 
60 695 
91 695 
172 695 
214 695 
755 695 
799 695 
838 695 
8 696 
57 696 
71 696 
294 696 
301 696 
328 696 
714 696 
835 696 
925 696 
135 697 
197 697 
261 697 
278 697 
298 697 
471 697 
975 697 
99 698 
164 698 
259 698 
379 698 
518 698 
630 698 
756 698 
11 699 
193 699 
229 699 
373 699 
431 699 
641 699 
37 700 
61 700 
77 700 
265 700 
468 700 
582 700 
753 700 
779 700 
926 700 
929 700 
4 701 
12 701 
15 701 
29 701 
46 701 
569 701 
2 702 
9 702 
322 702 
341 702 
390 702 
476 702 
936 702 
7 703 
13 703 
60 703 
97 703 
192 703 
211 703 
4 704 
19 704 
52 704 
70 704 
234 704 
405 704 
97 705 
161 705 
280 705 
390 705 
442 705 
482 705 
878 705 
54 706 
71 706 
72 706 
312 706 
489 706 
575 706 
735 706 
821 706 
825 706 
58 707 
136 707 
149 707 
157 707 
159 707 
237 707 
3 708 
165 708 
267 708 
272 708 
360 708 
593 708 
812 708 
864 708 
903 708 
31 709 
49 709 
130 709 
300 709 
409 709 
520 709 
802 709 
982 709 
251 710 
255 710 
385 710 
417 710 
464 710 
539 710 
4 711 
10 711 
32 711 
51 711 
356 711 
456 711 
738 711 
780 711 
898 711 
16 712 
24 712 
85 712 
175 712 
213 712 
432 712 
2 713 
27 713 
35 713 
36 713 
53 713 
415 713 
897 713 
914 713 
4 714 
8 714 
57 714 
85 714 
264 714 
696 714 
835 714 
43 715 
179 715 
202 715 
315 715 
518 715 
686 715 
984 715 
1 716 
61 716 
332 716 
352 716 
355 716 
462 716 
1 717 
189 717 
246 717 
304 717 
352 717 
670 717 
901 717 
67 718 
135 718 
232 718 
260 718 
320 718 
611 718 
819 718 
1 719 
13 719 
22 719 
290 719 
533 719 
684 719 
2 720 
12 720 
190 720 
314 720 
431 720 
682 720 
838 720 
948 720 
4 721 
7 721 
26 721 
99 721 
113 721 
630 721 
2 722 
25 722 
46 722 
140 722 
477 722 
488 722 
14 723 
29 723 
102 723 
211 723 
251 723 
691 723 
17 724 
37 724 
281 724 
292 724 
316 724 
551 724 
772 724 
7 725 
22 725 
56 725 
223 725 
235 725 
387 725 
27 726 
129 726 
215 726 
412 726 
457 726 
509 726 
747 726 
794 726 
998 726 
6 727 
10 727 
86 727 
92 727 
101 727 
162 727 
888 727 
44 728 
64 728 
227 728 
242 728 
311 728 
677 728 
12 729 
152 729 
353 729 
497 729 
521 729 
687 729 
4 730 
18 730 
265 730 
557 730 
613 730 
639 730 
742 730 
29 731 
67 731 
88 731 
505 731 
558 731 
628 731 
898 731 
106 732 
125 732 
270 732 
351 732 
374 732 
420 732 
778 732 
996 732 
7 733 
9 733 
12 733 
410 733 
559 733 
571 733 
861 733 
119 734 
181 734 
197 734 
264 734 
377 734 
412 734 
780 734 
9 735 
71 735 
575 735 
639 735 
657 735 
706 735 
6 736 
8 736 
39 736 
63 736 
417 736 
668 736 
762 736 
941 736 
980 736 
4 737 
6 737 
8 737 
34 737 
51 737 
286 737 
851 737 
26 738 
51 738 
430 738 
456 738 
581 738 
711 738 
780 738 
1000 738 
1 739 
39 739 
81 739 
288 739 
650 739 
692 739 
12 740 
14 740 
21 740 
57 740 
89 740 
244 740 
979 740 
3 741 
57 741 
73 741 
160 741 
165 741 
623 741 
814 741 
23 742 
195 742 
265 742 
551 742 
639 742 
730 742 
816 742 
949 742 
4 743 
41 743 
143 743 
223 743 
235 743 
449 743 
6 744 
10 744 
36 744 
348 744 
408 744 
416 744 
2 745 
28 745 
63 745 
404 745 
664 745 
680 745 
824 745 
1 746 
14 746 
73 746 
188 746 
217 746 
239 746 
807 746 
944 746 
12 747 
27 747 
129 747 
139 747 
406 747 
726 747 
794 747 
12 748 
14 748 
37 748 
93 748 
377 748 
474 748 
900 748 
992 748 
5 749 
68 749 
247 749 
375 749 
395 749 
434 749 
963 749 
989 749 
991 749 
14 750 
88 750 
151 750 
479 750 
485 750 
622 750 
32 751 
107 751 
168 751 
226 751 
285 751 
291 751 
883 751 
8 752 
20 752 
80 752 
88 752 
234 752 
550 752 
31 753 
61 753 
265 753 
402 753 
403 753 
700 753 
128 754 
146 754 
153 754 
287 754 
409 754 
529 754 
7 755 
60 755 
132 755 
146 755 
198 755 
695 755 
245 756 
379 756 
383 756 
538 756 
630 756 
698 756 
797 756 
3 757 
220 757 
353 757 
565 757 
598 757 
672 757 
910 757 
986 757 
60 758 
100 758 
217 758 
366 758 
369 758 
371 758 
856 758 
931 758 
968 758 
104 759 
185 759 
232 759 
293 759 
471 759 
611 759 
1 760 
37 760 
59 760 
91 760 
392 760 
647 760 
810 760 
850 760 
4 761 
14 761 
19 761 
239 761 
274 761 
363 761 
8 762 
46 762 
78 762 
321 762 
668 762 
736 762 
941 762 
1 763 
9 763 
59 763 
324 763 
467 763 
519 763 
801 763 
973 763 
1 764 
59 764 
175 764 
176 764 
201 764 
456 764 
877 764 
884 764 
965 764 
8 765 
100 765 
153 765 
269 765 
362 765 
528 765 
4 766 
77 766 
170 766 
228 766 
241 766 
444 766 
11 767 
166 767 
208 767 
279 767 
324 767 
427 767 
781 767 
794 767 
26 768 
452 768 
467 768 
480 768 
641 768 
649 768 
930 768 
942 768 
8 769 
10 769 
119 769 
264 769 
275 769 
630 769 
921 769 
21 770 
55 770 
70 770 
196 770 
199 770 
488 770 
880 770 
1 771 
3 771 
229 771 
272 771 
275 771 
592 771 
825 771 
827 771 
19 772 
234 772 
292 772 
343 772 
551 772 
724 772 
827 772 
855 772 
59 773 
62 773 
195 773 
286 773 
390 773 
424 773 
910 773 
925 773 
970 773 
2 774 
178 774 
283 774 
368 774 
537 774 
595 774 
1000 774 
2 775 
9 775 
53 775 
77 775 
276 775 
444 775 
1 776 
68 776 
238 776 
339 776 
425 776 
692 776 
958 776 
4 777 
14 777 
71 777 
124 777 
167 777 
204 777 
973 777 
18 778 
124 778 
270 778 
420 778 
557 778 
732 778 
2 779 
37 779 
77 779 
213 779 
217 779 
700 779 
826 779 
51 780 
377 780 
412 780 
711 780 
734 780 
738 780 
8 781 
57 781 
87 781 
279 781 
324 781 
767 781 
17 782 
22 782 
25 782 
292 782 
448 782 
1 783 
14 783 
107 783 
363 783 
379 783 
416 783 
799 783 
852 783 
6 784 
93 784 
128 784 
262 784 
465 784 
621 784 
302 785 
340 785 
430 785 
494 785 
522 785 
679 785 
8 786 
84 786 
266 786 
329 786 
415 786 
469 786 
839 786 
867 786 
887 786 
126 787 
146 787 
398 787 
410 787 
560 787 
571 787 
19 788 
41 788 
55 788 
271 788 
555 788 
564 788 
876 788 
8 789 
97 789 
100 789 
183 789 
189 789 
470 789 
857 789 
59 790 
140 790 
452 790 
617 790 
626 790 
649 790 
926 790 
8 791 
14 791 
112 791 
204 791 
395 791 
637 791 
816 791 
832 791 
853 791 
14 792 
23 792 
37 792 
331 792 
414 792 
636 792 
845 792 
21 793 
26 793 
125 793 
365 793 
605 793 
662 793 
989 793 
11 794 
27 794 
427 794 
726 794 
747 794 
767 794 
14 795 
18 795 
19 795 
39 795 
120 795 
142 795 
972 795 
995 795 
302 796 
368 796 
414 796 
430 796 
581 796 
595 796 
882 796 
175 797 
222 797 
245 797 
383 797 
437 797 
756 797 
1 798 
48 798 
84 798 
89 798 
640 798 
45 799 
214 799 
363 799 
379 799 
695 799 
783 799 
55 800 
101 800 
349 800 
397 800 
462 800 
693 800 
18 801 
30 801 
358 801 
467 801 
519 801 
763 801 
31 802 
187 802 
409 802 
499 802 
594 802 
709 802 
6 803 
18 803 
140 803 
252 803 
477 803 
624 803 
919 803 
2 804 
10 804 
178 804 
248 804 
279 804 
501 804 
859 804 
213 805 
332 805 
396 805 
467 805 
472 805 
608 805 
955 805 
988 805 
5 806 
11 806 
12 806 
122 806 
429 806 
457 806 
6 807 
14 807 
73 807 
486 807 
599 807 
746 807 
95 808 
107 808 
123 808 
381 808 
386 808 
441 808 
858 808 
895 808 
1 809 
26 809 
27 809 
56 809 
382 809 
653 809 
957 809 
1 810 
2 810 
51 810 
62 810 
392 810 
760 810 
914 810 
48 811 
93 811 
209 811 
522 811 
545 811 
619 811 
3 812 
17 812 
18 812 
165 812 
222 812 
708 812 
18 813 
121 813 
124 813 
194 813 
313 813 
333 813 
5 814 
113 814 
160 814 
165 814 
654 814 
741 814 
41 815 
216 815 
314 815 
500 815 
525 815 
644 815 
14 816 
23 816 
395 816 
551 816 
742 816 
791 816 
949 816 
12 817 
70 817 
274 817 
545 817 
583 817 
638 817 
861 817 
8 818 
12 818 
44 818 
389 818 
655 818 
27 819 
31 819 
67 819 
260 819 
300 819 
718 819 
112 820 
130 820 
234 820 
263 820 
343 820 
391 820 
853 820 
54 821 
69 821 
177 821 
312 821 
585 821 
706 821 
825 821 
25 822 
56 822 
126 822 
129 822 
215 822 
468 822 
866 822 
950 822 
961 822 
66 823 
96 823 
105 823 
213 823 
566 823 
593 823 
31 824 
63 824 
402 824 
404 824 
544 824 
745 824 
1 825 
54 825 
275 825 
706 825 
771 825 
821 825 
827 825 
213 826 
217 826 
237 826 
287 826 
440 826 
779 826 
894 826 
1 827 
19 827 
343 827 
771 827 
772 827 
825 827 
67 828 
186 828 
320 828 
334 828 
502 828 
656 828 
990 828 
9 829 
26 829 
33 829 
255 829 
410 829 
596 829 
952 829 
953 829 
962 829 
12 830 
13 830 
143 830 
393 830 
406 830 
559 830 
2 831 
26 831 
238 831 
299 831 
563 831 
631 831 
908 831 
8 832 
54 832 
112 832 
310 832 
370 832 
791 832 
853 832 
33 833 
273 833 
283 833 
314 833 
535 833 
564 833 
4 834 
151 834 
197 834 
246 834 
256 834 
394 834 
57 835 
265 835 
289 835 
373 835 
696 835 
714 835 
1 836 
16 836 
69 836 
206 836 
238 836 
339 836 
2 837 
13 837 
24 837 
229 837 
425 837 
576 837 
7 838 
12 838 
91 838 
431 838 
695 838 
720 838 
217 839 
415 839 
440 839 
469 839 
547 839 
786 839 
867 839 
19 840 
43 840 
142 840 
179 840 
485 840 
565 840 
9 841 
65 841 
68 841 
268 841 
398 841 
571 841 
981 841 
48 842 
130 842 
149 842 
315 842 
442 842 
482 842 
34 843 
209 843 
393 843 
458 843 
557 843 
636 843 
934 843 
90 844 
132 844 
300 844 
330 844 
561 844 
574 844 
938 844 
2 845 
14 845 
37 845 
70 845 
418 845 
792 845 
8 846 
30 846 
377 846 
402 846 
403 846 
623 846 
9 847 
59 847 
90 847 
169 847 
175 847 
380 847 
863 847 
5 848 
7 848 
11 848 
104 848 
188 848 
374 848 
90 849 
133 849 
182 849 
194 849 
218 849 
225 849 
987 849 
2 850 
8 850 
70 850 
91 850 
392 850 
760 850 
991 850 
4 851 
5 851 
6 851 
283 851 
368 851 
737 851 
14 852 
43 852 
336 852 
379 852 
500 852 
783 852 
920 852 
964 852 
8 853 
112 853 
263 853 
791 853 
820 853 
832 853 
54 854 
106 854 
120 854 
213 854 
253 854 
276 854 
902 854 
7 855 
8 855 
234 855 
255 855 
343 855 
772 855 
1 856 
366 856 
369 856 
592 856 
676 856 
758 856 
931 856 
8 857 
16 857 
97 857 
336 857 
646 857 
789 857 
9 858 
95 858 
111 858 
381 858 
635 858 
808 858 
871 858 
917 858 
13 859 
173 859 
279 859 
413 859 
501 859 
804 859 
7 860 
11 860 
66 860 
256 860 
327 860 
385 860 
7 861 
274 861 
559 861 
638 861 
733 861 
817 861 
26 862 
89 862 
113 862 
166 862 
508 862 
644 862 
34 863 
59 863 
140 863 
169 863 
231 863 
847 863 
132 864 
198 864 
236 864 
267 864 
360 864 
708 864 
20 865 
33 865 
62 865 
94 865 
499 865 
596 865 
24 866 
56 866 
126 866 
458 866 
537 866 
822 866 
14 867 
90 867 
200 867 
469 867 
786 867 
839 867 
26 868 
113 868 
340 868 
345 868 
567 868 
654 868 
14 869 
93 869 
293 869 
517 869 
545 869 
622 869 
13 870 
232 870 
279 870 
288 870 
399 870 
643 870 
888 870 
9 871 
111 871 
290 871 
372 871 
498 871 
858 871 
17 872 
97 872 
108 872 
188 872 
259 872 
494 872 
5 873 
89 873 
150 873 
279 873 
345 873 
461 873 
26 874 
93 874 
131 874 
302 874 
429 874 
474 874 
1 875 
22 875 
24 875 
27 875 
311 875 
322 875 
10 876 
41 876 
55 876 
412 876 
457 876 
788 876 
979 876 
1 877 
27 877 
132 877 
201 877 
300 877 
764 877 
884 877 
1 878 
30 878 
339 878 
390 878 
442 878 
705 878 
55 879 
91 879 
103 879 
248 879 
284 879 
341 879 
961 879 
17 880 
70 880 
134 880 
199 880 
364 880 
770 880 
56 881 
71 881 
99 881 
290 881 
419 881 
539 881 
969 881 
977 881 
128 882 
132 882 
430 882 
581 882 
616 882 
796 882 
6 883 
17 883 
109 883 
168 883 
291 883 
751 883 
929 883 
1 884 
47 884 
566 884 
638 884 
764 884 
877 884 
9 885 
14 885 
77 885 
153 885 
528 885 
529 885 
938 885 
11 886 
22 886 
466 886 
532 886 
533 886 
684 886 
8 887 
146 887 
203 887 
415 887 
560 887 
786 887 
6 888 
86 888 
288 888 
643 888 
727 888 
870 888 
8 889 
76 889 
497 889 
503 889 
562 889 
668 889 
1 890 
5 890 
141 890 
584 890 
672 890 
676 890 
915 890 
21 891 
52 891 
148 891 
183 891 
269 891 
411 891 
4 892 
10 892 
41 892 
240 892 
513 892 
661 892 
969 892 
81 893 
244 893 
275 893 
308 893 
478 893 
585 893 
8 894 
11 894 
168 894 
237 894 
440 894 
826 894 
16 895 
52 895 
95 895 
107 895 
685 895 
808 895 
967 895 
12 896 
85 896 
93 896 
213 896 
385 896 
435 896 
2 897 
14 897 
27 897 
308 897 
415 897 
713 897 
51 898 
67 898 
88 898 
356 898 
711 898 
731 898 
21 899 
138 899 
159 899 
161 899 
267 899 
295 899 
14 900 
377 900 
457 900 
509 900 
748 900 
130 901 
189 901 
246 901 
315 901 
518 901 
717 901 
951 901 
47 902 
54 902 
106 902 
309 902 
360 902 
854 902 
3 903 
193 903 
456 903 
507 903 
593 903 
708 903 
6 904 
35 904 
63 904 
261 904 
292 904 
351 904 
928 904 
14 905 
66 905 
242 905 
355 905 
434 905 
691 905 
8 906 
28 906 
64 906 
151 906 
561 906 
11 907 
19 907 
48 907 
390 907 
482 907 
526 907 
2 908 
89 908 
238 908 
266 908 
640 908 
831 908 
956 908 
6 909 
27 909 
34 909 
312 909 
373 909 
510 909 
62 910 
353 910 
390 910 
598 910 
757 910 
773 910 
970 910 
986 910 
10 911 
50 911 
126 911 
307 911 
459 911 
678 911 
5 912 
47 912 
99 912 
166 912 
393 912 
562 912 
7 913 
139 913 
327 913 
406 913 
458 913 
537 913 
2 914 
51 914 
53 914 
62 914 
713 914 
810 914 
1 915 
25 915 
72 915 
370 915 
676 915 
890 915 
21 916 
104 916 
106 916 
111 916 
173 916 
325 916 
29 917 
95 917 
210 917 
251 917 
381 917 
858 917 
7 918 
17 918 
25 918 
108 918 
211 918 
464 918 
6 919 
140 919 
249 919 
282 919 
624 919 
803 919 
38 920 
43 920 
209 920 
500 920 
557 920 
852 920 
7 921 
119 921 
275 921 
406 921 
559 921 
769 921 
5 922 
70 922 
138 922 
488 922 
515 922 
591 922 
2 923 
70 923 
162 923 
383 923 
387 923 
405 923 
4 924 
55 924 
76 924 
205 924 
225 924 
607 924 
939 924 
59 925 
71 925 
195 925 
301 925 
696 925 
773 925 
59 926 
265 926 
452 926 
582 926 
700 926 
790 926 
945 926 
18 927 
252 927 
337 927 
395 927 
434 927 
651 927 
292 928 
305 928 
351 928 
418 928 
682 928 
904 928 
17 929 
77 929 
109 929 
468 929 
700 929 
883 929 
26 930 
410 930 
480 930 
641 930 
678 930 
768 930 
937 930 
29 931 
78 931 
313 931 
369 931 
758 931 
856 931 
68 932 
177 932 
203 932 
278 932 
342 932 
645 932 
2 933 
17 933 
38 933 
400 933 
448 933 
645 933 
34 934 
54 934 
95 934 
96 934 
393 934 
843 934 
26 935 
115 935 
135 935 
471 935 
639 935 
657 935 
6 936 
22 936 
174 936 
322 936 
476 936 
702 936 
26 937 
90 937 
410 937 
491 937 
555 937 
930 937 
9 938 
14 938 
132 938 
330 938 
844 938 
885 938 
11 939 
13 939 
225 939 
607 939 
684 939 
924 939 
9 940 
29 940 
98 940 
170 940 
210 940 
476 940 
8 941 
47 941 
55 941 
566 941 
736 941 
762 941 
287 942 
362 942 
452 942 
528 942 
649 942 
768 942 
48 943 
62 943 
185 943 
390 943 
606 943 
609 943 
1 944 
59 944 
166 944 
217 944 
295 944 
746 944 
59 945 
208 945 
224 945 
381 945 
452 945 
926 945 
10 946 
203 946 
301 946 
463 946 
635 946 
683 946 
4 947 
15 947 
171 947 
176 947 
343 947 
642 947 
2 948 
47 948 
431 948 
447 948 
638 948 
720 948 
209 949 
369 949 
458 949 
551 949 
742 949 
816 949 
25 950 
215 950 
292 950 
404 950 
578 950 
822 950 
248 951 
315 951 
320 951 
513 951 
518 951 
901 951 
9 952 
29 952 
35 952 
410 952 
534 952 
829 952 
33 953 
77 953 
170 953 
468 953 
596 953 
829 953 
954 953 
994 953 
9 954 
77 954 
328 954 
468 954 
476 954 
953 954 
994 954 
11 955 
332 955 
338 955 
608 955 
625 955 
805 955 
988 955 
2 956 
3 956 
43 956 
72 956 
238 956 
908 956 
1 957 
63 957 
292 957 
404 957 
653 957 
809 957 
68 958 
206 958 
243 958 
352 958 
692 958 
776 958 
14 959 
36 959 
113 959 
237 959 
368 959 
675 959 
8 960 
11 960 
28 960 
89 960 
118 960 
568 960 
985 960 
126 961 
248 961 
341 961 
468 961 
822 961 
879 961 
9 962 
26 962 
56 962 
61 962 
382 962 
829 962 
68 963 
138 963 
152 963 
247 963 
461 963 
749 963 
8 964 
43 964 
244 964 
336 964 
642 964 
852 964 
175 965 
179 965 
223 965 
289 965 
456 965 
764 965 
1 966 
32 966 
42 966 
130 966 
219 966 
343 966 
16 967 
105 967 
152 967 
300 967 
685 967 
895 967 
100 968 
167 968 
242 968 
371 968 
575 968 
758 968 
56 969 
240 969 
290 969 
513 969 
881 969 
892 969 
977 969 
37 970 
62 970 
170 970 
316 970 
773 970 
910 970 
24 971 
44 971 
260 971 
323 971 
338 971 
677 971 
14 972 
25 972 
27 972 
39 972 
135 972 
795 972 
995 972 
1 973 
4 973 
124 973 
324 973 
763 973 
777 973 
2 974 
104 974 
276 974 
498 974 
550 974 
552 974 
80 975 
262 975 
278 975 
421 975 
471 975 
697 975 
6 976 
12 976 
30 976 
144 976 
310 976 
583 976 
56 977 
174 977 
188 977 
366 977 
881 977 
969 977 
10 978 
13 978 
56 978 
299 978 
481 978 
676 978 
10 979 
14 979 
89 979 
457 979 
740 979 
876 979 
5 980 
6 980 
63 980 
309 980 
360 980 
736 980 
6 981 
65 981 
105 981 
138 981 
268 981 
841 981 
31 982 
148 982 
300 982 
411 982 
581 982 
709 982 
60 983 
221 983 
402 983 
413 983 
577 983 
666 983 
43 984 
138 984 
152 984 
202 984 
300 984 
715 984 
3 985 
4 985 
8 985 
28 985 
960 985 
22 986 
153 986 
516 986 
598 986 
757 986 
910 986 
68 987 
133 987 
218 987 
443 987 
469 987 
849 987 
175 988 
193 988 
507 988 
608 988 
805 988 
955 988 
5 989 
26 989 
434 989 
662 989 
749 989 
793 989 
72 990 
268 990 
334 990 
656 990 
828 990 
2 991 
70 991 
395 991 
434 991 
749 991 
850 991 
14 992 
37 992 
65 992 
111 992 
635 992 
748 992 
26 993 
100 993 
403 993 
406 993 
472 993 
658 993 
14 994 
28 994 
77 994 
191 994 
953 994 
954 994 
39 995 
41 995 
56 995 
673 995 
795 995 
972 995 
9 996 
106 996 
208 996 
214 996 
351 996 
732 996 
5 997 
89 997 
177 997 
347 997 
404 997 
587 997 
27 998 
45 998 
94 998 
215 998 
419 998 
726 998 
50 999 
91 999 
178 999 
312 999 
511 999 
690 999 
26 1000 
283 1000 
581 1000 
595 1000 
738 1000 
774 1000 
